0	1	1.0
1	2	1.0
1	3	1.0
3	4	1.0
3	5	1.0
3	6	1.0
6	7	1.0
6	8	1.0
6	9	1.0
9	10	1.0
9	11	1.0
9	12	1.0
9	13	1.0
9	14	1.0
9	15	1.0
9	16	1.0
9	17	1.0
9	18	1.0
9	19	1.0
9	20	1.0
9	21	1.0
9	22	1.0
9	23	1.0
23	24	1.0
23	25	1.0
23	26	1.0
26	27	1.0
26	28	1.0
26	29	1.0
26	30	1.0
23	31	1.0
23	32	1.0
23	33	1.0
23	34	1.0
23	35	1.0
23	36	1.0
23	37	1.0
23	38	1.0
23	39	1.0
23	40	1.0
23	41	1.0
23	42	1.0
23	43	1.0
23	44	1.0
23	45	1.0
23	46	1.0
23	47	1.0
23	48	1.0
23	49	1.0
23	50	1.0
23	51	1.0
23	52	1.0
23	53	1.0
23	54	1.0
23	55	1.0
23	56	1.0
23	57	1.0
23	58	1.0
23	59	1.0
23	60	1.0
23	61	1.0
23	62	1.0
23	63	1.0
23	64	1.0
23	65	1.0
23	66	1.0
23	67	1.0
23	68	1.0
23	69	1.0
23	70	1.0
23	71	1.0
23	72	1.0
23	73	1.0
23	74	1.0
23	75	1.0
23	76	1.0
23	77	1.0
23	78	1.0
23	79	1.0
23	80	1.0
23	81	1.0
23	82	1.0
23	83	1.0
23	84	1.0
23	85	1.0
23	86	1.0
23	87	1.0
23	88	1.0
23	89	1.0
23	90	1.0
23	91	1.0
23	92	1.0
23	93	1.0
23	94	1.0
23	95	1.0
23	96	1.0
23	97	1.0
23	98	1.0
23	99	1.0
23	100	1.0
23	101	1.0
23	102	1.0
23	103	1.0
103	104	1.0
103	105	1.0
103	106	1.0
103	107	1.0
103	108	1.0
23	109	1.0
23	110	1.0
23	111	1.0
23	112	1.0
112	113	1.0
112	114	1.0
112	115	1.0
112	116	1.0
112	117	1.0
112	118	1.0
112	119	1.0
112	120	1.0
112	121	1.0
112	122	1.0
112	123	1.0
112	124	1.0
112	125	1.0
112	126	1.0
112	127	1.0
112	128	1.0
112	129	1.0
129	130	1.0
129	131	1.0
129	132	1.0
129	133	1.0
129	134	1.0
129	135	1.0
129	136	1.0
129	137	1.0
129	138	1.0
129	139	1.0
129	140	1.0
129	141	1.0
129	142	1.0
129	143	1.0
129	144	1.0
129	145	1.0
129	146	1.0
129	147	1.0
129	148	1.0
129	149	1.0
129	150	1.0
129	151	1.0
129	152	1.0
129	153	1.0
129	154	1.0
129	155	1.0
129	156	1.0
129	157	1.0
129	158	1.0
129	159	1.0
129	160	1.0
129	161	1.0
129	162	1.0
129	163	1.0
129	164	1.0
129	165	1.0
129	166	1.0
129	167	1.0
129	168	1.0
129	169	1.0
129	170	1.0
129	171	1.0
129	172	1.0
129	173	1.0
129	174	1.0
129	175	1.0
129	176	1.0
129	177	1.0
129	178	1.0
129	179	1.0
129	180	1.0
129	181	1.0
129	182	1.0
129	183	1.0
129	184	1.0
129	185	1.0
129	186	1.0
129	187	1.0
129	188	1.0
129	189	1.0
129	190	1.0
129	191	1.0
129	192	1.0
129	193	1.0
129	194	1.0
129	195	1.0
129	196	1.0
129	197	1.0
129	198	1.0
129	199	1.0
129	200	1.0
129	201	1.0
129	202	1.0
129	203	1.0
129	204	1.0
129	205	1.0
129	206	1.0
129	207	1.0
129	208	1.0
129	209	1.0
129	210	1.0
129	211	1.0
129	212	1.0
129	213	1.0
129	214	1.0
129	215	1.0
129	216	1.0
129	217	1.0
129	218	1.0
129	219	1.0
129	220	1.0
129	221	1.0
129	222	1.0
129	223	1.0
129	224	1.0
129	225	1.0
129	226	1.0
129	227	1.0
129	228	1.0
129	229	1.0
129	230	1.0
129	231	1.0
129	232	1.0
129	233	1.0
129	234	1.0
129	235	1.0
129	236	1.0
129	237	1.0
129	238	1.0
129	239	1.0
129	240	1.0
129	241	1.0
129	242	1.0
129	243	1.0
129	244	1.0
129	245	1.0
129	246	1.0
129	247	1.0
129	248	1.0
129	249	1.0
129	250	1.0
129	251	1.0
129	252	1.0
129	253	1.0
129	254	1.0
254	255	1.0
254	256	1.0
254	257	1.0
254	258	1.0
254	259	1.0
129	260	1.0
129	261	1.0
129	262	1.0
129	263	1.0
129	264	1.0
129	265	1.0
129	266	1.0
129	267	1.0
129	268	1.0
129	269	1.0
129	270	1.0
129	271	1.0
129	272	1.0
129	273	1.0
129	274	1.0
129	275	1.0
129	276	1.0
129	277	1.0
129	278	1.0
129	279	1.0
129	280	1.0
129	281	1.0
129	282	1.0
129	283	1.0
129	284	1.0
129	285	1.0
129	286	1.0
129	287	1.0
129	288	1.0
129	289	1.0
129	290	1.0
129	291	1.0
129	292	1.0
129	293	1.0
129	294	1.0
129	295	1.0
129	296	1.0
129	297	1.0
129	298	1.0
129	299	1.0
129	300	1.0
129	301	1.0
129	302	1.0
129	303	1.0
129	304	1.0
129	305	1.0
129	306	1.0
129	307	1.0
129	308	1.0
129	309	1.0
129	310	1.0
129	311	1.0
129	312	1.0
129	313	1.0
129	314	1.0
129	315	1.0
129	316	1.0
129	317	1.0
129	318	1.0
129	319	1.0
129	320	1.0
129	321	1.0
129	322	1.0
129	323	1.0
129	324	1.0
129	325	1.0
129	326	1.0
129	327	1.0
129	328	1.0
129	329	1.0
129	330	1.0
129	331	1.0
129	332	1.0
129	333	1.0
129	334	1.0
129	335	1.0
129	336	1.0
129	337	1.0
129	338	1.0
338	339	1.0
338	340	1.0
338	341	1.0
338	342	1.0
129	343	1.0
129	344	1.0
129	345	1.0
129	346	1.0
129	347	1.0
129	348	1.0
129	349	1.0
129	350	1.0
129	351	1.0
129	352	1.0
129	353	1.0
129	354	1.0
129	355	1.0
129	356	1.0
129	357	1.0
129	358	1.0
129	359	1.0
129	360	1.0
129	361	1.0
129	362	1.0
129	363	1.0
129	364	1.0
129	365	1.0
129	366	1.0
129	367	1.0
129	368	1.0
129	369	1.0
129	370	1.0
129	371	1.0
129	372	1.0
129	373	1.0
129	374	1.0
129	375	1.0
129	376	1.0
129	377	1.0
129	378	1.0
129	379	1.0
129	380	1.0
129	381	1.0
129	382	1.0
129	383	1.0
129	384	1.0
129	385	1.0
129	386	1.0
129	387	1.0
129	388	1.0
129	389	1.0
129	390	1.0
129	391	1.0
129	392	1.0
129	393	1.0
129	394	1.0
129	395	1.0
129	396	1.0
129	397	1.0
129	398	1.0
129	399	1.0
129	400	1.0
129	401	1.0
129	402	1.0
129	403	1.0
129	404	1.0
129	405	1.0
129	406	1.0
129	407	1.0
129	408	1.0
129	409	1.0
129	410	1.0
129	411	1.0
129	412	1.0
129	413	1.0
129	414	1.0
129	415	1.0
129	416	1.0
129	417	1.0
129	418	1.0
129	419	1.0
129	420	1.0
129	421	1.0
129	422	1.0
129	423	1.0
129	424	1.0
129	425	1.0
129	426	1.0
129	427	1.0
129	428	1.0
129	429	1.0
129	430	1.0
129	431	1.0
129	432	1.0
129	433	1.0
129	434	1.0
129	435	1.0
129	436	1.0
129	437	1.0
129	438	1.0
129	439	1.0
129	440	1.0
129	441	1.0
129	442	1.0
442	443	1.0
442	444	1.0
442	445	1.0
442	446	1.0
442	447	1.0
442	448	1.0
129	449	1.0
449	450	1.0
449	451	1.0
449	452	1.0
449	453	1.0
449	454	1.0
129	455	1.0
129	456	1.0
129	457	1.0
129	458	1.0
129	459	1.0
459	460	1.0
459	461	1.0
459	462	1.0
459	463	1.0
459	464	1.0
459	465	1.0
459	466	1.0
459	467	1.0
459	468	1.0
129	469	1.0
129	470	1.0
129	471	1.0
129	472	1.0
129	473	1.0
129	474	1.0
129	475	1.0
129	476	1.0
129	477	1.0
129	478	1.0
129	479	1.0
129	480	1.0
129	481	1.0
129	482	1.0
129	483	1.0
129	484	1.0
129	485	1.0
129	486	1.0
129	487	1.0
129	488	1.0
129	489	1.0
129	490	1.0
129	491	1.0
129	492	1.0
129	493	1.0
129	494	1.0
129	495	1.0
129	496	1.0
129	497	1.0
129	498	1.0
129	499	1.0
129	500	1.0
129	501	1.0
129	502	1.0
129	503	1.0
129	504	1.0
129	505	1.0
129	506	1.0
129	507	1.0
129	508	1.0
129	509	1.0
129	510	1.0
129	511	1.0
129	512	1.0
129	513	1.0
129	514	1.0
129	515	1.0
129	516	1.0
129	517	1.0
129	518	1.0
129	519	1.0
129	520	1.0
129	521	1.0
129	522	1.0
129	523	1.0
129	524	1.0
129	525	1.0
129	526	1.0
129	527	1.0
129	528	1.0
129	529	1.0
129	530	1.0
129	531	1.0
129	532	1.0
129	533	1.0
129	534	1.0
129	535	1.0
129	536	1.0
129	537	1.0
129	538	1.0
129	539	1.0
129	540	1.0
129	541	1.0
129	542	1.0
129	543	1.0
129	544	1.0
129	545	1.0
545	546	1.0
545	547	1.0
545	548	1.0
545	549	1.0
545	550	1.0
545	551	1.0
545	552	1.0
545	553	1.0
545	554	1.0
545	555	1.0
545	556	1.0
545	557	1.0
545	558	1.0
545	559	1.0
545	560	1.0
545	561	1.0
545	562	1.0
545	563	1.0
545	564	1.0
545	565	1.0
545	566	1.0
566	567	1.0
566	568	1.0
566	569	1.0
566	570	1.0
545	571	1.0
545	572	1.0
545	573	1.0
545	574	1.0
545	575	1.0
545	576	1.0
545	577	1.0
545	578	1.0
545	579	1.0
545	580	1.0
545	581	1.0
545	582	1.0
545	583	1.0
545	584	1.0
545	585	1.0
545	586	1.0
545	587	1.0
545	588	1.0
545	589	1.0
545	590	1.0
545	591	1.0
545	592	1.0
545	593	1.0
545	594	1.0
545	595	1.0
545	596	1.0
545	597	1.0
545	598	1.0
545	599	1.0
545	600	1.0
545	601	1.0
545	602	1.0
545	603	1.0
545	604	1.0
545	605	1.0
545	606	1.0
545	607	1.0
545	608	1.0
545	609	1.0
545	610	1.0
545	611	1.0
545	612	1.0
545	613	1.0
545	614	1.0
545	615	1.0
545	616	1.0
545	617	1.0
545	618	1.0
545	619	1.0
545	620	1.0
545	621	1.0
545	622	1.0
545	623	1.0
545	624	1.0
545	625	1.0
545	626	1.0
545	627	1.0
545	628	1.0
545	629	1.0
129	630	1.0
129	631	1.0
129	632	1.0
129	633	1.0
129	634	1.0
129	635	1.0
129	636	1.0
129	637	1.0
129	638	1.0
129	639	1.0
129	640	1.0
129	641	1.0
129	642	1.0
129	643	1.0
129	644	1.0
129	645	1.0
129	646	1.0
129	647	1.0
129	648	1.0
129	649	1.0
129	650	1.0
129	651	1.0
129	652	1.0
129	653	1.0
129	654	1.0
129	655	1.0
129	656	1.0
129	657	1.0
129	658	1.0
129	659	1.0
129	660	1.0
129	661	1.0
129	662	1.0
129	663	1.0
663	664	1.0
663	665	1.0
663	666	1.0
663	667	1.0
663	668	1.0
663	669	1.0
669	670	1.0
669	671	1.0
669	672	1.0
669	673	1.0
669	674	1.0
669	675	1.0
669	676	1.0
669	677	1.0
669	678	1.0
669	679	1.0
669	680	1.0
669	681	1.0
669	682	1.0
669	683	1.0
669	684	1.0
669	685	1.0
669	686	1.0
669	687	1.0
669	688	1.0
669	689	1.0
669	690	1.0
669	691	1.0
669	692	1.0
669	693	1.0
669	694	1.0
669	695	1.0
669	696	1.0
669	697	1.0
669	698	1.0
669	699	1.0
669	700	1.0
669	701	1.0
669	702	1.0
669	703	1.0
669	704	1.0
669	705	1.0
669	706	1.0
669	707	1.0
669	708	1.0
669	709	1.0
669	710	1.0
669	711	1.0
669	712	1.0
669	713	1.0
669	714	1.0
669	715	1.0
669	716	1.0
669	717	1.0
669	718	1.0
669	719	1.0
669	720	1.0
669	721	1.0
669	722	1.0
669	723	1.0
723	724	1.0
723	725	1.0
723	726	1.0
723	727	1.0
723	728	1.0
669	729	1.0
669	730	1.0
669	731	1.0
669	732	1.0
669	733	1.0
669	734	1.0
669	735	1.0
669	736	1.0
669	737	1.0
669	738	1.0
669	739	1.0
669	740	1.0
669	741	1.0
669	742	1.0
669	743	1.0
669	744	1.0
669	745	1.0
669	746	1.0
669	747	1.0
669	748	1.0
669	749	1.0
669	750	1.0
669	751	1.0
669	752	1.0
669	753	1.0
669	754	1.0
669	755	1.0
669	756	1.0
669	757	1.0
669	758	1.0
669	759	1.0
669	760	1.0
669	761	1.0
669	762	1.0
669	763	1.0
669	764	1.0
669	765	1.0
669	766	1.0
669	767	1.0
669	768	1.0
669	769	1.0
669	770	1.0
669	771	1.0
669	772	1.0
669	773	1.0
669	774	1.0
669	775	1.0
669	776	1.0
669	777	1.0
669	778	1.0
669	779	1.0
669	780	1.0
669	781	1.0
669	782	1.0
669	783	1.0
669	784	1.0
669	785	1.0
669	786	1.0
669	787	1.0
669	788	1.0
669	789	1.0
669	790	1.0
669	791	1.0
669	792	1.0
669	793	1.0
669	794	1.0
669	795	1.0
669	796	1.0
669	797	1.0
669	798	1.0
669	799	1.0
669	800	1.0
669	801	1.0
669	802	1.0
669	803	1.0
669	804	1.0
669	805	1.0
669	806	1.0
669	807	1.0
669	808	1.0
669	809	1.0
669	810	1.0
669	811	1.0
669	812	1.0
669	813	1.0
669	814	1.0
669	815	1.0
669	816	1.0
669	817	1.0
669	818	1.0
669	819	1.0
669	820	1.0
669	821	1.0
669	822	1.0
669	823	1.0
669	824	1.0
669	825	1.0
669	826	1.0
669	827	1.0
669	828	1.0
669	829	1.0
669	830	1.0
669	831	1.0
669	832	1.0
669	833	1.0
669	834	1.0
669	835	1.0
669	836	1.0
669	837	1.0
669	838	1.0
669	839	1.0
669	840	1.0
669	841	1.0
669	842	1.0
669	843	1.0
669	844	1.0
669	845	1.0
669	846	1.0
669	847	1.0
669	848	1.0
669	849	1.0
669	850	1.0
669	851	1.0
669	852	1.0
669	853	1.0
669	854	1.0
669	855	1.0
669	856	1.0
669	857	1.0
669	858	1.0
669	859	1.0
669	860	1.0
669	861	1.0
669	862	1.0
669	863	1.0
669	864	1.0
669	865	1.0
669	866	1.0
669	867	1.0
669	868	1.0
669	869	1.0
669	870	1.0
669	871	1.0
669	872	1.0
669	873	1.0
669	874	1.0
669	875	1.0
669	876	1.0
669	877	1.0
669	878	1.0
669	879	1.0
669	880	1.0
669	881	1.0
669	882	1.0
669	883	1.0
669	884	1.0
669	885	1.0
669	886	1.0
669	887	1.0
669	888	1.0
669	889	1.0
669	890	1.0
669	891	1.0
669	892	1.0
669	893	1.0
669	894	1.0
669	895	1.0
669	896	1.0
669	897	1.0
669	898	1.0
669	899	1.0
669	900	1.0
669	901	1.0
669	902	1.0
669	903	1.0
669	904	1.0
669	905	1.0
669	906	1.0
669	907	1.0
669	908	1.0
669	909	1.0
669	910	1.0
669	911	1.0
669	912	1.0
669	913	1.0
669	914	1.0
669	915	1.0
669	916	1.0
669	917	1.0
669	918	1.0
669	919	1.0
669	920	1.0
669	921	1.0
669	922	1.0
669	923	1.0
669	924	1.0
669	925	1.0
669	926	1.0
669	927	1.0
669	928	1.0
669	929	1.0
669	930	1.0
669	931	1.0
669	932	1.0
669	933	1.0
669	934	1.0
669	935	1.0
669	936	1.0
669	937	1.0
669	938	1.0
669	939	1.0
669	940	1.0
669	941	1.0
669	942	1.0
669	943	1.0
669	944	1.0
669	945	1.0
669	946	1.0
669	947	1.0
669	948	1.0
669	949	1.0
669	950	1.0
669	951	1.0
669	952	1.0
669	953	1.0
669	954	1.0
669	955	1.0
669	956	1.0
669	957	1.0
669	958	1.0
669	959	1.0
669	960	1.0
669	961	1.0
669	962	1.0
669	963	1.0
669	964	1.0
669	965	1.0
669	966	1.0
669	967	1.0
669	968	1.0
669	969	1.0
969	970	1.0
969	971	1.0
969	972	1.0
969	973	1.0
969	974	1.0
969	975	1.0
669	976	1.0
669	977	1.0
669	978	1.0
669	979	1.0
669	980	1.0
669	981	1.0
669	982	1.0
669	983	1.0
669	984	1.0
669	985	1.0
669	986	1.0
669	987	1.0
669	988	1.0
669	989	1.0
669	990	1.0
669	991	1.0
669	992	1.0
669	993	1.0
669	994	1.0
669	995	1.0
669	996	1.0
669	997	1.0
669	998	1.0
669	999	1.0
669	1000	1.0
669	1001	1.0
669	1002	1.0
669	1003	1.0
669	1004	1.0
669	1005	1.0
669	1006	1.0
669	1007	1.0
669	1008	1.0
669	1009	1.0
669	1010	1.0
669	1011	1.0
669	1012	1.0
669	1013	1.0
669	1014	1.0
669	1015	1.0
669	1016	1.0
669	1017	1.0
669	1018	1.0
669	1019	1.0
669	1020	1.0
669	1021	1.0
669	1022	1.0
669	1023	1.0
669	1024	1.0
669	1025	1.0
669	1026	1.0
669	1027	1.0
669	1028	1.0
669	1029	1.0
669	1030	1.0
669	1031	1.0
669	1032	1.0
669	1033	1.0
669	1034	1.0
669	1035	1.0
669	1036	1.0
669	1037	1.0
669	1038	1.0
669	1039	1.0
669	1040	1.0
669	1041	1.0
669	1042	1.0
669	1043	1.0
669	1044	1.0
669	1045	1.0
669	1046	1.0
669	1047	1.0
669	1048	1.0
669	1049	1.0
669	1050	1.0
669	1051	1.0
669	1052	1.0
669	1053	1.0
669	1054	1.0
669	1055	1.0
669	1056	1.0
669	1057	1.0
669	1058	1.0
669	1059	1.0
669	1060	1.0
669	1061	1.0
669	1062	1.0
669	1063	1.0
669	1064	1.0
669	1065	1.0
669	1066	1.0
1066	1067	1.0
1066	1068	1.0
1066	1069	1.0
1066	1070	1.0
1066	1071	1.0
669	1072	1.0
669	1073	1.0
669	1074	1.0
669	1075	1.0
669	1076	1.0
669	1077	1.0
669	1078	1.0
669	1079	1.0
669	1080	1.0
669	1081	1.0
669	1082	1.0
669	1083	1.0
669	1084	1.0
669	1085	1.0
669	1086	1.0
669	1087	1.0
669	1088	1.0
669	1089	1.0
669	1090	1.0
669	1091	1.0
669	1092	1.0
669	1093	1.0
669	1094	1.0
669	1095	1.0
669	1096	1.0
669	1097	1.0
669	1098	1.0
669	1099	1.0
669	1100	1.0
669	1101	1.0
669	1102	1.0
669	1103	1.0
669	1104	1.0
669	1105	1.0
669	1106	1.0
669	1107	1.0
669	1108	1.0
669	1109	1.0
669	1110	1.0
669	1111	1.0
669	1112	1.0
669	1113	1.0
669	1114	1.0
669	1115	1.0
669	1116	1.0
669	1117	1.0
669	1118	1.0
669	1119	1.0
669	1120	1.0
669	1121	1.0
669	1122	1.0
669	1123	1.0
669	1124	1.0
669	1125	1.0
669	1126	1.0
669	1127	1.0
669	1128	1.0
669	1129	1.0
669	1130	1.0
669	1131	1.0
669	1132	1.0
669	1133	1.0
669	1134	1.0
669	1135	1.0
669	1136	1.0
669	1137	1.0
669	1138	1.0
669	1139	1.0
669	1140	1.0
669	1141	1.0
669	1142	1.0
669	1143	1.0
669	1144	1.0
669	1145	1.0
669	1146	1.0
669	1147	1.0
669	1148	1.0
669	1149	1.0
669	1150	1.0
669	1151	1.0
669	1152	1.0
669	1153	1.0
669	1154	1.0
669	1155	1.0
669	1156	1.0
669	1157	1.0
669	1158	1.0
669	1159	1.0
669	1160	1.0
669	1161	1.0
669	1162	1.0
669	1163	1.0
669	1164	1.0
669	1165	1.0
669	1166	1.0
669	1167	1.0
669	1168	1.0
669	1169	1.0
669	1170	1.0
669	1171	1.0
669	1172	1.0
669	1173	1.0
669	1174	1.0
669	1175	1.0
669	1176	1.0
669	1177	1.0
669	1178	1.0
669	1179	1.0
669	1180	1.0
669	1181	1.0
669	1182	1.0
669	1183	1.0
669	1184	1.0
669	1185	1.0
669	1186	1.0
669	1187	1.0
669	1188	1.0
669	1189	1.0
669	1190	1.0
669	1191	1.0
669	1192	1.0
669	1193	1.0
669	1194	1.0
669	1195	1.0
669	1196	1.0
669	1197	1.0
669	1198	1.0
669	1199	1.0
669	1200	1.0
669	1201	1.0
669	1202	1.0
669	1203	1.0
1203	1204	1.0
1203	1205	1.0
1203	1206	1.0
1203	1207	1.0
669	1208	1.0
1208	1209	1.0
1209	1210	1.0
1209	1211	1.0
1209	1212	1.0
1209	1213	1.0
1209	1214	1.0
1208	1215	1.0
1208	1216	1.0
1208	1217	1.0
1208	1218	1.0
1208	1219	1.0
1208	1220	1.0
1208	1221	1.0
1208	1222	1.0
1208	1223	1.0
1208	1224	1.0
1208	1225	1.0
1208	1226	1.0
1208	1227	1.0
1208	1228	1.0
1208	1229	1.0
1208	1230	1.0
1208	1231	1.0
1208	1232	1.0
669	1233	1.0
669	1234	1.0
669	1235	1.0
669	1236	1.0
669	1237	1.0
669	1238	1.0
669	1239	1.0
669	1240	1.0
669	1241	1.0
669	1242	1.0
669	1243	1.0
669	1244	1.0
669	1245	1.0
669	1246	1.0
669	1247	1.0
669	1248	1.0
669	1249	1.0
669	1250	1.0
669	1251	1.0
669	1252	1.0
669	1253	1.0
669	1254	1.0
669	1255	1.0
669	1256	1.0
669	1257	1.0
669	1258	1.0
669	1259	1.0
669	1260	1.0
669	1261	1.0
669	1262	1.0
669	1263	1.0
669	1264	1.0
669	1265	1.0
669	1266	1.0
669	1267	1.0
669	1268	1.0
669	1269	1.0
669	1270	1.0
669	1271	1.0
669	1272	1.0
669	1273	1.0
669	1274	1.0
669	1275	1.0
669	1276	1.0
669	1277	1.0
669	1278	1.0
1278	1279	1.0
1278	1280	1.0
1278	1281	1.0
1278	1282	1.0
1278	1283	1.0
1278	1284	1.0
669	1285	1.0
669	1286	1.0
669	1287	1.0
669	1288	1.0
669	1289	1.0
669	1290	1.0
669	1291	1.0
669	1292	1.0
669	1293	1.0
669	1294	1.0
669	1295	1.0
669	1296	1.0
669	1297	1.0
669	1298	1.0
669	1299	1.0
669	1300	1.0
669	1301	1.0
669	1302	1.0
669	1303	1.0
669	1304	1.0
669	1305	1.0
669	1306	1.0
669	1307	1.0
669	1308	1.0
669	1309	1.0
669	1310	1.0
669	1311	1.0
669	1312	1.0
669	1313	1.0
669	1314	1.0
669	1315	1.0
669	1316	1.0
669	1317	1.0
669	1318	1.0
669	1319	1.0
669	1320	1.0
669	1321	1.0
669	1322	1.0
669	1323	1.0
669	1324	1.0
669	1325	1.0
669	1326	1.0
669	1327	1.0
669	1328	1.0
669	1329	1.0
1329	1330	1.0
1329	1331	1.0
1329	1332	1.0
1329	1333	1.0
1329	1334	1.0
669	1335	1.0
669	1336	1.0
669	1337	1.0
669	1338	1.0
669	1339	1.0
669	1340	1.0
669	1341	1.0
669	1342	1.0
669	1343	1.0
669	1344	1.0
669	1345	1.0
669	1346	1.0
669	1347	1.0
669	1348	1.0
669	1349	1.0
669	1350	1.0
669	1351	1.0
669	1352	1.0
669	1353	1.0
669	1354	1.0
669	1355	1.0
669	1356	1.0
669	1357	1.0
669	1358	1.0
669	1359	1.0
669	1360	1.0
669	1361	1.0
669	1362	1.0
669	1363	1.0
669	1364	1.0
669	1365	1.0
669	1366	1.0
1366	1367	1.0
1366	1368	1.0
1366	1369	1.0
1366	1370	1.0
1366	1371	1.0
669	1372	1.0
669	1373	1.0
669	1374	1.0
669	1375	1.0
669	1376	1.0
669	1377	1.0
669	1378	1.0
669	1379	1.0
669	1380	1.0
669	1381	1.0
669	1382	1.0
669	1383	1.0
669	1384	1.0
669	1385	1.0
669	1386	1.0
669	1387	1.0
669	1388	1.0
669	1389	1.0
669	1390	1.0
669	1391	1.0
669	1392	1.0
669	1393	1.0
669	1394	1.0
669	1395	1.0
669	1396	1.0
669	1397	1.0
669	1398	1.0
669	1399	1.0
669	1400	1.0
669	1401	1.0
669	1402	1.0
669	1403	1.0
669	1404	1.0
669	1405	1.0
669	1406	1.0
669	1407	1.0
669	1408	1.0
669	1409	1.0
1409	1410	1.0
1409	1411	1.0
1409	1412	1.0
1409	1413	1.0
669	1414	1.0
669	1415	1.0
669	1416	1.0
669	1417	1.0
669	1418	1.0
669	1419	1.0
669	1420	1.0
669	1421	1.0
669	1422	1.0
669	1423	1.0
669	1424	1.0
669	1425	1.0
669	1426	1.0
669	1427	1.0
669	1428	1.0
669	1429	1.0
669	1430	1.0
669	1431	1.0
669	1432	1.0
669	1433	1.0
669	1434	1.0
669	1435	1.0
669	1436	1.0
669	1437	1.0
669	1438	1.0
669	1439	1.0
669	1440	1.0
669	1441	1.0
669	1442	1.0
669	1443	1.0
669	1444	1.0
669	1445	1.0
669	1446	1.0
669	1447	1.0
1447	1448	1.0
1447	1449	1.0
1447	1450	1.0
1447	1451	1.0
669	1452	1.0
669	1453	1.0
669	1454	1.0
669	1455	1.0
669	1456	1.0
669	1457	1.0
669	1458	1.0
669	1459	1.0
669	1460	1.0
669	1461	1.0
669	1462	1.0
669	1463	1.0
669	1464	1.0
669	1465	1.0
669	1466	1.0
669	1467	1.0
669	1468	1.0
669	1469	1.0
669	1470	1.0
669	1471	1.0
669	1472	1.0
669	1473	1.0
669	1474	1.0
669	1475	1.0
1475	1476	1.0
1475	1477	1.0
1475	1478	1.0
1475	1479	1.0
669	1480	1.0
669	1481	1.0
669	1482	1.0
669	1483	1.0
669	1484	1.0
669	1485	1.0
669	1486	1.0
669	1487	1.0
669	1488	1.0
669	1489	1.0
669	1490	1.0
1490	1491	1.0
1490	1492	1.0
1490	1493	1.0
1493	1494	1.0
1493	1495	1.0
1493	1496	1.0
1493	1497	1.0
1490	1498	1.0
1490	1499	1.0
1490	1500	1.0
1490	1501	1.0
669	1502	1.0
669	1503	1.0
669	1504	1.0
669	1505	1.0
669	1506	1.0
669	1507	1.0
669	1508	1.0
669	1509	1.0
669	1510	1.0
669	1511	1.0
669	1512	1.0
669	1513	1.0
669	1514	1.0
669	1515	1.0
669	1516	1.0
669	1517	1.0
669	1518	1.0
669	1519	1.0
669	1520	1.0
669	1521	1.0
669	1522	1.0
669	1523	1.0
669	1524	1.0
669	1525	1.0
669	1526	1.0
669	1527	1.0
669	1528	1.0
669	1529	1.0
669	1530	1.0
669	1531	1.0
669	1532	1.0
663	1533	1.0
129	1534	1.0
129	1535	1.0
129	1536	1.0
129	1537	1.0
129	1538	1.0
129	1539	1.0
129	1540	1.0
129	1541	1.0
129	1542	1.0
129	1543	1.0
129	1544	1.0
129	1545	1.0
129	1546	1.0
129	1547	1.0
129	1548	1.0
1548	1549	1.0
1548	1550	1.0
1548	1551	1.0
1548	1552	1.0
129	1553	1.0
129	1554	1.0
129	1555	1.0
129	1556	1.0
1556	1557	1.0
1556	1558	1.0
1556	1559	1.0
1556	1560	1.0
1556	1561	1.0
1556	1562	1.0
1556	1563	1.0
1556	1564	1.0
1556	1565	1.0
1556	1566	1.0
1556	1567	1.0
1556	1568	1.0
1556	1569	1.0
129	1570	1.0
129	1571	1.0
129	1572	1.0
129	1573	1.0
129	1574	1.0
129	1575	1.0
129	1576	1.0
129	1577	1.0
129	1578	1.0
129	1579	1.0
129	1580	1.0
129	1581	1.0
129	1582	1.0
129	1583	1.0
129	1584	1.0
129	1585	1.0
129	1586	1.0
129	1587	1.0
129	1588	1.0
129	1589	1.0
129	1590	1.0
129	1591	1.0
129	1592	1.0
129	1593	1.0
129	1594	1.0
129	1595	1.0
129	1596	1.0
129	1597	1.0
129	1598	1.0
129	1599	1.0
129	1600	1.0
129	1601	1.0
129	1602	1.0
129	1603	1.0
129	1604	1.0
1604	1605	1.0
1604	1606	1.0
1604	1607	1.0
1604	1608	1.0
1604	1609	1.0
1604	1610	1.0
1604	1611	1.0
1604	1612	1.0
1604	1613	1.0
1604	1614	1.0
1604	1615	1.0
1604	1616	1.0
129	1617	1.0
129	1618	1.0
129	1619	1.0
129	1620	1.0
129	1621	1.0
129	1622	1.0
129	1623	1.0
129	1624	1.0
129	1625	1.0
129	1626	1.0
129	1627	1.0
129	1628	1.0
129	1629	1.0
129	1630	1.0
129	1631	1.0
129	1632	1.0
129	1633	1.0
129	1634	1.0
129	1635	1.0
129	1636	1.0
129	1637	1.0
129	1638	1.0
129	1639	1.0
129	1640	1.0
129	1641	1.0
129	1642	1.0
129	1643	1.0
129	1644	1.0
129	1645	1.0
129	1646	1.0
129	1647	1.0
129	1648	1.0
129	1649	1.0
129	1650	1.0
129	1651	1.0
129	1652	1.0
129	1653	1.0
129	1654	1.0
129	1655	1.0
129	1656	1.0
129	1657	1.0
129	1658	1.0
129	1659	1.0
129	1660	1.0
129	1661	1.0
129	1662	1.0
129	1663	1.0
129	1664	1.0
129	1665	1.0
129	1666	1.0
129	1667	1.0
129	1668	1.0
129	1669	1.0
129	1670	1.0
129	1671	1.0
129	1672	1.0
129	1673	1.0
129	1674	1.0
129	1675	1.0
1675	1676	1.0
1675	1677	1.0
1675	1678	1.0
1675	1679	1.0
1675	1680	1.0
1675	1681	1.0
1675	1682	1.0
1675	1683	1.0
129	1684	1.0
129	1685	1.0
129	1686	1.0
129	1687	1.0
129	1688	1.0
129	1689	1.0
129	1690	1.0
129	1691	1.0
129	1692	1.0
129	1693	1.0
129	1694	1.0
129	1695	1.0
129	1696	1.0
129	1697	1.0
129	1698	1.0
129	1699	1.0
129	1700	1.0
129	1701	1.0
129	1702	1.0
129	1703	1.0
129	1704	1.0
129	1705	1.0
129	1706	1.0
129	1707	1.0
129	1708	1.0
129	1709	1.0
129	1710	1.0
129	1711	1.0
129	1712	1.0
129	1713	1.0
129	1714	1.0
129	1715	1.0
129	1716	1.0
129	1717	1.0
129	1718	1.0
129	1719	1.0
129	1720	1.0
129	1721	1.0
129	1722	1.0
129	1723	1.0
129	1724	1.0
129	1725	1.0
129	1726	1.0
129	1727	1.0
129	1728	1.0
129	1729	1.0
129	1730	1.0
129	1731	1.0
129	1732	1.0
129	1733	1.0
129	1734	1.0
129	1735	1.0
129	1736	1.0
129	1737	1.0
129	1738	1.0
129	1739	1.0
129	1740	1.0
129	1741	1.0
129	1742	1.0
129	1743	1.0
129	1744	1.0
129	1745	1.0
129	1746	1.0
129	1747	1.0
129	1748	1.0
129	1749	1.0
129	1750	1.0
129	1751	1.0
129	1752	1.0
129	1753	1.0
129	1754	1.0
129	1755	1.0
129	1756	1.0
129	1757	1.0
129	1758	1.0
129	1759	1.0
1759	1760	1.0
1759	1761	1.0
1759	1762	1.0
1759	1763	1.0
1763	1764	1.0
1763	1765	1.0
1763	1766	1.0
1763	1767	1.0
1763	1768	1.0
1763	1769	1.0
1763	1770	1.0
1763	1771	1.0
1763	1772	1.0
1763	1773	1.0
1763	1774	1.0
1763	1775	1.0
1763	1776	1.0
1763	1777	1.0
1763	1778	1.0
1763	1779	1.0
1763	1780	1.0
1763	1781	1.0
1763	1782	1.0
1763	1783	1.0
1763	1784	1.0
1763	1785	1.0
1763	1786	1.0
1763	1787	1.0
1763	1788	1.0
1763	1789	1.0
1763	1790	1.0
1763	1791	1.0
1763	1792	1.0
1792	1793	1.0
1792	1794	1.0
1792	1795	1.0
1792	1796	1.0
1792	1797	1.0
1792	1798	1.0
1792	1799	1.0
1799	1800	1.0
1799	1801	1.0
1799	1802	1.0
1799	1803	1.0
1799	1804	1.0
1799	1805	1.0
1799	1806	1.0
1799	1807	1.0
1799	1808	1.0
1799	1809	1.0
1799	1810	1.0
1799	1811	1.0
1792	1812	1.0
1792	1813	1.0
1792	1814	1.0
1792	1815	1.0
1792	1816	1.0
1792	1817	1.0
1792	1818	1.0
1792	1819	1.0
1792	1820	1.0
1792	1821	1.0
1792	1822	1.0
1792	1823	1.0
1792	1824	1.0
1792	1825	1.0
1792	1826	1.0
1792	1827	1.0
1792	1828	1.0
1792	1829	1.0
1792	1830	1.0
1792	1831	1.0
1792	1832	1.0
1792	1833	1.0
1792	1834	1.0
1792	1835	1.0
1792	1836	1.0
1792	1837	1.0
1763	1838	1.0
1763	1839	1.0
1763	1840	1.0
1763	1841	1.0
1763	1842	1.0
1763	1843	1.0
1763	1844	1.0
1763	1845	1.0
1763	1846	1.0
1763	1847	1.0
1763	1848	1.0
1763	1849	1.0
1763	1850	1.0
1763	1851	1.0
1763	1852	1.0
1763	1853	1.0
1763	1854	1.0
1763	1855	1.0
129	1856	1.0
129	1857	1.0
129	1858	1.0
129	1859	1.0
129	1860	1.0
129	1861	1.0
129	1862	1.0
129	1863	1.0
129	1864	1.0
129	1865	1.0
129	1866	1.0
129	1867	1.0
129	1868	1.0
129	1869	1.0
129	1870	1.0
129	1871	1.0
129	1872	1.0
129	1873	1.0
129	1874	1.0
129	1875	1.0
112	1876	1.0
112	1877	1.0
112	1878	1.0
112	1879	1.0
112	1880	1.0
112	1881	1.0
112	1882	1.0
112	1883	1.0
112	1884	1.0
112	1885	1.0
112	1886	1.0
112	1887	1.0
112	1888	1.0
112	1889	1.0
112	1890	1.0
112	1891	1.0
112	1892	1.0
112	1893	1.0
112	1894	1.0
112	1895	1.0
112	1896	1.0
112	1897	1.0
112	1898	1.0
112	1899	1.0
112	1900	1.0
112	1901	1.0
112	1902	1.0
23	1903	1.0
23	1904	1.0
23	1905	1.0
23	1906	1.0
23	1907	1.0
23	1908	1.0
23	1909	1.0
23	1910	1.0
23	1911	1.0
23	1912	1.0
23	1913	1.0
23	1914	1.0
23	1915	1.0
23	1916	1.0
23	1917	1.0
23	1918	1.0
23	1919	1.0
23	1920	1.0
23	1921	1.0
23	1922	1.0
23	1923	1.0
23	1924	1.0
23	1925	1.0
23	1926	1.0
23	1927	1.0
23	1928	1.0
23	1929	1.0
23	1930	1.0
23	1931	1.0
23	1932	1.0
23	1933	1.0
23	1934	1.0
23	1935	1.0
23	1936	1.0
23	1937	1.0
23	1938	1.0
23	1939	1.0
23	1940	1.0
23	1941	1.0
23	1942	1.0
23	1943	1.0
23	1944	1.0
23	1945	1.0
23	1946	1.0
23	1947	1.0
23	1948	1.0
23	1949	1.0
23	1950	1.0
23	1951	1.0
23	1952	1.0
23	1953	1.0
23	1954	1.0
23	1955	1.0
23	1956	1.0
23	1957	1.0
23	1958	1.0
23	1959	1.0
23	1960	1.0
23	1961	1.0
23	1962	1.0
23	1963	1.0
23	1964	1.0
23	1965	1.0
23	1966	1.0
23	1967	1.0
23	1968	1.0
23	1969	1.0
23	1970	1.0
23	1971	1.0
23	1972	1.0
23	1973	1.0
1973	1974	1.0
1973	1975	1.0
1973	1976	1.0
1973	1977	1.0
1977	1978	1.0
1977	1979	1.0
1977	1980	1.0
1977	1981	1.0
1977	1982	1.0
1973	1983	1.0
1973	1984	1.0
1973	1985	1.0
23	1986	1.0
23	1987	1.0
23	1988	1.0
23	1989	1.0
23	1990	1.0
23	1991	1.0
23	1992	1.0
23	1993	1.0
23	1994	1.0
23	1995	1.0
23	1996	1.0
23	1997	1.0
23	1998	1.0
23	1999	1.0
23	2000	1.0
23	2001	1.0
23	2002	1.0
23	2003	1.0
23	2004	1.0
23	2005	1.0
23	2006	1.0
23	2007	1.0
23	2008	1.0
23	2009	1.0
23	2010	1.0
23	2011	1.0
23	2012	1.0
23	2013	1.0
23	2014	1.0
23	2015	1.0
23	2016	1.0
23	2017	1.0
23	2018	1.0
23	2019	1.0
23	2020	1.0
23	2021	1.0
23	2022	1.0
23	2023	1.0
23	2024	1.0
23	2025	1.0
23	2026	1.0
23	2027	1.0
23	2028	1.0
23	2029	1.0
23	2030	1.0
23	2031	1.0
23	2032	1.0
23	2033	1.0
23	2034	1.0
23	2035	1.0
23	2036	1.0
9	2037	1.0
9	2038	1.0
9	2039	1.0
9	2040	1.0
3	2041	1.0
0	2042	1.0
