0	1	1.0
1	2	1.0
1	3	1.0
1	4	1.0
4	5	1.0
5	6	1.0
5	7	1.0
5	8	1.0
5	9	1.0
5	10	1.0
5	11	1.0
5	12	1.0
5	13	1.0
5	14	1.0
14	15	1.0
14	16	1.0
14	17	1.0
17	18	1.0
17	19	1.0
17	20	1.0
20	21	1.0
20	22	1.0
22	23	1.0
22	24	1.0
22	25	1.0
22	26	1.0
22	27	1.0
22	28	1.0
20	29	1.0
20	30	1.0
20	31	1.0
20	32	1.0
20	33	1.0
20	34	1.0
20	35	1.0
20	36	1.0
20	37	1.0
20	38	1.0
20	39	1.0
20	40	1.0
20	41	1.0
20	42	1.0
20	43	1.0
20	44	1.0
20	45	1.0
20	46	1.0
20	47	1.0
20	48	1.0
20	49	1.0
20	50	1.0
20	51	1.0
20	52	1.0
20	53	1.0
20	54	1.0
20	55	1.0
20	56	1.0
20	57	1.0
20	58	1.0
20	59	1.0
20	60	1.0
20	61	1.0
20	62	1.0
20	63	1.0
20	64	1.0
20	65	1.0
20	66	1.0
20	67	1.0
20	68	1.0
20	69	1.0
20	70	1.0
70	71	1.0
70	72	1.0
70	73	1.0
70	74	1.0
70	75	1.0
20	76	1.0
20	77	1.0
20	78	1.0
20	79	1.0
20	80	1.0
20	81	1.0
20	82	1.0
20	83	1.0
20	84	1.0
20	85	1.0
20	86	1.0
20	87	1.0
20	88	1.0
20	89	1.0
20	90	1.0
20	91	1.0
20	92	1.0
20	93	1.0
20	94	1.0
20	95	1.0
20	96	1.0
20	97	1.0
20	98	1.0
20	99	1.0
20	100	1.0
20	101	1.0
20	102	1.0
20	103	1.0
20	104	1.0
20	105	1.0
20	106	1.0
20	107	1.0
20	108	1.0
20	109	1.0
109	110	1.0
109	111	1.0
109	112	1.0
109	113	1.0
109	114	1.0
20	115	1.0
20	116	1.0
20	117	1.0
20	118	1.0
20	119	1.0
20	120	1.0
20	121	1.0
20	122	1.0
20	123	1.0
20	124	1.0
20	125	1.0
20	126	1.0
20	127	1.0
20	128	1.0
20	129	1.0
20	130	1.0
20	131	1.0
20	132	1.0
20	133	1.0
20	134	1.0
20	135	1.0
20	136	1.0
20	137	1.0
20	138	1.0
20	139	1.0
20	140	1.0
20	141	1.0
20	142	1.0
20	143	1.0
20	144	1.0
20	145	1.0
20	146	1.0
20	147	1.0
20	148	1.0
20	149	1.0
20	150	1.0
20	151	1.0
20	152	1.0
20	153	1.0
153	154	1.0
153	155	1.0
153	156	1.0
153	157	1.0
20	158	1.0
20	159	1.0
20	160	1.0
20	161	1.0
20	162	1.0
20	163	1.0
20	164	1.0
20	165	1.0
20	166	1.0
20	167	1.0
20	168	1.0
20	169	1.0
20	170	1.0
20	171	1.0
20	172	1.0
20	173	1.0
20	174	1.0
20	175	1.0
20	176	1.0
176	177	1.0
176	178	1.0
176	179	1.0
176	180	1.0
176	181	1.0
176	182	1.0
176	183	1.0
176	184	1.0
176	185	1.0
176	186	1.0
176	187	1.0
176	188	1.0
176	189	1.0
176	190	1.0
176	191	1.0
176	192	1.0
176	193	1.0
176	194	1.0
176	195	1.0
176	196	1.0
176	197	1.0
176	198	1.0
176	199	1.0
176	200	1.0
176	201	1.0
176	202	1.0
176	203	1.0
176	204	1.0
176	205	1.0
176	206	1.0
176	207	1.0
176	208	1.0
176	209	1.0
176	210	1.0
176	211	1.0
176	212	1.0
212	213	1.0
212	214	1.0
212	215	1.0
212	216	1.0
176	217	1.0
176	218	1.0
176	219	1.0
176	220	1.0
176	221	1.0
176	222	1.0
176	223	1.0
176	224	1.0
176	225	1.0
176	226	1.0
176	227	1.0
176	228	1.0
176	229	1.0
176	230	1.0
176	231	1.0
176	232	1.0
176	233	1.0
176	234	1.0
176	235	1.0
176	236	1.0
176	237	1.0
176	238	1.0
176	239	1.0
176	240	1.0
176	241	1.0
176	242	1.0
176	243	1.0
176	244	1.0
176	245	1.0
176	246	1.0
176	247	1.0
176	248	1.0
176	249	1.0
176	250	1.0
176	251	1.0
176	252	1.0
176	253	1.0
176	254	1.0
176	255	1.0
176	256	1.0
176	257	1.0
176	258	1.0
176	259	1.0
176	260	1.0
176	261	1.0
176	262	1.0
176	263	1.0
176	264	1.0
176	265	1.0
176	266	1.0
176	267	1.0
176	268	1.0
268	269	1.0
269	270	1.0
269	271	1.0
269	272	1.0
269	273	1.0
269	274	1.0
269	275	1.0
269	276	1.0
269	277	1.0
269	278	1.0
269	279	1.0
269	280	1.0
269	281	1.0
269	282	1.0
269	283	1.0
269	284	1.0
269	285	1.0
269	286	1.0
269	287	1.0
269	288	1.0
269	289	1.0
269	290	1.0
269	291	1.0
269	292	1.0
269	293	1.0
269	294	1.0
269	295	1.0
269	296	1.0
269	297	1.0
269	298	1.0
269	299	1.0
269	300	1.0
269	301	1.0
269	302	1.0
269	303	1.0
269	304	1.0
269	305	1.0
269	306	1.0
269	307	1.0
269	308	1.0
269	309	1.0
269	310	1.0
269	311	1.0
269	312	1.0
269	313	1.0
269	314	1.0
269	315	1.0
269	316	1.0
269	317	1.0
269	318	1.0
269	319	1.0
269	320	1.0
269	321	1.0
269	322	1.0
269	323	1.0
269	324	1.0
269	325	1.0
269	326	1.0
269	327	1.0
269	328	1.0
269	329	1.0
269	330	1.0
269	331	1.0
269	332	1.0
269	333	1.0
269	334	1.0
269	335	1.0
269	336	1.0
269	337	1.0
269	338	1.0
269	339	1.0
269	340	1.0
269	341	1.0
269	342	1.0
269	343	1.0
269	344	1.0
269	345	1.0
269	346	1.0
269	347	1.0
269	348	1.0
269	349	1.0
269	350	1.0
269	351	1.0
269	352	1.0
269	353	1.0
269	354	1.0
269	355	1.0
269	356	1.0
269	357	1.0
269	358	1.0
269	359	1.0
269	360	1.0
269	361	1.0
269	362	1.0
269	363	1.0
269	364	1.0
269	365	1.0
269	366	1.0
269	367	1.0
269	368	1.0
269	369	1.0
269	370	1.0
269	371	1.0
269	372	1.0
269	373	1.0
269	374	1.0
269	375	1.0
269	376	1.0
269	377	1.0
269	378	1.0
269	379	1.0
269	380	1.0
269	381	1.0
269	382	1.0
269	383	1.0
269	384	1.0
269	385	1.0
269	386	1.0
269	387	1.0
269	388	1.0
269	389	1.0
269	390	1.0
269	391	1.0
269	392	1.0
269	393	1.0
269	394	1.0
269	395	1.0
269	396	1.0
269	397	1.0
269	398	1.0
269	399	1.0
269	400	1.0
269	401	1.0
269	402	1.0
269	403	1.0
269	404	1.0
269	405	1.0
269	406	1.0
269	407	1.0
269	408	1.0
269	409	1.0
269	410	1.0
269	411	1.0
269	412	1.0
269	413	1.0
269	414	1.0
269	415	1.0
269	416	1.0
269	417	1.0
269	418	1.0
269	419	1.0
269	420	1.0
269	421	1.0
269	422	1.0
269	423	1.0
269	424	1.0
269	425	1.0
269	426	1.0
269	427	1.0
269	428	1.0
269	429	1.0
269	430	1.0
269	431	1.0
269	432	1.0
269	433	1.0
269	434	1.0
269	435	1.0
269	436	1.0
269	437	1.0
269	438	1.0
269	439	1.0
269	440	1.0
269	441	1.0
269	442	1.0
269	443	1.0
269	444	1.0
269	445	1.0
269	446	1.0
269	447	1.0
269	448	1.0
269	449	1.0
269	450	1.0
269	451	1.0
269	452	1.0
269	453	1.0
269	454	1.0
269	455	1.0
269	456	1.0
269	457	1.0
269	458	1.0
269	459	1.0
269	460	1.0
269	461	1.0
269	462	1.0
269	463	1.0
269	464	1.0
269	465	1.0
269	466	1.0
269	467	1.0
269	468	1.0
269	469	1.0
269	470	1.0
269	471	1.0
269	472	1.0
269	473	1.0
269	474	1.0
269	475	1.0
269	476	1.0
269	477	1.0
269	478	1.0
269	479	1.0
269	480	1.0
269	481	1.0
269	482	1.0
269	483	1.0
269	484	1.0
269	485	1.0
269	486	1.0
269	487	1.0
269	488	1.0
269	489	1.0
269	490	1.0
269	491	1.0
269	492	1.0
269	493	1.0
269	494	1.0
269	495	1.0
269	496	1.0
269	497	1.0
269	498	1.0
269	499	1.0
269	500	1.0
269	501	1.0
269	502	1.0
269	503	1.0
269	504	1.0
504	505	1.0
504	506	1.0
504	507	1.0
504	508	1.0
504	509	1.0
504	510	1.0
504	511	1.0
504	512	1.0
504	513	1.0
504	514	1.0
269	515	1.0
269	516	1.0
269	517	1.0
269	518	1.0
269	519	1.0
269	520	1.0
269	521	1.0
269	522	1.0
269	523	1.0
269	524	1.0
269	525	1.0
269	526	1.0
269	527	1.0
269	528	1.0
269	529	1.0
269	530	1.0
269	531	1.0
269	532	1.0
269	533	1.0
269	534	1.0
269	535	1.0
269	536	1.0
269	537	1.0
269	538	1.0
269	539	1.0
539	540	1.0
539	541	1.0
539	542	1.0
539	543	1.0
539	544	1.0
539	545	1.0
539	546	1.0
539	547	1.0
539	548	1.0
539	549	1.0
549	550	1.0
549	551	1.0
549	552	1.0
549	553	1.0
549	554	1.0
549	555	1.0
549	556	1.0
549	557	1.0
549	558	1.0
549	559	1.0
549	560	1.0
549	561	1.0
549	562	1.0
549	563	1.0
549	564	1.0
549	565	1.0
549	566	1.0
549	567	1.0
549	568	1.0
549	569	1.0
549	570	1.0
549	571	1.0
549	572	1.0
549	573	1.0
549	574	1.0
549	575	1.0
549	576	1.0
549	577	1.0
549	578	1.0
549	579	1.0
539	580	1.0
539	581	1.0
581	582	1.0
581	583	1.0
581	584	1.0
581	585	1.0
581	586	1.0
581	587	1.0
581	588	1.0
581	589	1.0
581	590	1.0
581	591	1.0
581	592	1.0
581	593	1.0
581	594	1.0
581	595	1.0
581	596	1.0
581	597	1.0
581	598	1.0
598	599	1.0
598	600	1.0
598	601	1.0
598	602	1.0
598	603	1.0
598	604	1.0
598	605	1.0
598	606	1.0
598	607	1.0
598	608	1.0
598	609	1.0
598	610	1.0
598	611	1.0
598	612	1.0
598	613	1.0
598	614	1.0
598	615	1.0
598	616	1.0
598	617	1.0
598	618	1.0
598	619	1.0
598	620	1.0
598	621	1.0
598	622	1.0
598	623	1.0
598	624	1.0
598	625	1.0
598	626	1.0
598	627	1.0
598	628	1.0
598	629	1.0
598	630	1.0
598	631	1.0
598	632	1.0
598	633	1.0
598	634	1.0
598	635	1.0
598	636	1.0
598	637	1.0
598	638	1.0
598	639	1.0
598	640	1.0
598	641	1.0
598	642	1.0
642	643	1.0
642	644	1.0
642	645	1.0
642	646	1.0
642	647	1.0
642	648	1.0
642	649	1.0
642	650	1.0
642	651	1.0
642	652	1.0
642	653	1.0
642	654	1.0
642	655	1.0
655	656	1.0
655	657	1.0
655	658	1.0
655	659	1.0
655	660	1.0
655	661	1.0
655	662	1.0
655	663	1.0
655	664	1.0
655	665	1.0
655	666	1.0
655	667	1.0
655	668	1.0
655	669	1.0
655	670	1.0
655	671	1.0
655	672	1.0
655	673	1.0
655	674	1.0
655	675	1.0
655	676	1.0
655	677	1.0
655	678	1.0
655	679	1.0
655	680	1.0
655	681	1.0
655	682	1.0
655	683	1.0
655	684	1.0
655	685	1.0
655	686	1.0
655	687	1.0
655	688	1.0
655	689	1.0
655	690	1.0
655	691	1.0
655	692	1.0
655	693	1.0
655	694	1.0
655	695	1.0
655	696	1.0
655	697	1.0
655	698	1.0
655	699	1.0
655	700	1.0
655	701	1.0
655	702	1.0
655	703	1.0
655	704	1.0
655	705	1.0
655	706	1.0
655	707	1.0
655	708	1.0
655	709	1.0
655	710	1.0
655	711	1.0
655	712	1.0
655	713	1.0
655	714	1.0
655	715	1.0
655	716	1.0
655	717	1.0
717	718	1.0
717	719	1.0
717	720	1.0
717	721	1.0
717	722	1.0
655	723	1.0
655	724	1.0
655	725	1.0
655	726	1.0
655	727	1.0
655	728	1.0
655	729	1.0
655	730	1.0
655	731	1.0
655	732	1.0
655	733	1.0
655	734	1.0
655	735	1.0
655	736	1.0
655	737	1.0
655	738	1.0
655	739	1.0
655	740	1.0
655	741	1.0
655	742	1.0
655	743	1.0
655	744	1.0
655	745	1.0
655	746	1.0
655	747	1.0
655	748	1.0
655	749	1.0
655	750	1.0
655	751	1.0
655	752	1.0
655	753	1.0
655	754	1.0
655	755	1.0
655	756	1.0
756	757	1.0
756	758	1.0
756	759	1.0
756	760	1.0
756	761	1.0
655	762	1.0
655	763	1.0
655	764	1.0
655	765	1.0
655	766	1.0
655	767	1.0
655	768	1.0
655	769	1.0
655	770	1.0
655	771	1.0
655	772	1.0
655	773	1.0
655	774	1.0
655	775	1.0
655	776	1.0
776	777	1.0
776	778	1.0
776	779	1.0
776	780	1.0
776	781	1.0
776	782	1.0
776	783	1.0
776	784	1.0
776	785	1.0
776	786	1.0
776	787	1.0
776	788	1.0
776	789	1.0
776	790	1.0
776	791	1.0
776	792	1.0
776	793	1.0
776	794	1.0
776	795	1.0
776	796	1.0
776	797	1.0
776	798	1.0
798	799	1.0
798	800	1.0
798	801	1.0
798	802	1.0
798	803	1.0
798	804	1.0
798	805	1.0
798	806	1.0
798	807	1.0
798	808	1.0
798	809	1.0
776	810	1.0
776	811	1.0
776	812	1.0
776	813	1.0
776	814	1.0
776	815	1.0
776	816	1.0
776	817	1.0
776	818	1.0
776	819	1.0
776	820	1.0
776	821	1.0
776	822	1.0
776	823	1.0
776	824	1.0
776	825	1.0
776	826	1.0
776	827	1.0
776	828	1.0
776	829	1.0
776	830	1.0
776	831	1.0
776	832	1.0
776	833	1.0
776	834	1.0
776	835	1.0
776	836	1.0
776	837	1.0
776	838	1.0
776	839	1.0
776	840	1.0
776	841	1.0
776	842	1.0
776	843	1.0
776	844	1.0
776	845	1.0
776	846	1.0
776	847	1.0
776	848	1.0
776	849	1.0
776	850	1.0
776	851	1.0
776	852	1.0
776	853	1.0
776	854	1.0
776	855	1.0
776	856	1.0
776	857	1.0
776	858	1.0
776	859	1.0
776	860	1.0
776	861	1.0
776	862	1.0
776	863	1.0
776	864	1.0
776	865	1.0
776	866	1.0
776	867	1.0
776	868	1.0
776	869	1.0
776	870	1.0
776	871	1.0
776	872	1.0
776	873	1.0
776	874	1.0
874	875	1.0
874	876	1.0
874	877	1.0
874	878	1.0
776	879	1.0
776	880	1.0
776	881	1.0
776	882	1.0
776	883	1.0
776	884	1.0
776	885	1.0
776	886	1.0
776	887	1.0
776	888	1.0
776	889	1.0
776	890	1.0
776	891	1.0
776	892	1.0
776	893	1.0
776	894	1.0
776	895	1.0
776	896	1.0
776	897	1.0
776	898	1.0
776	899	1.0
776	900	1.0
776	901	1.0
776	902	1.0
776	903	1.0
776	904	1.0
776	905	1.0
776	906	1.0
776	907	1.0
776	908	1.0
776	909	1.0
776	910	1.0
776	911	1.0
776	912	1.0
776	913	1.0
776	914	1.0
776	915	1.0
776	916	1.0
776	917	1.0
776	918	1.0
776	919	1.0
776	920	1.0
776	921	1.0
776	922	1.0
776	923	1.0
776	924	1.0
776	925	1.0
776	926	1.0
776	927	1.0
776	928	1.0
776	929	1.0
776	930	1.0
776	931	1.0
776	932	1.0
776	933	1.0
776	934	1.0
776	935	1.0
776	936	1.0
776	937	1.0
776	938	1.0
776	939	1.0
776	940	1.0
776	941	1.0
776	942	1.0
776	943	1.0
776	944	1.0
776	945	1.0
776	946	1.0
776	947	1.0
776	948	1.0
776	949	1.0
776	950	1.0
776	951	1.0
776	952	1.0
776	953	1.0
776	954	1.0
776	955	1.0
776	956	1.0
776	957	1.0
776	958	1.0
776	959	1.0
776	960	1.0
776	961	1.0
776	962	1.0
776	963	1.0
776	964	1.0
776	965	1.0
776	966	1.0
776	967	1.0
776	968	1.0
776	969	1.0
776	970	1.0
776	971	1.0
776	972	1.0
776	973	1.0
776	974	1.0
776	975	1.0
776	976	1.0
776	977	1.0
776	978	1.0
776	979	1.0
776	980	1.0
776	981	1.0
776	982	1.0
776	983	1.0
776	984	1.0
776	985	1.0
776	986	1.0
776	987	1.0
776	988	1.0
776	989	1.0
776	990	1.0
776	991	1.0
776	992	1.0
776	993	1.0
776	994	1.0
776	995	1.0
776	996	1.0
776	997	1.0
776	998	1.0
776	999	1.0
776	1000	1.0
776	1001	1.0
776	1002	1.0
776	1003	1.0
776	1004	1.0
776	1005	1.0
776	1006	1.0
776	1007	1.0
776	1008	1.0
776	1009	1.0
776	1010	1.0
776	1011	1.0
776	1012	1.0
776	1013	1.0
776	1014	1.0
776	1015	1.0
776	1016	1.0
776	1017	1.0
776	1018	1.0
776	1019	1.0
776	1020	1.0
776	1021	1.0
776	1022	1.0
776	1023	1.0
776	1024	1.0
776	1025	1.0
776	1026	1.0
776	1027	1.0
776	1028	1.0
776	1029	1.0
776	1030	1.0
776	1031	1.0
776	1032	1.0
776	1033	1.0
776	1034	1.0
776	1035	1.0
776	1036	1.0
776	1037	1.0
776	1038	1.0
776	1039	1.0
776	1040	1.0
776	1041	1.0
776	1042	1.0
1042	1043	1.0
1042	1044	1.0
1042	1045	1.0
1042	1046	1.0
1042	1047	1.0
776	1048	1.0
776	1049	1.0
776	1050	1.0
776	1051	1.0
776	1052	1.0
776	1053	1.0
776	1054	1.0
776	1055	1.0
776	1056	1.0
776	1057	1.0
776	1058	1.0
776	1059	1.0
776	1060	1.0
776	1061	1.0
776	1062	1.0
776	1063	1.0
776	1064	1.0
776	1065	1.0
776	1066	1.0
776	1067	1.0
776	1068	1.0
776	1069	1.0
776	1070	1.0
776	1071	1.0
776	1072	1.0
776	1073	1.0
776	1074	1.0
776	1075	1.0
776	1076	1.0
776	1077	1.0
776	1078	1.0
776	1079	1.0
776	1080	1.0
776	1081	1.0
776	1082	1.0
776	1083	1.0
776	1084	1.0
776	1085	1.0
776	1086	1.0
776	1087	1.0
776	1088	1.0
776	1089	1.0
776	1090	1.0
776	1091	1.0
776	1092	1.0
776	1093	1.0
776	1094	1.0
776	1095	1.0
776	1096	1.0
776	1097	1.0
776	1098	1.0
776	1099	1.0
776	1100	1.0
776	1101	1.0
776	1102	1.0
776	1103	1.0
776	1104	1.0
776	1105	1.0
776	1106	1.0
1106	1107	1.0
1106	1108	1.0
1106	1109	1.0
1106	1110	1.0
776	1111	1.0
776	1112	1.0
776	1113	1.0
776	1114	1.0
776	1115	1.0
776	1116	1.0
776	1117	1.0
776	1118	1.0
776	1119	1.0
776	1120	1.0
776	1121	1.0
776	1122	1.0
776	1123	1.0
776	1124	1.0
776	1125	1.0
776	1126	1.0
776	1127	1.0
776	1128	1.0
776	1129	1.0
776	1130	1.0
776	1131	1.0
776	1132	1.0
776	1133	1.0
776	1134	1.0
776	1135	1.0
776	1136	1.0
776	1137	1.0
776	1138	1.0
776	1139	1.0
776	1140	1.0
776	1141	1.0
776	1142	1.0
776	1143	1.0
776	1144	1.0
776	1145	1.0
776	1146	1.0
776	1147	1.0
776	1148	1.0
776	1149	1.0
776	1150	1.0
776	1151	1.0
776	1152	1.0
776	1153	1.0
776	1154	1.0
776	1155	1.0
776	1156	1.0
776	1157	1.0
776	1158	1.0
776	1159	1.0
776	1160	1.0
776	1161	1.0
776	1162	1.0
776	1163	1.0
776	1164	1.0
776	1165	1.0
776	1166	1.0
776	1167	1.0
776	1168	1.0
776	1169	1.0
776	1170	1.0
776	1171	1.0
776	1172	1.0
776	1173	1.0
776	1174	1.0
776	1175	1.0
776	1176	1.0
776	1177	1.0
776	1178	1.0
776	1179	1.0
776	1180	1.0
776	1181	1.0
776	1182	1.0
776	1183	1.0
776	1184	1.0
776	1185	1.0
776	1186	1.0
776	1187	1.0
776	1188	1.0
776	1189	1.0
776	1190	1.0
776	1191	1.0
776	1192	1.0
776	1193	1.0
776	1194	1.0
776	1195	1.0
776	1196	1.0
776	1197	1.0
776	1198	1.0
776	1199	1.0
776	1200	1.0
776	1201	1.0
776	1202	1.0
776	1203	1.0
776	1204	1.0
776	1205	1.0
776	1206	1.0
776	1207	1.0
776	1208	1.0
776	1209	1.0
776	1210	1.0
776	1211	1.0
776	1212	1.0
776	1213	1.0
776	1214	1.0
776	1215	1.0
776	1216	1.0
776	1217	1.0
776	1218	1.0
776	1219	1.0
776	1220	1.0
776	1221	1.0
776	1222	1.0
655	1223	1.0
655	1224	1.0
655	1225	1.0
655	1226	1.0
655	1227	1.0
655	1228	1.0
655	1229	1.0
655	1230	1.0
655	1231	1.0
655	1232	1.0
655	1233	1.0
655	1234	1.0
655	1235	1.0
655	1236	1.0
655	1237	1.0
655	1238	1.0
655	1239	1.0
655	1240	1.0
655	1241	1.0
655	1242	1.0
655	1243	1.0
655	1244	1.0
655	1245	1.0
655	1246	1.0
655	1247	1.0
655	1248	1.0
655	1249	1.0
655	1250	1.0
655	1251	1.0
655	1252	1.0
655	1253	1.0
655	1254	1.0
655	1255	1.0
655	1256	1.0
655	1257	1.0
655	1258	1.0
655	1259	1.0
655	1260	1.0
655	1261	1.0
655	1262	1.0
655	1263	1.0
655	1264	1.0
655	1265	1.0
655	1266	1.0
655	1267	1.0
655	1268	1.0
655	1269	1.0
655	1270	1.0
655	1271	1.0
655	1272	1.0
655	1273	1.0
655	1274	1.0
655	1275	1.0
655	1276	1.0
655	1277	1.0
655	1278	1.0
655	1279	1.0
655	1280	1.0
655	1281	1.0
655	1282	1.0
655	1283	1.0
655	1284	1.0
655	1285	1.0
655	1286	1.0
655	1287	1.0
655	1288	1.0
655	1289	1.0
655	1290	1.0
655	1291	1.0
655	1292	1.0
655	1293	1.0
655	1294	1.0
655	1295	1.0
655	1296	1.0
655	1297	1.0
655	1298	1.0
655	1299	1.0
655	1300	1.0
655	1301	1.0
655	1302	1.0
655	1303	1.0
655	1304	1.0
655	1305	1.0
655	1306	1.0
655	1307	1.0
655	1308	1.0
655	1309	1.0
655	1310	1.0
655	1311	1.0
655	1312	1.0
655	1313	1.0
655	1314	1.0
655	1315	1.0
655	1316	1.0
655	1317	1.0
655	1318	1.0
655	1319	1.0
655	1320	1.0
655	1321	1.0
655	1322	1.0
655	1323	1.0
655	1324	1.0
655	1325	1.0
655	1326	1.0
655	1327	1.0
655	1328	1.0
655	1329	1.0
655	1330	1.0
655	1331	1.0
655	1332	1.0
655	1333	1.0
655	1334	1.0
655	1335	1.0
655	1336	1.0
655	1337	1.0
655	1338	1.0
655	1339	1.0
655	1340	1.0
655	1341	1.0
655	1342	1.0
655	1343	1.0
655	1344	1.0
655	1345	1.0
655	1346	1.0
655	1347	1.0
655	1348	1.0
655	1349	1.0
655	1350	1.0
655	1351	1.0
655	1352	1.0
655	1353	1.0
655	1354	1.0
655	1355	1.0
655	1356	1.0
655	1357	1.0
655	1358	1.0
655	1359	1.0
655	1360	1.0
655	1361	1.0
655	1362	1.0
655	1363	1.0
655	1364	1.0
655	1365	1.0
655	1366	1.0
655	1367	1.0
655	1368	1.0
655	1369	1.0
655	1370	1.0
655	1371	1.0
655	1372	1.0
655	1373	1.0
655	1374	1.0
655	1375	1.0
655	1376	1.0
655	1377	1.0
655	1378	1.0
655	1379	1.0
655	1380	1.0
655	1381	1.0
655	1382	1.0
655	1383	1.0
655	1384	1.0
655	1385	1.0
655	1386	1.0
642	1387	1.0
642	1388	1.0
642	1389	1.0
642	1390	1.0
642	1391	1.0
642	1392	1.0
642	1393	1.0
642	1394	1.0
642	1395	1.0
642	1396	1.0
642	1397	1.0
642	1398	1.0
642	1399	1.0
642	1400	1.0
642	1401	1.0
642	1402	1.0
642	1403	1.0
642	1404	1.0
598	1405	1.0
598	1406	1.0
598	1407	1.0
598	1408	1.0
598	1409	1.0
598	1410	1.0
598	1411	1.0
598	1412	1.0
598	1413	1.0
598	1414	1.0
598	1415	1.0
598	1416	1.0
581	1417	1.0
581	1418	1.0
581	1419	1.0
581	1420	1.0
581	1421	1.0
581	1422	1.0
581	1423	1.0
581	1424	1.0
581	1425	1.0
581	1426	1.0
581	1427	1.0
581	1428	1.0
581	1429	1.0
581	1430	1.0
581	1431	1.0
581	1432	1.0
581	1433	1.0
581	1434	1.0
581	1435	1.0
581	1436	1.0
581	1437	1.0
581	1438	1.0
581	1439	1.0
581	1440	1.0
581	1441	1.0
581	1442	1.0
581	1443	1.0
581	1444	1.0
581	1445	1.0
581	1446	1.0
581	1447	1.0
581	1448	1.0
581	1449	1.0
539	1450	1.0
539	1451	1.0
269	1452	1.0
269	1453	1.0
269	1454	1.0
1454	1455	1.0
1454	1456	1.0
1454	1457	1.0
1454	1458	1.0
1454	1459	1.0
1454	1460	1.0
269	1461	1.0
269	1462	1.0
269	1463	1.0
269	1464	1.0
269	1465	1.0
269	1466	1.0
269	1467	1.0
269	1468	1.0
269	1469	1.0
269	1470	1.0
269	1471	1.0
269	1472	1.0
269	1473	1.0
269	1474	1.0
269	1475	1.0
269	1476	1.0
269	1477	1.0
269	1478	1.0
269	1479	1.0
269	1480	1.0
269	1481	1.0
269	1482	1.0
269	1483	1.0
269	1484	1.0
269	1485	1.0
269	1486	1.0
269	1487	1.0
269	1488	1.0
269	1489	1.0
269	1490	1.0
269	1491	1.0
269	1492	1.0
269	1493	1.0
269	1494	1.0
269	1495	1.0
269	1496	1.0
269	1497	1.0
269	1498	1.0
269	1499	1.0
269	1500	1.0
269	1501	1.0
269	1502	1.0
269	1503	1.0
269	1504	1.0
269	1505	1.0
269	1506	1.0
269	1507	1.0
269	1508	1.0
269	1509	1.0
1509	1510	1.0
1509	1511	1.0
1509	1512	1.0
1509	1513	1.0
1509	1514	1.0
1509	1515	1.0
1509	1516	1.0
1509	1517	1.0
269	1518	1.0
269	1519	1.0
269	1520	1.0
269	1521	1.0
269	1522	1.0
269	1523	1.0
269	1524	1.0
269	1525	1.0
269	1526	1.0
269	1527	1.0
269	1528	1.0
269	1529	1.0
269	1530	1.0
269	1531	1.0
269	1532	1.0
269	1533	1.0
269	1534	1.0
269	1535	1.0
269	1536	1.0
269	1537	1.0
269	1538	1.0
269	1539	1.0
269	1540	1.0
269	1541	1.0
269	1542	1.0
269	1543	1.0
269	1544	1.0
269	1545	1.0
269	1546	1.0
269	1547	1.0
269	1548	1.0
269	1549	1.0
269	1550	1.0
269	1551	1.0
269	1552	1.0
269	1553	1.0
1553	1554	1.0
1553	1555	1.0
1553	1556	1.0
1553	1557	1.0
1553	1558	1.0
1553	1559	1.0
1553	1560	1.0
1553	1561	1.0
269	1562	1.0
269	1563	1.0
269	1564	1.0
269	1565	1.0
269	1566	1.0
269	1567	1.0
269	1568	1.0
269	1569	1.0
269	1570	1.0
269	1571	1.0
269	1572	1.0
269	1573	1.0
269	1574	1.0
269	1575	1.0
269	1576	1.0
269	1577	1.0
269	1578	1.0
269	1579	1.0
269	1580	1.0
269	1581	1.0
269	1582	1.0
269	1583	1.0
269	1584	1.0
269	1585	1.0
269	1586	1.0
269	1587	1.0
269	1588	1.0
269	1589	1.0
269	1590	1.0
269	1591	1.0
269	1592	1.0
269	1593	1.0
269	1594	1.0
269	1595	1.0
269	1596	1.0
269	1597	1.0
269	1598	1.0
269	1599	1.0
269	1600	1.0
269	1601	1.0
269	1602	1.0
269	1603	1.0
269	1604	1.0
269	1605	1.0
269	1606	1.0
269	1607	1.0
269	1608	1.0
269	1609	1.0
269	1610	1.0
269	1611	1.0
269	1612	1.0
269	1613	1.0
269	1614	1.0
269	1615	1.0
269	1616	1.0
269	1617	1.0
269	1618	1.0
269	1619	1.0
269	1620	1.0
269	1621	1.0
269	1622	1.0
269	1623	1.0
269	1624	1.0
269	1625	1.0
269	1626	1.0
269	1627	1.0
269	1628	1.0
269	1629	1.0
269	1630	1.0
269	1631	1.0
269	1632	1.0
269	1633	1.0
269	1634	1.0
269	1635	1.0
269	1636	1.0
269	1637	1.0
269	1638	1.0
269	1639	1.0
269	1640	1.0
269	1641	1.0
269	1642	1.0
269	1643	1.0
269	1644	1.0
269	1645	1.0
269	1646	1.0
269	1647	1.0
269	1648	1.0
269	1649	1.0
269	1650	1.0
269	1651	1.0
269	1652	1.0
269	1653	1.0
269	1654	1.0
269	1655	1.0
269	1656	1.0
269	1657	1.0
269	1658	1.0
269	1659	1.0
269	1660	1.0
269	1661	1.0
269	1662	1.0
269	1663	1.0
269	1664	1.0
269	1665	1.0
269	1666	1.0
269	1667	1.0
269	1668	1.0
269	1669	1.0
269	1670	1.0
269	1671	1.0
269	1672	1.0
269	1673	1.0
269	1674	1.0
269	1675	1.0
269	1676	1.0
269	1677	1.0
269	1678	1.0
269	1679	1.0
269	1680	1.0
269	1681	1.0
269	1682	1.0
269	1683	1.0
269	1684	1.0
269	1685	1.0
269	1686	1.0
269	1687	1.0
269	1688	1.0
269	1689	1.0
269	1690	1.0
269	1691	1.0
269	1692	1.0
269	1693	1.0
269	1694	1.0
269	1695	1.0
268	1696	1.0
268	1697	1.0
268	1698	1.0
268	1699	1.0
268	1700	1.0
268	1701	1.0
268	1702	1.0
268	1703	1.0
268	1704	1.0
268	1705	1.0
268	1706	1.0
268	1707	1.0
268	1708	1.0
268	1709	1.0
268	1710	1.0
268	1711	1.0
268	1712	1.0
268	1713	1.0
268	1714	1.0
268	1715	1.0
268	1716	1.0
268	1717	1.0
268	1718	1.0
268	1719	1.0
268	1720	1.0
268	1721	1.0
268	1722	1.0
268	1723	1.0
268	1724	1.0
268	1725	1.0
268	1726	1.0
268	1727	1.0
268	1728	1.0
268	1729	1.0
268	1730	1.0
268	1731	1.0
268	1732	1.0
268	1733	1.0
268	1734	1.0
268	1735	1.0
268	1736	1.0
268	1737	1.0
268	1738	1.0
268	1739	1.0
268	1740	1.0
268	1741	1.0
268	1742	1.0
268	1743	1.0
268	1744	1.0
268	1745	1.0
268	1746	1.0
268	1747	1.0
268	1748	1.0
268	1749	1.0
268	1750	1.0
268	1751	1.0
268	1752	1.0
268	1753	1.0
268	1754	1.0
268	1755	1.0
268	1756	1.0
268	1757	1.0
268	1758	1.0
268	1759	1.0
268	1760	1.0
1760	1761	1.0
1760	1762	1.0
1760	1763	1.0
1760	1764	1.0
1760	1765	1.0
1760	1766	1.0
1760	1767	1.0
1760	1768	1.0
1760	1769	1.0
1760	1770	1.0
1760	1771	1.0
1760	1772	1.0
1760	1773	1.0
1760	1774	1.0
1760	1775	1.0
268	1776	1.0
268	1777	1.0
268	1778	1.0
268	1779	1.0
268	1780	1.0
268	1781	1.0
268	1782	1.0
268	1783	1.0
268	1784	1.0
268	1785	1.0
268	1786	1.0
268	1787	1.0
268	1788	1.0
268	1789	1.0
268	1790	1.0
268	1791	1.0
268	1792	1.0
268	1793	1.0
268	1794	1.0
268	1795	1.0
268	1796	1.0
268	1797	1.0
268	1798	1.0
268	1799	1.0
268	1800	1.0
268	1801	1.0
268	1802	1.0
268	1803	1.0
268	1804	1.0
268	1805	1.0
176	1806	1.0
176	1807	1.0
176	1808	1.0
176	1809	1.0
176	1810	1.0
176	1811	1.0
176	1812	1.0
176	1813	1.0
176	1814	1.0
176	1815	1.0
176	1816	1.0
176	1817	1.0
176	1818	1.0
176	1819	1.0
176	1820	1.0
176	1821	1.0
176	1822	1.0
176	1823	1.0
176	1824	1.0
176	1825	1.0
176	1826	1.0
176	1827	1.0
176	1828	1.0
176	1829	1.0
176	1830	1.0
176	1831	1.0
176	1832	1.0
176	1833	1.0
176	1834	1.0
176	1835	1.0
176	1836	1.0
176	1837	1.0
176	1838	1.0
176	1839	1.0
176	1840	1.0
176	1841	1.0
176	1842	1.0
176	1843	1.0
176	1844	1.0
176	1845	1.0
176	1846	1.0
176	1847	1.0
176	1848	1.0
176	1849	1.0
176	1850	1.0
176	1851	1.0
176	1852	1.0
176	1853	1.0
176	1854	1.0
176	1855	1.0
1855	1856	1.0
1855	1857	1.0
1855	1858	1.0
1855	1859	1.0
1855	1860	1.0
1855	1861	1.0
1855	1862	1.0
1855	1863	1.0
1855	1864	1.0
176	1865	1.0
176	1866	1.0
176	1867	1.0
176	1868	1.0
176	1869	1.0
176	1870	1.0
176	1871	1.0
176	1872	1.0
176	1873	1.0
176	1874	1.0
176	1875	1.0
176	1876	1.0
176	1877	1.0
176	1878	1.0
176	1879	1.0
176	1880	1.0
176	1881	1.0
176	1882	1.0
176	1883	1.0
176	1884	1.0
176	1885	1.0
176	1886	1.0
176	1887	1.0
176	1888	1.0
176	1889	1.0
176	1890	1.0
176	1891	1.0
176	1892	1.0
176	1893	1.0
176	1894	1.0
176	1895	1.0
176	1896	1.0
176	1897	1.0
176	1898	1.0
176	1899	1.0
176	1900	1.0
176	1901	1.0
176	1902	1.0
176	1903	1.0
176	1904	1.0
176	1905	1.0
176	1906	1.0
176	1907	1.0
176	1908	1.0
176	1909	1.0
176	1910	1.0
176	1911	1.0
176	1912	1.0
176	1913	1.0
176	1914	1.0
176	1915	1.0
176	1916	1.0
176	1917	1.0
176	1918	1.0
176	1919	1.0
176	1920	1.0
176	1921	1.0
176	1922	1.0
176	1923	1.0
176	1924	1.0
176	1925	1.0
176	1926	1.0
176	1927	1.0
176	1928	1.0
176	1929	1.0
176	1930	1.0
176	1931	1.0
176	1932	1.0
176	1933	1.0
176	1934	1.0
176	1935	1.0
176	1936	1.0
176	1937	1.0
176	1938	1.0
176	1939	1.0
176	1940	1.0
176	1941	1.0
176	1942	1.0
176	1943	1.0
176	1944	1.0
176	1945	1.0
176	1946	1.0
176	1947	1.0
176	1948	1.0
176	1949	1.0
176	1950	1.0
176	1951	1.0
176	1952	1.0
176	1953	1.0
176	1954	1.0
176	1955	1.0
20	1956	1.0
20	1957	1.0
20	1958	1.0
20	1959	1.0
20	1960	1.0
20	1961	1.0
20	1962	1.0
20	1963	1.0
20	1964	1.0
20	1965	1.0
20	1966	1.0
20	1967	1.0
20	1968	1.0
20	1969	1.0
20	1970	1.0
20	1971	1.0
20	1972	1.0
20	1973	1.0
20	1974	1.0
20	1975	1.0
17	1976	1.0
17	1977	1.0
17	1978	1.0
14	1979	1.0
14	1980	1.0
14	1981	1.0
14	1982	1.0
14	1983	1.0
14	1984	1.0
14	1985	1.0
14	1986	1.0
14	1987	1.0
14	1988	1.0
14	1989	1.0
14	1990	1.0
14	1991	1.0
14	1992	1.0
14	1993	1.0
14	1994	1.0
14	1995	1.0
14	1996	1.0
14	1997	1.0
14	1998	1.0
14	1999	1.0
14	2000	1.0
14	2001	1.0
14	2002	1.0
14	2003	1.0
14	2004	1.0
14	2005	1.0
14	2006	1.0
14	2007	1.0
14	2008	1.0
14	2009	1.0
14	2010	1.0
14	2011	1.0
14	2012	1.0
14	2013	1.0
14	2014	1.0
4	2015	1.0
4	2016	1.0
4	2017	1.0
4	2018	1.0
4	2019	1.0
4	2020	1.0
4	2021	1.0
4	2022	1.0
4	2023	1.0
0	2024	1.0
0	2025	1.0
0	2026	1.0
0	2027	1.0
0	2028	1.0
0	2029	1.0
0	2030	1.0
0	2031	1.0
0	2032	1.0
0	2033	1.0
