0	1	1.0
1	2	1.0
1	3	1.0
3	4	1.0
3	5	1.0
3	6	1.0
6	7	1.0
6	8	1.0
8	9	1.0
8	10	1.0
8	11	1.0
8	12	1.0
12	13	1.0
12	14	1.0
12	15	1.0
12	16	1.0
12	17	1.0
12	18	1.0
12	19	1.0
12	20	1.0
20	21	1.0
21	22	1.0
21	23	1.0
23	24	1.0
23	25	1.0
23	26	1.0
23	27	1.0
23	28	1.0
23	29	1.0
23	30	1.0
23	31	1.0
23	32	1.0
23	33	1.0
23	34	1.0
23	35	1.0
23	36	1.0
23	37	1.0
23	38	1.0
23	39	1.0
23	40	1.0
23	41	1.0
23	42	1.0
23	43	1.0
23	44	1.0
23	45	1.0
23	46	1.0
23	47	1.0
23	48	1.0
23	49	1.0
23	50	1.0
23	51	1.0
23	52	1.0
23	53	1.0
23	54	1.0
23	55	1.0
23	56	1.0
23	57	1.0
57	58	1.0
57	59	1.0
57	60	1.0
57	61	1.0
57	62	1.0
57	63	1.0
57	64	1.0
57	65	1.0
57	66	1.0
57	67	1.0
57	68	1.0
57	69	1.0
69	70	1.0
69	71	1.0
69	72	1.0
69	73	1.0
69	74	1.0
69	75	1.0
69	76	1.0
69	77	1.0
69	78	1.0
69	79	1.0
69	80	1.0
69	81	1.0
69	82	1.0
69	83	1.0
69	84	1.0
69	85	1.0
69	86	1.0
69	87	1.0
69	88	1.0
69	89	1.0
69	90	1.0
69	91	1.0
69	92	1.0
69	93	1.0
69	94	1.0
69	95	1.0
69	96	1.0
69	97	1.0
69	98	1.0
69	99	1.0
69	100	1.0
69	101	1.0
69	102	1.0
69	103	1.0
57	104	1.0
57	105	1.0
57	106	1.0
57	107	1.0
57	108	1.0
57	109	1.0
57	110	1.0
57	111	1.0
57	112	1.0
57	113	1.0
113	114	1.0
113	115	1.0
113	116	1.0
113	117	1.0
113	118	1.0
113	119	1.0
113	120	1.0
113	121	1.0
113	122	1.0
113	123	1.0
113	124	1.0
113	125	1.0
113	126	1.0
113	127	1.0
113	128	1.0
113	129	1.0
113	130	1.0
113	131	1.0
113	132	1.0
113	133	1.0
113	134	1.0
113	135	1.0
113	136	1.0
113	137	1.0
57	138	1.0
57	139	1.0
57	140	1.0
57	141	1.0
23	142	1.0
23	143	1.0
23	144	1.0
23	145	1.0
23	146	1.0
23	147	1.0
23	148	1.0
23	149	1.0
23	150	1.0
23	151	1.0
23	152	1.0
23	153	1.0
23	154	1.0
23	155	1.0
23	156	1.0
23	157	1.0
23	158	1.0
23	159	1.0
23	160	1.0
23	161	1.0
23	162	1.0
23	163	1.0
23	164	1.0
23	165	1.0
23	166	1.0
23	167	1.0
23	168	1.0
23	169	1.0
23	170	1.0
23	171	1.0
23	172	1.0
23	173	1.0
23	174	1.0
23	175	1.0
23	176	1.0
23	177	1.0
23	178	1.0
23	179	1.0
23	180	1.0
180	181	1.0
180	182	1.0
180	183	1.0
180	184	1.0
180	185	1.0
180	186	1.0
23	187	1.0
23	188	1.0
23	189	1.0
23	190	1.0
23	191	1.0
23	192	1.0
23	193	1.0
23	194	1.0
23	195	1.0
23	196	1.0
196	197	1.0
196	198	1.0
196	199	1.0
196	200	1.0
196	201	1.0
196	202	1.0
196	203	1.0
23	204	1.0
23	205	1.0
23	206	1.0
23	207	1.0
23	208	1.0
23	209	1.0
209	210	1.0
209	211	1.0
209	212	1.0
209	213	1.0
209	214	1.0
209	215	1.0
209	216	1.0
209	217	1.0
209	218	1.0
209	219	1.0
209	220	1.0
209	221	1.0
209	222	1.0
209	223	1.0
209	224	1.0
209	225	1.0
209	226	1.0
209	227	1.0
209	228	1.0
209	229	1.0
209	230	1.0
209	231	1.0
23	232	1.0
23	233	1.0
23	234	1.0
23	235	1.0
23	236	1.0
23	237	1.0
23	238	1.0
23	239	1.0
23	240	1.0
240	241	1.0
240	242	1.0
240	243	1.0
240	244	1.0
240	245	1.0
240	246	1.0
23	247	1.0
23	248	1.0
23	249	1.0
23	250	1.0
23	251	1.0
23	252	1.0
23	253	1.0
23	254	1.0
23	255	1.0
255	256	1.0
255	257	1.0
255	258	1.0
255	259	1.0
255	260	1.0
23	261	1.0
23	262	1.0
23	263	1.0
23	264	1.0
23	265	1.0
23	266	1.0
23	267	1.0
23	268	1.0
23	269	1.0
23	270	1.0
23	271	1.0
23	272	1.0
23	273	1.0
23	274	1.0
23	275	1.0
23	276	1.0
23	277	1.0
23	278	1.0
23	279	1.0
23	280	1.0
23	281	1.0
23	282	1.0
23	283	1.0
23	284	1.0
23	285	1.0
23	286	1.0
23	287	1.0
23	288	1.0
23	289	1.0
23	290	1.0
23	291	1.0
23	292	1.0
23	293	1.0
23	294	1.0
23	295	1.0
23	296	1.0
23	297	1.0
23	298	1.0
23	299	1.0
23	300	1.0
23	301	1.0
23	302	1.0
23	303	1.0
23	304	1.0
304	305	1.0
304	306	1.0
306	307	1.0
306	308	1.0
306	309	1.0
306	310	1.0
306	311	1.0
306	312	1.0
306	313	1.0
306	314	1.0
306	315	1.0
306	316	1.0
304	317	1.0
304	318	1.0
304	319	1.0
304	320	1.0
304	321	1.0
304	322	1.0
304	323	1.0
304	324	1.0
304	325	1.0
304	326	1.0
304	327	1.0
304	328	1.0
304	329	1.0
304	330	1.0
304	331	1.0
304	332	1.0
304	333	1.0
333	334	1.0
334	335	1.0
334	336	1.0
334	337	1.0
334	338	1.0
333	339	1.0
304	340	1.0
304	341	1.0
304	342	1.0
304	343	1.0
304	344	1.0
304	345	1.0
304	346	1.0
304	347	1.0
304	348	1.0
304	349	1.0
304	350	1.0
304	351	1.0
304	352	1.0
304	353	1.0
304	354	1.0
304	355	1.0
304	356	1.0
304	357	1.0
304	358	1.0
304	359	1.0
304	360	1.0
304	361	1.0
304	362	1.0
304	363	1.0
304	364	1.0
304	365	1.0
304	366	1.0
304	367	1.0
304	368	1.0
304	369	1.0
304	370	1.0
304	371	1.0
371	372	1.0
371	373	1.0
371	374	1.0
371	375	1.0
304	376	1.0
304	377	1.0
304	378	1.0
304	379	1.0
304	380	1.0
304	381	1.0
304	382	1.0
304	383	1.0
304	384	1.0
304	385	1.0
304	386	1.0
304	387	1.0
304	388	1.0
304	389	1.0
304	390	1.0
304	391	1.0
304	392	1.0
304	393	1.0
304	394	1.0
304	395	1.0
304	396	1.0
304	397	1.0
304	398	1.0
304	399	1.0
304	400	1.0
304	401	1.0
401	402	1.0
401	403	1.0
401	404	1.0
401	405	1.0
401	406	1.0
401	407	1.0
304	408	1.0
304	409	1.0
304	410	1.0
304	411	1.0
304	412	1.0
304	413	1.0
304	414	1.0
304	415	1.0
304	416	1.0
304	417	1.0
304	418	1.0
304	419	1.0
304	420	1.0
304	421	1.0
304	422	1.0
304	423	1.0
304	424	1.0
304	425	1.0
304	426	1.0
304	427	1.0
427	428	1.0
427	429	1.0
427	430	1.0
427	431	1.0
304	432	1.0
304	433	1.0
304	434	1.0
304	435	1.0
304	436	1.0
304	437	1.0
304	438	1.0
304	439	1.0
304	440	1.0
304	441	1.0
304	442	1.0
304	443	1.0
304	444	1.0
304	445	1.0
304	446	1.0
304	447	1.0
304	448	1.0
304	449	1.0
304	450	1.0
304	451	1.0
304	452	1.0
304	453	1.0
304	454	1.0
304	455	1.0
304	456	1.0
304	457	1.0
304	458	1.0
304	459	1.0
304	460	1.0
304	461	1.0
304	462	1.0
304	463	1.0
304	464	1.0
304	465	1.0
304	466	1.0
466	467	1.0
466	468	1.0
466	469	1.0
466	470	1.0
466	471	1.0
466	472	1.0
466	473	1.0
473	474	1.0
473	475	1.0
473	476	1.0
473	477	1.0
466	478	1.0
466	479	1.0
466	480	1.0
466	481	1.0
466	482	1.0
466	483	1.0
466	484	1.0
466	485	1.0
466	486	1.0
466	487	1.0
466	488	1.0
466	489	1.0
466	490	1.0
466	491	1.0
466	492	1.0
466	493	1.0
466	494	1.0
466	495	1.0
466	496	1.0
466	497	1.0
466	498	1.0
466	499	1.0
466	500	1.0
466	501	1.0
466	502	1.0
466	503	1.0
466	504	1.0
466	505	1.0
466	506	1.0
466	507	1.0
466	508	1.0
508	509	1.0
508	510	1.0
508	511	1.0
508	512	1.0
466	513	1.0
466	514	1.0
466	515	1.0
466	516	1.0
466	517	1.0
466	518	1.0
466	519	1.0
466	520	1.0
466	521	1.0
466	522	1.0
466	523	1.0
523	524	1.0
523	525	1.0
523	526	1.0
523	527	1.0
523	528	1.0
523	529	1.0
466	530	1.0
466	531	1.0
466	532	1.0
466	533	1.0
466	534	1.0
466	535	1.0
466	536	1.0
466	537	1.0
466	538	1.0
466	539	1.0
466	540	1.0
466	541	1.0
466	542	1.0
466	543	1.0
466	544	1.0
544	545	1.0
544	546	1.0
544	547	1.0
544	548	1.0
466	549	1.0
466	550	1.0
466	551	1.0
466	552	1.0
466	553	1.0
466	554	1.0
466	555	1.0
466	556	1.0
466	557	1.0
466	558	1.0
466	559	1.0
466	560	1.0
560	561	1.0
560	562	1.0
562	563	1.0
562	564	1.0
562	565	1.0
562	566	1.0
466	567	1.0
466	568	1.0
304	569	1.0
304	570	1.0
304	571	1.0
304	572	1.0
304	573	1.0
304	574	1.0
304	575	1.0
304	576	1.0
304	577	1.0
304	578	1.0
304	579	1.0
304	580	1.0
304	581	1.0
304	582	1.0
304	583	1.0
304	584	1.0
584	585	1.0
584	586	1.0
584	587	1.0
584	588	1.0
584	589	1.0
584	590	1.0
584	591	1.0
584	592	1.0
584	593	1.0
584	594	1.0
584	595	1.0
584	596	1.0
584	597	1.0
584	598	1.0
584	599	1.0
584	600	1.0
584	601	1.0
304	602	1.0
304	603	1.0
304	604	1.0
304	605	1.0
304	606	1.0
304	607	1.0
304	608	1.0
304	609	1.0
304	610	1.0
304	611	1.0
304	612	1.0
304	613	1.0
23	614	1.0
23	615	1.0
23	616	1.0
23	617	1.0
23	618	1.0
23	619	1.0
23	620	1.0
23	621	1.0
23	622	1.0
23	623	1.0
23	624	1.0
23	625	1.0
23	626	1.0
23	627	1.0
23	628	1.0
23	629	1.0
23	630	1.0
23	631	1.0
23	632	1.0
23	633	1.0
23	634	1.0
23	635	1.0
23	636	1.0
23	637	1.0
23	638	1.0
23	639	1.0
23	640	1.0
23	641	1.0
23	642	1.0
23	643	1.0
23	644	1.0
23	645	1.0
23	646	1.0
23	647	1.0
23	648	1.0
23	649	1.0
23	650	1.0
23	651	1.0
23	652	1.0
23	653	1.0
23	654	1.0
23	655	1.0
23	656	1.0
23	657	1.0
23	658	1.0
23	659	1.0
23	660	1.0
23	661	1.0
23	662	1.0
23	663	1.0
23	664	1.0
23	665	1.0
23	666	1.0
23	667	1.0
23	668	1.0
23	669	1.0
669	670	1.0
669	671	1.0
669	672	1.0
669	673	1.0
669	674	1.0
669	675	1.0
669	676	1.0
669	677	1.0
669	678	1.0
669	679	1.0
669	680	1.0
669	681	1.0
669	682	1.0
669	683	1.0
669	684	1.0
669	685	1.0
669	686	1.0
669	687	1.0
669	688	1.0
669	689	1.0
669	690	1.0
669	691	1.0
669	692	1.0
669	693	1.0
693	694	1.0
693	695	1.0
693	696	1.0
693	697	1.0
693	698	1.0
693	699	1.0
669	700	1.0
669	701	1.0
669	702	1.0
669	703	1.0
669	704	1.0
669	705	1.0
669	706	1.0
669	707	1.0
669	708	1.0
669	709	1.0
669	710	1.0
669	711	1.0
669	712	1.0
669	713	1.0
713	714	1.0
713	715	1.0
713	716	1.0
713	717	1.0
713	718	1.0
669	719	1.0
719	720	1.0
719	721	1.0
719	722	1.0
719	723	1.0
669	724	1.0
669	725	1.0
669	726	1.0
669	727	1.0
669	728	1.0
669	729	1.0
669	730	1.0
669	731	1.0
669	732	1.0
669	733	1.0
669	734	1.0
669	735	1.0
669	736	1.0
736	737	1.0
736	738	1.0
736	739	1.0
736	740	1.0
669	741	1.0
669	742	1.0
669	743	1.0
669	744	1.0
669	745	1.0
669	746	1.0
669	747	1.0
747	748	1.0
747	749	1.0
747	750	1.0
747	751	1.0
747	752	1.0
669	753	1.0
669	754	1.0
669	755	1.0
669	756	1.0
669	757	1.0
669	758	1.0
669	759	1.0
669	760	1.0
669	761	1.0
669	762	1.0
669	763	1.0
669	764	1.0
669	765	1.0
669	766	1.0
669	767	1.0
669	768	1.0
669	769	1.0
669	770	1.0
669	771	1.0
669	772	1.0
669	773	1.0
669	774	1.0
669	775	1.0
669	776	1.0
669	777	1.0
669	778	1.0
669	779	1.0
669	780	1.0
669	781	1.0
669	782	1.0
669	783	1.0
669	784	1.0
669	785	1.0
669	786	1.0
669	787	1.0
669	788	1.0
669	789	1.0
669	790	1.0
669	791	1.0
669	792	1.0
669	793	1.0
669	794	1.0
669	795	1.0
669	796	1.0
669	797	1.0
669	798	1.0
669	799	1.0
669	800	1.0
669	801	1.0
669	802	1.0
669	803	1.0
669	804	1.0
669	805	1.0
805	806	1.0
805	807	1.0
805	808	1.0
805	809	1.0
805	810	1.0
810	811	1.0
810	812	1.0
812	813	1.0
812	814	1.0
812	815	1.0
812	816	1.0
816	817	1.0
816	818	1.0
816	819	1.0
816	820	1.0
816	821	1.0
816	822	1.0
810	823	1.0
669	824	1.0
669	825	1.0
669	826	1.0
669	827	1.0
669	828	1.0
669	829	1.0
669	830	1.0
669	831	1.0
831	832	1.0
831	833	1.0
831	834	1.0
831	835	1.0
669	836	1.0
669	837	1.0
669	838	1.0
669	839	1.0
669	840	1.0
669	841	1.0
669	842	1.0
669	843	1.0
669	844	1.0
669	845	1.0
669	846	1.0
669	847	1.0
669	848	1.0
669	849	1.0
669	850	1.0
669	851	1.0
851	852	1.0
851	853	1.0
851	854	1.0
851	855	1.0
669	856	1.0
669	857	1.0
669	858	1.0
669	859	1.0
669	860	1.0
669	861	1.0
669	862	1.0
669	863	1.0
669	864	1.0
669	865	1.0
669	866	1.0
866	867	1.0
866	868	1.0
866	869	1.0
866	870	1.0
866	871	1.0
866	872	1.0
866	873	1.0
669	874	1.0
669	875	1.0
669	876	1.0
669	877	1.0
669	878	1.0
669	879	1.0
669	880	1.0
669	881	1.0
669	882	1.0
669	883	1.0
669	884	1.0
669	885	1.0
669	886	1.0
669	887	1.0
669	888	1.0
669	889	1.0
669	890	1.0
669	891	1.0
669	892	1.0
892	893	1.0
892	894	1.0
892	895	1.0
892	896	1.0
669	897	1.0
669	898	1.0
669	899	1.0
669	900	1.0
669	901	1.0
669	902	1.0
669	903	1.0
669	904	1.0
669	905	1.0
669	906	1.0
669	907	1.0
669	908	1.0
669	909	1.0
669	910	1.0
669	911	1.0
669	912	1.0
669	913	1.0
669	914	1.0
669	915	1.0
669	916	1.0
669	917	1.0
669	918	1.0
669	919	1.0
669	920	1.0
669	921	1.0
669	922	1.0
669	923	1.0
669	924	1.0
669	925	1.0
669	926	1.0
669	927	1.0
669	928	1.0
669	929	1.0
669	930	1.0
669	931	1.0
669	932	1.0
669	933	1.0
669	934	1.0
669	935	1.0
669	936	1.0
669	937	1.0
669	938	1.0
669	939	1.0
669	940	1.0
669	941	1.0
669	942	1.0
669	943	1.0
669	944	1.0
669	945	1.0
669	946	1.0
669	947	1.0
669	948	1.0
669	949	1.0
669	950	1.0
950	951	1.0
950	952	1.0
950	953	1.0
950	954	1.0
950	955	1.0
950	956	1.0
669	957	1.0
669	958	1.0
669	959	1.0
669	960	1.0
669	961	1.0
669	962	1.0
669	963	1.0
669	964	1.0
669	965	1.0
669	966	1.0
669	967	1.0
669	968	1.0
669	969	1.0
669	970	1.0
669	971	1.0
669	972	1.0
669	973	1.0
669	974	1.0
669	975	1.0
669	976	1.0
669	977	1.0
669	978	1.0
669	979	1.0
669	980	1.0
669	981	1.0
669	982	1.0
669	983	1.0
669	984	1.0
669	985	1.0
669	986	1.0
986	987	1.0
986	988	1.0
986	989	1.0
986	990	1.0
669	991	1.0
669	992	1.0
669	993	1.0
669	994	1.0
669	995	1.0
669	996	1.0
669	997	1.0
669	998	1.0
669	999	1.0
669	1000	1.0
669	1001	1.0
669	1002	1.0
669	1003	1.0
669	1004	1.0
669	1005	1.0
669	1006	1.0
669	1007	1.0
669	1008	1.0
669	1009	1.0
669	1010	1.0
669	1011	1.0
669	1012	1.0
669	1013	1.0
669	1014	1.0
669	1015	1.0
669	1016	1.0
1016	1017	1.0
1016	1018	1.0
1016	1019	1.0
1016	1020	1.0
669	1021	1.0
669	1022	1.0
669	1023	1.0
669	1024	1.0
669	1025	1.0
669	1026	1.0
669	1027	1.0
669	1028	1.0
669	1029	1.0
669	1030	1.0
669	1031	1.0
669	1032	1.0
669	1033	1.0
669	1034	1.0
669	1035	1.0
669	1036	1.0
669	1037	1.0
669	1038	1.0
669	1039	1.0
669	1040	1.0
669	1041	1.0
669	1042	1.0
669	1043	1.0
669	1044	1.0
669	1045	1.0
669	1046	1.0
669	1047	1.0
669	1048	1.0
669	1049	1.0
669	1050	1.0
669	1051	1.0
669	1052	1.0
669	1053	1.0
669	1054	1.0
669	1055	1.0
669	1056	1.0
669	1057	1.0
669	1058	1.0
669	1059	1.0
669	1060	1.0
669	1061	1.0
669	1062	1.0
1062	1063	1.0
1062	1064	1.0
1062	1065	1.0
1062	1066	1.0
1066	1067	1.0
1066	1068	1.0
1066	1069	1.0
1066	1070	1.0
1066	1071	1.0
1066	1072	1.0
1066	1073	1.0
669	1074	1.0
669	1075	1.0
669	1076	1.0
669	1077	1.0
669	1078	1.0
669	1079	1.0
669	1080	1.0
669	1081	1.0
669	1082	1.0
669	1083	1.0
669	1084	1.0
669	1085	1.0
669	1086	1.0
669	1087	1.0
669	1088	1.0
669	1089	1.0
1089	1090	1.0
1089	1091	1.0
1089	1092	1.0
1092	1093	1.0
1092	1094	1.0
1092	1095	1.0
1092	1096	1.0
1089	1097	1.0
1089	1098	1.0
669	1099	1.0
669	1100	1.0
669	1101	1.0
669	1102	1.0
669	1103	1.0
669	1104	1.0
669	1105	1.0
669	1106	1.0
669	1107	1.0
669	1108	1.0
669	1109	1.0
669	1110	1.0
669	1111	1.0
669	1112	1.0
669	1113	1.0
669	1114	1.0
669	1115	1.0
1115	1116	1.0
1115	1117	1.0
1115	1118	1.0
1115	1119	1.0
1115	1120	1.0
1115	1121	1.0
1115	1122	1.0
669	1123	1.0
669	1124	1.0
669	1125	1.0
669	1126	1.0
669	1127	1.0
669	1128	1.0
669	1129	1.0
669	1130	1.0
669	1131	1.0
669	1132	1.0
669	1133	1.0
669	1134	1.0
669	1135	1.0
669	1136	1.0
669	1137	1.0
669	1138	1.0
669	1139	1.0
669	1140	1.0
669	1141	1.0
669	1142	1.0
669	1143	1.0
669	1144	1.0
669	1145	1.0
669	1146	1.0
669	1147	1.0
23	1148	1.0
23	1149	1.0
23	1150	1.0
23	1151	1.0
23	1152	1.0
23	1153	1.0
23	1154	1.0
23	1155	1.0
23	1156	1.0
1156	1157	1.0
1156	1158	1.0
1156	1159	1.0
1156	1160	1.0
1156	1161	1.0
1156	1162	1.0
1156	1163	1.0
1156	1164	1.0
1156	1165	1.0
23	1166	1.0
23	1167	1.0
23	1168	1.0
23	1169	1.0
23	1170	1.0
23	1171	1.0
23	1172	1.0
23	1173	1.0
23	1174	1.0
23	1175	1.0
23	1176	1.0
23	1177	1.0
23	1178	1.0
23	1179	1.0
23	1180	1.0
23	1181	1.0
23	1182	1.0
23	1183	1.0
23	1184	1.0
23	1185	1.0
23	1186	1.0
23	1187	1.0
23	1188	1.0
23	1189	1.0
23	1190	1.0
23	1191	1.0
23	1192	1.0
23	1193	1.0
23	1194	1.0
23	1195	1.0
23	1196	1.0
23	1197	1.0
23	1198	1.0
23	1199	1.0
23	1200	1.0
1200	1201	1.0
1200	1202	1.0
1200	1203	1.0
1200	1204	1.0
1200	1205	1.0
1200	1206	1.0
23	1207	1.0
23	1208	1.0
23	1209	1.0
23	1210	1.0
23	1211	1.0
23	1212	1.0
23	1213	1.0
23	1214	1.0
23	1215	1.0
23	1216	1.0
23	1217	1.0
23	1218	1.0
23	1219	1.0
23	1220	1.0
23	1221	1.0
23	1222	1.0
23	1223	1.0
23	1224	1.0
23	1225	1.0
23	1226	1.0
23	1227	1.0
23	1228	1.0
23	1229	1.0
23	1230	1.0
23	1231	1.0
1231	1232	1.0
1231	1233	1.0
1231	1234	1.0
1231	1235	1.0
1231	1236	1.0
1231	1237	1.0
1231	1238	1.0
23	1239	1.0
1239	1240	1.0
1239	1241	1.0
1239	1242	1.0
1239	1243	1.0
1239	1244	1.0
23	1245	1.0
23	1246	1.0
23	1247	1.0
23	1248	1.0
23	1249	1.0
23	1250	1.0
23	1251	1.0
23	1252	1.0
23	1253	1.0
23	1254	1.0
1254	1255	1.0
1255	1256	1.0
1255	1257	1.0
1255	1258	1.0
1255	1259	1.0
1255	1260	1.0
1255	1261	1.0
1255	1262	1.0
1255	1263	1.0
1255	1264	1.0
1255	1265	1.0
1255	1266	1.0
1254	1267	1.0
1254	1268	1.0
1254	1269	1.0
1269	1270	1.0
1269	1271	1.0
1269	1272	1.0
1269	1273	1.0
1254	1274	1.0
1254	1275	1.0
1254	1276	1.0
1254	1277	1.0
1254	1278	1.0
1254	1279	1.0
1254	1280	1.0
1254	1281	1.0
1254	1282	1.0
1254	1283	1.0
1254	1284	1.0
1254	1285	1.0
23	1286	1.0
23	1287	1.0
23	1288	1.0
23	1289	1.0
1289	1290	1.0
1289	1291	1.0
1289	1292	1.0
1289	1293	1.0
1289	1294	1.0
1289	1295	1.0
1289	1296	1.0
23	1297	1.0
23	1298	1.0
23	1299	1.0
23	1300	1.0
23	1301	1.0
23	1302	1.0
23	1303	1.0
23	1304	1.0
23	1305	1.0
23	1306	1.0
23	1307	1.0
23	1308	1.0
23	1309	1.0
23	1310	1.0
23	1311	1.0
23	1312	1.0
23	1313	1.0
23	1314	1.0
23	1315	1.0
23	1316	1.0
23	1317	1.0
23	1318	1.0
23	1319	1.0
23	1320	1.0
23	1321	1.0
23	1322	1.0
23	1323	1.0
23	1324	1.0
23	1325	1.0
23	1326	1.0
23	1327	1.0
23	1328	1.0
23	1329	1.0
23	1330	1.0
23	1331	1.0
23	1332	1.0
23	1333	1.0
23	1334	1.0
23	1335	1.0
23	1336	1.0
23	1337	1.0
23	1338	1.0
23	1339	1.0
23	1340	1.0
23	1341	1.0
23	1342	1.0
23	1343	1.0
23	1344	1.0
23	1345	1.0
23	1346	1.0
23	1347	1.0
23	1348	1.0
23	1349	1.0
23	1350	1.0
1350	1351	1.0
1350	1352	1.0
1350	1353	1.0
1350	1354	1.0
23	1355	1.0
23	1356	1.0
23	1357	1.0
23	1358	1.0
23	1359	1.0
23	1360	1.0
23	1361	1.0
23	1362	1.0
23	1363	1.0
23	1364	1.0
23	1365	1.0
23	1366	1.0
23	1367	1.0
23	1368	1.0
23	1369	1.0
23	1370	1.0
23	1371	1.0
23	1372	1.0
23	1373	1.0
23	1374	1.0
23	1375	1.0
23	1376	1.0
23	1377	1.0
23	1378	1.0
23	1379	1.0
23	1380	1.0
23	1381	1.0
23	1382	1.0
23	1383	1.0
23	1384	1.0
23	1385	1.0
23	1386	1.0
23	1387	1.0
23	1388	1.0
23	1389	1.0
23	1390	1.0
23	1391	1.0
23	1392	1.0
23	1393	1.0
23	1394	1.0
23	1395	1.0
23	1396	1.0
23	1397	1.0
23	1398	1.0
23	1399	1.0
23	1400	1.0
23	1401	1.0
23	1402	1.0
23	1403	1.0
23	1404	1.0
23	1405	1.0
23	1406	1.0
1406	1407	1.0
1406	1408	1.0
1406	1409	1.0
1406	1410	1.0
1406	1411	1.0
1406	1412	1.0
1406	1413	1.0
1406	1414	1.0
1406	1415	1.0
23	1416	1.0
23	1417	1.0
23	1418	1.0
23	1419	1.0
23	1420	1.0
23	1421	1.0
23	1422	1.0
23	1423	1.0
23	1424	1.0
23	1425	1.0
23	1426	1.0
23	1427	1.0
23	1428	1.0
23	1429	1.0
23	1430	1.0
23	1431	1.0
23	1432	1.0
23	1433	1.0
23	1434	1.0
23	1435	1.0
23	1436	1.0
23	1437	1.0
23	1438	1.0
23	1439	1.0
23	1440	1.0
1440	1441	1.0
1440	1442	1.0
1440	1443	1.0
1443	1444	1.0
1443	1445	1.0
1443	1446	1.0
1443	1447	1.0
1443	1448	1.0
1443	1449	1.0
1440	1450	1.0
1440	1451	1.0
23	1452	1.0
1452	1453	1.0
1452	1454	1.0
1452	1455	1.0
1452	1456	1.0
1452	1457	1.0
1452	1458	1.0
23	1459	1.0
23	1460	1.0
23	1461	1.0
1461	1462	1.0
1461	1463	1.0
1461	1464	1.0
1461	1465	1.0
23	1466	1.0
23	1467	1.0
23	1468	1.0
23	1469	1.0
23	1470	1.0
23	1471	1.0
23	1472	1.0
23	1473	1.0
23	1474	1.0
23	1475	1.0
23	1476	1.0
23	1477	1.0
23	1478	1.0
23	1479	1.0
23	1480	1.0
23	1481	1.0
23	1482	1.0
23	1483	1.0
23	1484	1.0
23	1485	1.0
23	1486	1.0
1486	1487	1.0
1486	1488	1.0
1486	1489	1.0
1486	1490	1.0
23	1491	1.0
23	1492	1.0
23	1493	1.0
23	1494	1.0
23	1495	1.0
23	1496	1.0
23	1497	1.0
23	1498	1.0
23	1499	1.0
23	1500	1.0
23	1501	1.0
23	1502	1.0
23	1503	1.0
23	1504	1.0
23	1505	1.0
23	1506	1.0
23	1507	1.0
23	1508	1.0
23	1509	1.0
23	1510	1.0
23	1511	1.0
23	1512	1.0
23	1513	1.0
23	1514	1.0
23	1515	1.0
23	1516	1.0
23	1517	1.0
23	1518	1.0
23	1519	1.0
23	1520	1.0
23	1521	1.0
23	1522	1.0
23	1523	1.0
23	1524	1.0
23	1525	1.0
23	1526	1.0
23	1527	1.0
23	1528	1.0
1528	1529	1.0
1528	1530	1.0
1528	1531	1.0
1528	1532	1.0
1528	1533	1.0
1528	1534	1.0
1528	1535	1.0
1528	1536	1.0
1528	1537	1.0
1528	1538	1.0
1528	1539	1.0
1528	1540	1.0
1528	1541	1.0
23	1542	1.0
1542	1543	1.0
1543	1544	1.0
1543	1545	1.0
1543	1546	1.0
1543	1547	1.0
1542	1548	1.0
1542	1549	1.0
1542	1550	1.0
23	1551	1.0
23	1552	1.0
23	1553	1.0
1553	1554	1.0
1553	1555	1.0
1553	1556	1.0
1553	1557	1.0
23	1558	1.0
23	1559	1.0
23	1560	1.0
23	1561	1.0
23	1562	1.0
23	1563	1.0
23	1564	1.0
23	1565	1.0
23	1566	1.0
1566	1567	1.0
1566	1568	1.0
1566	1569	1.0
1566	1570	1.0
23	1571	1.0
23	1572	1.0
1572	1573	1.0
1572	1574	1.0
1572	1575	1.0
1572	1576	1.0
1572	1577	1.0
23	1578	1.0
23	1579	1.0
23	1580	1.0
23	1581	1.0
23	1582	1.0
23	1583	1.0
23	1584	1.0
23	1585	1.0
23	1586	1.0
23	1587	1.0
23	1588	1.0
23	1589	1.0
23	1590	1.0
23	1591	1.0
23	1592	1.0
23	1593	1.0
23	1594	1.0
23	1595	1.0
23	1596	1.0
23	1597	1.0
23	1598	1.0
23	1599	1.0
23	1600	1.0
23	1601	1.0
23	1602	1.0
23	1603	1.0
23	1604	1.0
23	1605	1.0
23	1606	1.0
23	1607	1.0
23	1608	1.0
23	1609	1.0
23	1610	1.0
23	1611	1.0
23	1612	1.0
23	1613	1.0
1613	1614	1.0
1613	1615	1.0
1613	1616	1.0
1613	1617	1.0
1613	1618	1.0
23	1619	1.0
23	1620	1.0
23	1621	1.0
23	1622	1.0
23	1623	1.0
23	1624	1.0
23	1625	1.0
23	1626	1.0
23	1627	1.0
23	1628	1.0
23	1629	1.0
23	1630	1.0
23	1631	1.0
23	1632	1.0
23	1633	1.0
23	1634	1.0
23	1635	1.0
23	1636	1.0
23	1637	1.0
23	1638	1.0
23	1639	1.0
23	1640	1.0
23	1641	1.0
23	1642	1.0
23	1643	1.0
1643	1644	1.0
1643	1645	1.0
1643	1646	1.0
1643	1647	1.0
23	1648	1.0
23	1649	1.0
23	1650	1.0
23	1651	1.0
23	1652	1.0
23	1653	1.0
23	1654	1.0
23	1655	1.0
23	1656	1.0
23	1657	1.0
23	1658	1.0
23	1659	1.0
23	1660	1.0
23	1661	1.0
23	1662	1.0
23	1663	1.0
23	1664	1.0
23	1665	1.0
23	1666	1.0
23	1667	1.0
23	1668	1.0
23	1669	1.0
23	1670	1.0
23	1671	1.0
23	1672	1.0
23	1673	1.0
23	1674	1.0
23	1675	1.0
23	1676	1.0
23	1677	1.0
23	1678	1.0
23	1679	1.0
23	1680	1.0
23	1681	1.0
23	1682	1.0
23	1683	1.0
23	1684	1.0
23	1685	1.0
23	1686	1.0
23	1687	1.0
23	1688	1.0
23	1689	1.0
23	1690	1.0
23	1691	1.0
23	1692	1.0
23	1693	1.0
23	1694	1.0
23	1695	1.0
23	1696	1.0
23	1697	1.0
23	1698	1.0
23	1699	1.0
23	1700	1.0
23	1701	1.0
23	1702	1.0
23	1703	1.0
23	1704	1.0
23	1705	1.0
23	1706	1.0
23	1707	1.0
23	1708	1.0
23	1709	1.0
23	1710	1.0
23	1711	1.0
23	1712	1.0
23	1713	1.0
1713	1714	1.0
1713	1715	1.0
1713	1716	1.0
1713	1717	1.0
23	1718	1.0
23	1719	1.0
1719	1720	1.0
1719	1721	1.0
1719	1722	1.0
1719	1723	1.0
1719	1724	1.0
1719	1725	1.0
23	1726	1.0
23	1727	1.0
23	1728	1.0
1728	1729	1.0
1728	1730	1.0
1728	1731	1.0
1728	1732	1.0
1728	1733	1.0
1728	1734	1.0
23	1735	1.0
23	1736	1.0
23	1737	1.0
23	1738	1.0
23	1739	1.0
23	1740	1.0
23	1741	1.0
23	1742	1.0
23	1743	1.0
23	1744	1.0
23	1745	1.0
23	1746	1.0
23	1747	1.0
23	1748	1.0
23	1749	1.0
23	1750	1.0
23	1751	1.0
23	1752	1.0
1752	1753	1.0
1752	1754	1.0
1752	1755	1.0
1752	1756	1.0
1752	1757	1.0
1752	1758	1.0
23	1759	1.0
23	1760	1.0
23	1761	1.0
23	1762	1.0
23	1763	1.0
23	1764	1.0
23	1765	1.0
23	1766	1.0
23	1767	1.0
23	1768	1.0
23	1769	1.0
23	1770	1.0
23	1771	1.0
23	1772	1.0
23	1773	1.0
23	1774	1.0
23	1775	1.0
1775	1776	1.0
1775	1777	1.0
1775	1778	1.0
1775	1779	1.0
1775	1780	1.0
1775	1781	1.0
1775	1782	1.0
23	1783	1.0
23	1784	1.0
23	1785	1.0
23	1786	1.0
23	1787	1.0
23	1788	1.0
23	1789	1.0
23	1790	1.0
23	1791	1.0
23	1792	1.0
23	1793	1.0
23	1794	1.0
23	1795	1.0
23	1796	1.0
23	1797	1.0
23	1798	1.0
23	1799	1.0
23	1800	1.0
23	1801	1.0
23	1802	1.0
23	1803	1.0
23	1804	1.0
23	1805	1.0
23	1806	1.0
23	1807	1.0
23	1808	1.0
23	1809	1.0
23	1810	1.0
23	1811	1.0
1811	1812	1.0
1811	1813	1.0
1811	1814	1.0
1811	1815	1.0
1811	1816	1.0
1811	1817	1.0
1811	1818	1.0
1811	1819	1.0
1811	1820	1.0
1811	1821	1.0
1811	1822	1.0
1811	1823	1.0
1811	1824	1.0
1811	1825	1.0
1811	1826	1.0
1811	1827	1.0
1811	1828	1.0
1828	1829	1.0
1828	1830	1.0
1828	1831	1.0
1828	1832	1.0
1828	1833	1.0
1828	1834	1.0
1834	1835	1.0
1834	1836	1.0
1834	1837	1.0
1834	1838	1.0
1834	1839	1.0
1834	1840	1.0
1834	1841	1.0
1834	1842	1.0
1834	1843	1.0
1834	1844	1.0
1834	1845	1.0
1828	1846	1.0
1811	1847	1.0
1811	1848	1.0
1811	1849	1.0
1811	1850	1.0
1811	1851	1.0
1811	1852	1.0
1811	1853	1.0
1811	1854	1.0
1811	1855	1.0
1811	1856	1.0
1811	1857	1.0
1811	1858	1.0
1811	1859	1.0
1811	1860	1.0
1811	1861	1.0
1811	1862	1.0
1811	1863	1.0
1811	1864	1.0
1811	1865	1.0
1811	1866	1.0
1811	1867	1.0
1811	1868	1.0
1811	1869	1.0
1811	1870	1.0
1811	1871	1.0
1871	1872	1.0
1871	1873	1.0
1871	1874	1.0
1871	1875	1.0
1811	1876	1.0
1811	1877	1.0
1811	1878	1.0
1811	1879	1.0
1811	1880	1.0
1811	1881	1.0
1811	1882	1.0
1811	1883	1.0
1811	1884	1.0
1811	1885	1.0
1811	1886	1.0
1811	1887	1.0
1811	1888	1.0
1811	1889	1.0
1811	1890	1.0
1811	1891	1.0
1811	1892	1.0
1811	1893	1.0
1811	1894	1.0
1811	1895	1.0
1811	1896	1.0
23	1897	1.0
23	1898	1.0
23	1899	1.0
23	1900	1.0
23	1901	1.0
23	1902	1.0
23	1903	1.0
23	1904	1.0
23	1905	1.0
23	1906	1.0
23	1907	1.0
23	1908	1.0
23	1909	1.0
23	1910	1.0
23	1911	1.0
23	1912	1.0
23	1913	1.0
23	1914	1.0
23	1915	1.0
23	1916	1.0
23	1917	1.0
23	1918	1.0
23	1919	1.0
23	1920	1.0
23	1921	1.0
1921	1922	1.0
1921	1923	1.0
1921	1924	1.0
1921	1925	1.0
1925	1926	1.0
1925	1927	1.0
1927	1928	1.0
1927	1929	1.0
1927	1930	1.0
1927	1931	1.0
1925	1932	1.0
1925	1933	1.0
1925	1934	1.0
1925	1935	1.0
1925	1936	1.0
1921	1937	1.0
1921	1938	1.0
1921	1939	1.0
1921	1940	1.0
1921	1941	1.0
1921	1942	1.0
1921	1943	1.0
23	1944	1.0
1944	1945	1.0
1945	1946	1.0
1945	1947	1.0
1945	1948	1.0
1945	1949	1.0
1945	1950	1.0
1944	1951	1.0
1944	1952	1.0
23	1953	1.0
1953	1954	1.0
1953	1955	1.0
1953	1956	1.0
1953	1957	1.0
1953	1958	1.0
1953	1959	1.0
1953	1960	1.0
1960	1961	1.0
1960	1962	1.0
1960	1963	1.0
1960	1964	1.0
1960	1965	1.0
1960	1966	1.0
1960	1967	1.0
1960	1968	1.0
1960	1969	1.0
1960	1970	1.0
1960	1971	1.0
1960	1972	1.0
1960	1973	1.0
1960	1974	1.0
1960	1975	1.0
1960	1976	1.0
1960	1977	1.0
1960	1978	1.0
1960	1979	1.0
1960	1980	1.0
1960	1981	1.0
1960	1982	1.0
1960	1983	1.0
1960	1984	1.0
1960	1985	1.0
1960	1986	1.0
1960	1987	1.0
1953	1988	1.0
1953	1989	1.0
1953	1990	1.0
1953	1991	1.0
1953	1992	1.0
1953	1993	1.0
1953	1994	1.0
1953	1995	1.0
1953	1996	1.0
1953	1997	1.0
1953	1998	1.0
1953	1999	1.0
1953	2000	1.0
1953	2001	1.0
1953	2002	1.0
1953	2003	1.0
1953	2004	1.0
2004	2005	1.0
2004	2006	1.0
2004	2007	1.0
2004	2008	1.0
2004	2009	1.0
2004	2010	1.0
1953	2011	1.0
1953	2012	1.0
1953	2013	1.0
1953	2014	1.0
1953	2015	1.0
1953	2016	1.0
1953	2017	1.0
1953	2018	1.0
1953	2019	1.0
1953	2020	1.0
1953	2021	1.0
1953	2022	1.0
1953	2023	1.0
1953	2024	1.0
1953	2025	1.0
1953	2026	1.0
23	2027	1.0
23	2028	1.0
23	2029	1.0
23	2030	1.0
23	2031	1.0
23	2032	1.0
23	2033	1.0
23	2034	1.0
23	2035	1.0
23	2036	1.0
23	2037	1.0
23	2038	1.0
23	2039	1.0
23	2040	1.0
23	2041	1.0
23	2042	1.0
23	2043	1.0
23	2044	1.0
23	2045	1.0
23	2046	1.0
23	2047	1.0
23	2048	1.0
23	2049	1.0
23	2050	1.0
23	2051	1.0
23	2052	1.0
23	2053	1.0
23	2054	1.0
23	2055	1.0
23	2056	1.0
23	2057	1.0
23	2058	1.0
23	2059	1.0
23	2060	1.0
23	2061	1.0
23	2062	1.0
23	2063	1.0
23	2064	1.0
23	2065	1.0
23	2066	1.0
23	2067	1.0
23	2068	1.0
23	2069	1.0
23	2070	1.0
23	2071	1.0
23	2072	1.0
23	2073	1.0
23	2074	1.0
23	2075	1.0
23	2076	1.0
23	2077	1.0
23	2078	1.0
23	2079	1.0
23	2080	1.0
20	2081	1.0
20	2082	1.0
12	2083	1.0
12	2084	1.0
12	2085	1.0
12	2086	1.0
12	2087	1.0
12	2088	1.0
12	2089	1.0
12	2090	1.0
12	2091	1.0
3	2092	1.0
0	2093	1.0
