0	1	1.0
1	2	1.0
1	3	1.0
1	4	1.0
1	5	1.0
1	6	1.0
1	7	1.0
1	8	1.0
8	9	1.0
8	10	1.0
10	11	1.0
11	12	1.0
11	13	1.0
11	14	1.0
11	15	1.0
11	16	1.0
11	17	1.0
11	18	1.0
11	19	1.0
11	20	1.0
11	21	1.0
11	22	1.0
11	23	1.0
11	24	1.0
11	25	1.0
11	26	1.0
11	27	1.0
11	28	1.0
11	29	1.0
11	30	1.0
11	31	1.0
11	32	1.0
11	33	1.0
11	34	1.0
11	35	1.0
11	36	1.0
11	37	1.0
11	38	1.0
11	39	1.0
11	40	1.0
11	41	1.0
11	42	1.0
11	43	1.0
11	44	1.0
11	45	1.0
11	46	1.0
11	47	1.0
11	48	1.0
11	49	1.0
11	50	1.0
11	51	1.0
11	52	1.0
11	53	1.0
11	54	1.0
54	55	1.0
54	56	1.0
54	57	1.0
54	58	1.0
58	59	1.0
59	60	1.0
59	61	1.0
59	62	1.0
62	63	1.0
62	64	1.0
62	65	1.0
62	66	1.0
62	67	1.0
62	68	1.0
62	69	1.0
62	70	1.0
62	71	1.0
62	72	1.0
62	73	1.0
62	74	1.0
74	75	1.0
74	76	1.0
74	77	1.0
74	78	1.0
74	79	1.0
74	80	1.0
74	81	1.0
74	82	1.0
74	83	1.0
74	84	1.0
74	85	1.0
74	86	1.0
74	87	1.0
74	88	1.0
74	89	1.0
74	90	1.0
74	91	1.0
74	92	1.0
74	93	1.0
74	94	1.0
74	95	1.0
74	96	1.0
74	97	1.0
74	98	1.0
74	99	1.0
62	100	1.0
59	101	1.0
59	102	1.0
59	103	1.0
59	104	1.0
59	105	1.0
59	106	1.0
59	107	1.0
107	108	1.0
107	109	1.0
107	110	1.0
107	111	1.0
107	112	1.0
107	113	1.0
107	114	1.0
107	115	1.0
107	116	1.0
107	117	1.0
107	118	1.0
107	119	1.0
107	120	1.0
107	121	1.0
107	122	1.0
107	123	1.0
107	124	1.0
107	125	1.0
107	126	1.0
107	127	1.0
107	128	1.0
107	129	1.0
107	130	1.0
107	131	1.0
107	132	1.0
107	133	1.0
107	134	1.0
107	135	1.0
107	136	1.0
107	137	1.0
107	138	1.0
107	139	1.0
107	140	1.0
107	141	1.0
107	142	1.0
107	143	1.0
107	144	1.0
107	145	1.0
107	146	1.0
107	147	1.0
107	148	1.0
107	149	1.0
107	150	1.0
107	151	1.0
107	152	1.0
107	153	1.0
107	154	1.0
107	155	1.0
107	156	1.0
107	157	1.0
107	158	1.0
107	159	1.0
107	160	1.0
107	161	1.0
107	162	1.0
107	163	1.0
107	164	1.0
107	165	1.0
107	166	1.0
107	167	1.0
107	168	1.0
107	169	1.0
107	170	1.0
107	171	1.0
107	172	1.0
107	173	1.0
107	174	1.0
107	175	1.0
107	176	1.0
107	177	1.0
107	178	1.0
107	179	1.0
107	180	1.0
107	181	1.0
107	182	1.0
107	183	1.0
107	184	1.0
107	185	1.0
107	186	1.0
107	187	1.0
107	188	1.0
107	189	1.0
107	190	1.0
107	191	1.0
107	192	1.0
107	193	1.0
107	194	1.0
107	195	1.0
107	196	1.0
107	197	1.0
107	198	1.0
107	199	1.0
107	200	1.0
107	201	1.0
107	202	1.0
107	203	1.0
107	204	1.0
107	205	1.0
107	206	1.0
107	207	1.0
107	208	1.0
107	209	1.0
107	210	1.0
107	211	1.0
107	212	1.0
107	213	1.0
107	214	1.0
107	215	1.0
107	216	1.0
107	217	1.0
107	218	1.0
107	219	1.0
107	220	1.0
107	221	1.0
107	222	1.0
107	223	1.0
107	224	1.0
107	225	1.0
107	226	1.0
107	227	1.0
107	228	1.0
107	229	1.0
107	230	1.0
107	231	1.0
107	232	1.0
107	233	1.0
107	234	1.0
107	235	1.0
107	236	1.0
107	237	1.0
107	238	1.0
107	239	1.0
107	240	1.0
107	241	1.0
107	242	1.0
107	243	1.0
107	244	1.0
107	245	1.0
107	246	1.0
107	247	1.0
107	248	1.0
107	249	1.0
107	250	1.0
107	251	1.0
107	252	1.0
107	253	1.0
107	254	1.0
107	255	1.0
107	256	1.0
107	257	1.0
107	258	1.0
107	259	1.0
107	260	1.0
107	261	1.0
107	262	1.0
107	263	1.0
107	264	1.0
107	265	1.0
107	266	1.0
107	267	1.0
107	268	1.0
107	269	1.0
107	270	1.0
107	271	1.0
107	272	1.0
107	273	1.0
107	274	1.0
107	275	1.0
107	276	1.0
107	277	1.0
107	278	1.0
107	279	1.0
107	280	1.0
107	281	1.0
107	282	1.0
107	283	1.0
107	284	1.0
107	285	1.0
107	286	1.0
107	287	1.0
107	288	1.0
107	289	1.0
107	290	1.0
107	291	1.0
107	292	1.0
107	293	1.0
107	294	1.0
107	295	1.0
107	296	1.0
107	297	1.0
107	298	1.0
107	299	1.0
107	300	1.0
107	301	1.0
107	302	1.0
107	303	1.0
107	304	1.0
107	305	1.0
107	306	1.0
107	307	1.0
107	308	1.0
107	309	1.0
107	310	1.0
107	311	1.0
107	312	1.0
107	313	1.0
107	314	1.0
107	315	1.0
107	316	1.0
107	317	1.0
107	318	1.0
107	319	1.0
107	320	1.0
107	321	1.0
107	322	1.0
107	323	1.0
107	324	1.0
107	325	1.0
107	326	1.0
107	327	1.0
107	328	1.0
107	329	1.0
107	330	1.0
107	331	1.0
107	332	1.0
107	333	1.0
107	334	1.0
107	335	1.0
107	336	1.0
107	337	1.0
107	338	1.0
107	339	1.0
107	340	1.0
107	341	1.0
107	342	1.0
107	343	1.0
107	344	1.0
107	345	1.0
107	346	1.0
107	347	1.0
107	348	1.0
107	349	1.0
107	350	1.0
107	351	1.0
107	352	1.0
107	353	1.0
107	354	1.0
107	355	1.0
107	356	1.0
107	357	1.0
107	358	1.0
107	359	1.0
107	360	1.0
107	361	1.0
107	362	1.0
107	363	1.0
107	364	1.0
107	365	1.0
107	366	1.0
107	367	1.0
107	368	1.0
107	369	1.0
107	370	1.0
107	371	1.0
107	372	1.0
107	373	1.0
107	374	1.0
107	375	1.0
107	376	1.0
107	377	1.0
107	378	1.0
107	379	1.0
107	380	1.0
107	381	1.0
107	382	1.0
107	383	1.0
107	384	1.0
107	385	1.0
107	386	1.0
107	387	1.0
107	388	1.0
107	389	1.0
107	390	1.0
107	391	1.0
107	392	1.0
107	393	1.0
107	394	1.0
107	395	1.0
107	396	1.0
107	397	1.0
107	398	1.0
107	399	1.0
107	400	1.0
107	401	1.0
107	402	1.0
107	403	1.0
107	404	1.0
107	405	1.0
107	406	1.0
107	407	1.0
107	408	1.0
408	409	1.0
408	410	1.0
408	411	1.0
408	412	1.0
408	413	1.0
408	414	1.0
408	415	1.0
408	416	1.0
408	417	1.0
408	418	1.0
408	419	1.0
408	420	1.0
408	421	1.0
408	422	1.0
408	423	1.0
408	424	1.0
107	425	1.0
107	426	1.0
107	427	1.0
107	428	1.0
107	429	1.0
107	430	1.0
107	431	1.0
107	432	1.0
107	433	1.0
107	434	1.0
107	435	1.0
107	436	1.0
107	437	1.0
107	438	1.0
107	439	1.0
107	440	1.0
107	441	1.0
107	442	1.0
107	443	1.0
107	444	1.0
107	445	1.0
107	446	1.0
107	447	1.0
107	448	1.0
107	449	1.0
449	450	1.0
449	451	1.0
449	452	1.0
449	453	1.0
449	454	1.0
449	455	1.0
449	456	1.0
449	457	1.0
449	458	1.0
449	459	1.0
449	460	1.0
449	461	1.0
449	462	1.0
449	463	1.0
449	464	1.0
449	465	1.0
449	466	1.0
449	467	1.0
107	468	1.0
107	469	1.0
107	470	1.0
107	471	1.0
107	472	1.0
107	473	1.0
107	474	1.0
107	475	1.0
107	476	1.0
107	477	1.0
107	478	1.0
107	479	1.0
107	480	1.0
107	481	1.0
107	482	1.0
107	483	1.0
107	484	1.0
107	485	1.0
107	486	1.0
107	487	1.0
107	488	1.0
107	489	1.0
107	490	1.0
107	491	1.0
107	492	1.0
492	493	1.0
492	494	1.0
494	495	1.0
494	496	1.0
494	497	1.0
494	498	1.0
494	499	1.0
494	500	1.0
494	501	1.0
492	502	1.0
492	503	1.0
492	504	1.0
492	505	1.0
492	506	1.0
492	507	1.0
492	508	1.0
492	509	1.0
492	510	1.0
492	511	1.0
492	512	1.0
107	513	1.0
107	514	1.0
107	515	1.0
107	516	1.0
107	517	1.0
107	518	1.0
107	519	1.0
107	520	1.0
107	521	1.0
107	522	1.0
107	523	1.0
107	524	1.0
107	525	1.0
107	526	1.0
107	527	1.0
107	528	1.0
107	529	1.0
107	530	1.0
107	531	1.0
107	532	1.0
107	533	1.0
107	534	1.0
107	535	1.0
107	536	1.0
107	537	1.0
107	538	1.0
107	539	1.0
107	540	1.0
107	541	1.0
107	542	1.0
107	543	1.0
107	544	1.0
107	545	1.0
107	546	1.0
107	547	1.0
107	548	1.0
107	549	1.0
107	550	1.0
107	551	1.0
107	552	1.0
107	553	1.0
107	554	1.0
107	555	1.0
107	556	1.0
107	557	1.0
107	558	1.0
107	559	1.0
107	560	1.0
107	561	1.0
107	562	1.0
107	563	1.0
107	564	1.0
107	565	1.0
107	566	1.0
107	567	1.0
107	568	1.0
107	569	1.0
107	570	1.0
107	571	1.0
107	572	1.0
107	573	1.0
107	574	1.0
107	575	1.0
107	576	1.0
107	577	1.0
107	578	1.0
107	579	1.0
107	580	1.0
107	581	1.0
581	582	1.0
581	583	1.0
581	584	1.0
581	585	1.0
581	586	1.0
581	587	1.0
581	588	1.0
581	589	1.0
581	590	1.0
107	591	1.0
107	592	1.0
107	593	1.0
107	594	1.0
107	595	1.0
107	596	1.0
107	597	1.0
107	598	1.0
107	599	1.0
107	600	1.0
107	601	1.0
601	602	1.0
601	603	1.0
601	604	1.0
601	605	1.0
601	606	1.0
601	607	1.0
601	608	1.0
601	609	1.0
601	610	1.0
601	611	1.0
601	612	1.0
601	613	1.0
601	614	1.0
601	615	1.0
107	616	1.0
107	617	1.0
107	618	1.0
107	619	1.0
107	620	1.0
107	621	1.0
107	622	1.0
107	623	1.0
107	624	1.0
107	625	1.0
107	626	1.0
107	627	1.0
107	628	1.0
107	629	1.0
107	630	1.0
107	631	1.0
107	632	1.0
632	633	1.0
632	634	1.0
632	635	1.0
632	636	1.0
632	637	1.0
632	638	1.0
632	639	1.0
632	640	1.0
632	641	1.0
632	642	1.0
632	643	1.0
632	644	1.0
632	645	1.0
632	646	1.0
632	647	1.0
632	648	1.0
648	649	1.0
648	650	1.0
648	651	1.0
648	652	1.0
648	653	1.0
648	654	1.0
648	655	1.0
632	656	1.0
632	657	1.0
632	658	1.0
632	659	1.0
632	660	1.0
632	661	1.0
107	662	1.0
107	663	1.0
107	664	1.0
107	665	1.0
107	666	1.0
107	667	1.0
107	668	1.0
107	669	1.0
107	670	1.0
107	671	1.0
107	672	1.0
107	673	1.0
107	674	1.0
107	675	1.0
107	676	1.0
107	677	1.0
107	678	1.0
107	679	1.0
107	680	1.0
107	681	1.0
107	682	1.0
107	683	1.0
107	684	1.0
107	685	1.0
107	686	1.0
107	687	1.0
107	688	1.0
107	689	1.0
107	690	1.0
107	691	1.0
107	692	1.0
107	693	1.0
107	694	1.0
107	695	1.0
107	696	1.0
107	697	1.0
107	698	1.0
107	699	1.0
107	700	1.0
107	701	1.0
107	702	1.0
107	703	1.0
107	704	1.0
107	705	1.0
107	706	1.0
107	707	1.0
107	708	1.0
107	709	1.0
107	710	1.0
107	711	1.0
107	712	1.0
107	713	1.0
107	714	1.0
107	715	1.0
107	716	1.0
107	717	1.0
107	718	1.0
107	719	1.0
107	720	1.0
107	721	1.0
107	722	1.0
107	723	1.0
107	724	1.0
107	725	1.0
107	726	1.0
107	727	1.0
107	728	1.0
107	729	1.0
107	730	1.0
107	731	1.0
107	732	1.0
107	733	1.0
107	734	1.0
107	735	1.0
107	736	1.0
107	737	1.0
107	738	1.0
107	739	1.0
107	740	1.0
107	741	1.0
107	742	1.0
107	743	1.0
107	744	1.0
107	745	1.0
107	746	1.0
107	747	1.0
107	748	1.0
107	749	1.0
107	750	1.0
107	751	1.0
107	752	1.0
107	753	1.0
107	754	1.0
107	755	1.0
107	756	1.0
107	757	1.0
107	758	1.0
107	759	1.0
107	760	1.0
107	761	1.0
107	762	1.0
107	763	1.0
107	764	1.0
107	765	1.0
107	766	1.0
107	767	1.0
107	768	1.0
107	769	1.0
107	770	1.0
107	771	1.0
107	772	1.0
107	773	1.0
107	774	1.0
107	775	1.0
107	776	1.0
107	777	1.0
107	778	1.0
107	779	1.0
107	780	1.0
107	781	1.0
107	782	1.0
107	783	1.0
107	784	1.0
107	785	1.0
107	786	1.0
107	787	1.0
107	788	1.0
107	789	1.0
107	790	1.0
107	791	1.0
107	792	1.0
107	793	1.0
107	794	1.0
107	795	1.0
795	796	1.0
795	797	1.0
797	798	1.0
797	799	1.0
797	800	1.0
797	801	1.0
797	802	1.0
797	803	1.0
797	804	1.0
797	805	1.0
797	806	1.0
797	807	1.0
797	808	1.0
107	809	1.0
107	810	1.0
107	811	1.0
107	812	1.0
107	813	1.0
107	814	1.0
107	815	1.0
107	816	1.0
107	817	1.0
107	818	1.0
107	819	1.0
107	820	1.0
107	821	1.0
107	822	1.0
107	823	1.0
107	824	1.0
107	825	1.0
107	826	1.0
107	827	1.0
107	828	1.0
107	829	1.0
107	830	1.0
830	831	1.0
830	832	1.0
830	833	1.0
830	834	1.0
830	835	1.0
830	836	1.0
107	837	1.0
107	838	1.0
107	839	1.0
107	840	1.0
107	841	1.0
107	842	1.0
107	843	1.0
107	844	1.0
107	845	1.0
107	846	1.0
107	847	1.0
107	848	1.0
107	849	1.0
107	850	1.0
107	851	1.0
107	852	1.0
107	853	1.0
107	854	1.0
107	855	1.0
107	856	1.0
107	857	1.0
107	858	1.0
107	859	1.0
107	860	1.0
107	861	1.0
107	862	1.0
107	863	1.0
107	864	1.0
107	865	1.0
107	866	1.0
107	867	1.0
107	868	1.0
107	869	1.0
107	870	1.0
107	871	1.0
107	872	1.0
107	873	1.0
107	874	1.0
107	875	1.0
107	876	1.0
107	877	1.0
107	878	1.0
107	879	1.0
107	880	1.0
107	881	1.0
107	882	1.0
107	883	1.0
107	884	1.0
107	885	1.0
107	886	1.0
107	887	1.0
107	888	1.0
107	889	1.0
107	890	1.0
107	891	1.0
107	892	1.0
107	893	1.0
107	894	1.0
107	895	1.0
107	896	1.0
107	897	1.0
107	898	1.0
898	899	1.0
898	900	1.0
898	901	1.0
898	902	1.0
898	903	1.0
898	904	1.0
898	905	1.0
898	906	1.0
898	907	1.0
898	908	1.0
898	909	1.0
898	910	1.0
898	911	1.0
898	912	1.0
898	913	1.0
898	914	1.0
898	915	1.0
898	916	1.0
898	917	1.0
898	918	1.0
898	919	1.0
898	920	1.0
898	921	1.0
898	922	1.0
898	923	1.0
898	924	1.0
898	925	1.0
898	926	1.0
898	927	1.0
898	928	1.0
898	929	1.0
898	930	1.0
898	931	1.0
898	932	1.0
898	933	1.0
898	934	1.0
898	935	1.0
898	936	1.0
898	937	1.0
898	938	1.0
898	939	1.0
898	940	1.0
898	941	1.0
898	942	1.0
898	943	1.0
898	944	1.0
898	945	1.0
898	946	1.0
898	947	1.0
898	948	1.0
898	949	1.0
898	950	1.0
898	951	1.0
898	952	1.0
898	953	1.0
898	954	1.0
898	955	1.0
898	956	1.0
898	957	1.0
898	958	1.0
898	959	1.0
898	960	1.0
898	961	1.0
898	962	1.0
898	963	1.0
898	964	1.0
898	965	1.0
898	966	1.0
898	967	1.0
898	968	1.0
898	969	1.0
898	970	1.0
898	971	1.0
898	972	1.0
898	973	1.0
898	974	1.0
898	975	1.0
898	976	1.0
898	977	1.0
898	978	1.0
898	979	1.0
898	980	1.0
898	981	1.0
898	982	1.0
898	983	1.0
898	984	1.0
898	985	1.0
898	986	1.0
898	987	1.0
898	988	1.0
898	989	1.0
898	990	1.0
898	991	1.0
991	992	1.0
991	993	1.0
991	994	1.0
991	995	1.0
898	996	1.0
898	997	1.0
898	998	1.0
898	999	1.0
898	1000	1.0
898	1001	1.0
898	1002	1.0
898	1003	1.0
898	1004	1.0
898	1005	1.0
898	1006	1.0
898	1007	1.0
898	1008	1.0
898	1009	1.0
898	1010	1.0
898	1011	1.0
898	1012	1.0
898	1013	1.0
898	1014	1.0
898	1015	1.0
898	1016	1.0
898	1017	1.0
898	1018	1.0
898	1019	1.0
898	1020	1.0
898	1021	1.0
898	1022	1.0
898	1023	1.0
898	1024	1.0
898	1025	1.0
898	1026	1.0
898	1027	1.0
898	1028	1.0
898	1029	1.0
898	1030	1.0
898	1031	1.0
898	1032	1.0
898	1033	1.0
898	1034	1.0
898	1035	1.0
898	1036	1.0
898	1037	1.0
898	1038	1.0
898	1039	1.0
898	1040	1.0
898	1041	1.0
898	1042	1.0
898	1043	1.0
898	1044	1.0
898	1045	1.0
898	1046	1.0
898	1047	1.0
898	1048	1.0
898	1049	1.0
898	1050	1.0
898	1051	1.0
898	1052	1.0
898	1053	1.0
898	1054	1.0
898	1055	1.0
898	1056	1.0
898	1057	1.0
898	1058	1.0
898	1059	1.0
898	1060	1.0
898	1061	1.0
898	1062	1.0
898	1063	1.0
898	1064	1.0
107	1065	1.0
107	1066	1.0
107	1067	1.0
107	1068	1.0
107	1069	1.0
107	1070	1.0
107	1071	1.0
107	1072	1.0
107	1073	1.0
107	1074	1.0
107	1075	1.0
107	1076	1.0
107	1077	1.0
107	1078	1.0
107	1079	1.0
107	1080	1.0
107	1081	1.0
107	1082	1.0
107	1083	1.0
107	1084	1.0
107	1085	1.0
107	1086	1.0
107	1087	1.0
107	1088	1.0
107	1089	1.0
107	1090	1.0
107	1091	1.0
107	1092	1.0
107	1093	1.0
107	1094	1.0
107	1095	1.0
107	1096	1.0
107	1097	1.0
107	1098	1.0
107	1099	1.0
107	1100	1.0
107	1101	1.0
107	1102	1.0
107	1103	1.0
107	1104	1.0
107	1105	1.0
107	1106	1.0
107	1107	1.0
107	1108	1.0
107	1109	1.0
107	1110	1.0
107	1111	1.0
107	1112	1.0
107	1113	1.0
107	1114	1.0
107	1115	1.0
107	1116	1.0
107	1117	1.0
107	1118	1.0
107	1119	1.0
107	1120	1.0
1120	1121	1.0
1120	1122	1.0
1120	1123	1.0
1120	1124	1.0
1120	1125	1.0
1120	1126	1.0
1120	1127	1.0
1120	1128	1.0
1120	1129	1.0
1120	1130	1.0
1120	1131	1.0
1120	1132	1.0
1120	1133	1.0
1120	1134	1.0
1120	1135	1.0
1120	1136	1.0
1120	1137	1.0
1120	1138	1.0
1120	1139	1.0
1120	1140	1.0
1120	1141	1.0
1120	1142	1.0
1120	1143	1.0
1120	1144	1.0
107	1145	1.0
107	1146	1.0
107	1147	1.0
107	1148	1.0
107	1149	1.0
107	1150	1.0
107	1151	1.0
107	1152	1.0
107	1153	1.0
107	1154	1.0
107	1155	1.0
107	1156	1.0
107	1157	1.0
107	1158	1.0
107	1159	1.0
107	1160	1.0
1160	1161	1.0
1160	1162	1.0
1160	1163	1.0
1160	1164	1.0
1160	1165	1.0
107	1166	1.0
107	1167	1.0
107	1168	1.0
107	1169	1.0
107	1170	1.0
107	1171	1.0
107	1172	1.0
107	1173	1.0
107	1174	1.0
107	1175	1.0
107	1176	1.0
107	1177	1.0
107	1178	1.0
107	1179	1.0
107	1180	1.0
107	1181	1.0
107	1182	1.0
107	1183	1.0
107	1184	1.0
107	1185	1.0
107	1186	1.0
107	1187	1.0
107	1188	1.0
107	1189	1.0
107	1190	1.0
107	1191	1.0
107	1192	1.0
107	1193	1.0
107	1194	1.0
107	1195	1.0
107	1196	1.0
107	1197	1.0
107	1198	1.0
107	1199	1.0
107	1200	1.0
107	1201	1.0
107	1202	1.0
107	1203	1.0
107	1204	1.0
107	1205	1.0
107	1206	1.0
107	1207	1.0
107	1208	1.0
107	1209	1.0
107	1210	1.0
107	1211	1.0
107	1212	1.0
107	1213	1.0
107	1214	1.0
107	1215	1.0
107	1216	1.0
107	1217	1.0
107	1218	1.0
107	1219	1.0
107	1220	1.0
107	1221	1.0
107	1222	1.0
107	1223	1.0
107	1224	1.0
107	1225	1.0
107	1226	1.0
107	1227	1.0
1227	1228	1.0
1227	1229	1.0
1227	1230	1.0
1227	1231	1.0
107	1232	1.0
107	1233	1.0
107	1234	1.0
107	1235	1.0
107	1236	1.0
107	1237	1.0
107	1238	1.0
107	1239	1.0
107	1240	1.0
107	1241	1.0
107	1242	1.0
107	1243	1.0
107	1244	1.0
107	1245	1.0
107	1246	1.0
107	1247	1.0
107	1248	1.0
107	1249	1.0
107	1250	1.0
107	1251	1.0
107	1252	1.0
107	1253	1.0
107	1254	1.0
107	1255	1.0
107	1256	1.0
107	1257	1.0
107	1258	1.0
107	1259	1.0
107	1260	1.0
107	1261	1.0
107	1262	1.0
107	1263	1.0
107	1264	1.0
107	1265	1.0
107	1266	1.0
107	1267	1.0
107	1268	1.0
107	1269	1.0
107	1270	1.0
107	1271	1.0
107	1272	1.0
107	1273	1.0
107	1274	1.0
107	1275	1.0
107	1276	1.0
107	1277	1.0
107	1278	1.0
107	1279	1.0
107	1280	1.0
107	1281	1.0
107	1282	1.0
107	1283	1.0
107	1284	1.0
107	1285	1.0
107	1286	1.0
107	1287	1.0
107	1288	1.0
107	1289	1.0
107	1290	1.0
107	1291	1.0
107	1292	1.0
107	1293	1.0
107	1294	1.0
107	1295	1.0
107	1296	1.0
107	1297	1.0
107	1298	1.0
107	1299	1.0
107	1300	1.0
107	1301	1.0
107	1302	1.0
107	1303	1.0
107	1304	1.0
107	1305	1.0
107	1306	1.0
107	1307	1.0
107	1308	1.0
107	1309	1.0
107	1310	1.0
107	1311	1.0
107	1312	1.0
107	1313	1.0
107	1314	1.0
107	1315	1.0
107	1316	1.0
107	1317	1.0
107	1318	1.0
107	1319	1.0
107	1320	1.0
107	1321	1.0
107	1322	1.0
107	1323	1.0
107	1324	1.0
107	1325	1.0
107	1326	1.0
107	1327	1.0
107	1328	1.0
107	1329	1.0
107	1330	1.0
107	1331	1.0
107	1332	1.0
107	1333	1.0
107	1334	1.0
107	1335	1.0
107	1336	1.0
107	1337	1.0
107	1338	1.0
107	1339	1.0
107	1340	1.0
107	1341	1.0
107	1342	1.0
107	1343	1.0
107	1344	1.0
107	1345	1.0
107	1346	1.0
107	1347	1.0
107	1348	1.0
107	1349	1.0
107	1350	1.0
107	1351	1.0
107	1352	1.0
107	1353	1.0
107	1354	1.0
107	1355	1.0
107	1356	1.0
107	1357	1.0
107	1358	1.0
107	1359	1.0
107	1360	1.0
107	1361	1.0
107	1362	1.0
107	1363	1.0
107	1364	1.0
107	1365	1.0
107	1366	1.0
107	1367	1.0
107	1368	1.0
107	1369	1.0
107	1370	1.0
107	1371	1.0
107	1372	1.0
107	1373	1.0
107	1374	1.0
107	1375	1.0
107	1376	1.0
107	1377	1.0
107	1378	1.0
107	1379	1.0
107	1380	1.0
107	1381	1.0
107	1382	1.0
107	1383	1.0
107	1384	1.0
107	1385	1.0
107	1386	1.0
107	1387	1.0
107	1388	1.0
107	1389	1.0
107	1390	1.0
107	1391	1.0
107	1392	1.0
107	1393	1.0
107	1394	1.0
107	1395	1.0
1395	1396	1.0
1395	1397	1.0
1395	1398	1.0
1395	1399	1.0
1395	1400	1.0
1395	1401	1.0
107	1402	1.0
107	1403	1.0
107	1404	1.0
107	1405	1.0
107	1406	1.0
107	1407	1.0
107	1408	1.0
107	1409	1.0
107	1410	1.0
107	1411	1.0
107	1412	1.0
107	1413	1.0
107	1414	1.0
107	1415	1.0
107	1416	1.0
107	1417	1.0
107	1418	1.0
107	1419	1.0
107	1420	1.0
107	1421	1.0
107	1422	1.0
107	1423	1.0
107	1424	1.0
107	1425	1.0
107	1426	1.0
107	1427	1.0
107	1428	1.0
107	1429	1.0
107	1430	1.0
107	1431	1.0
107	1432	1.0
107	1433	1.0
107	1434	1.0
107	1435	1.0
107	1436	1.0
107	1437	1.0
107	1438	1.0
107	1439	1.0
107	1440	1.0
107	1441	1.0
107	1442	1.0
107	1443	1.0
107	1444	1.0
107	1445	1.0
107	1446	1.0
1446	1447	1.0
1446	1448	1.0
1446	1449	1.0
1446	1450	1.0
1446	1451	1.0
1446	1452	1.0
1446	1453	1.0
107	1454	1.0
107	1455	1.0
107	1456	1.0
107	1457	1.0
107	1458	1.0
107	1459	1.0
107	1460	1.0
107	1461	1.0
107	1462	1.0
107	1463	1.0
107	1464	1.0
107	1465	1.0
107	1466	1.0
107	1467	1.0
107	1468	1.0
107	1469	1.0
107	1470	1.0
107	1471	1.0
107	1472	1.0
107	1473	1.0
107	1474	1.0
107	1475	1.0
107	1476	1.0
107	1477	1.0
107	1478	1.0
107	1479	1.0
107	1480	1.0
107	1481	1.0
107	1482	1.0
107	1483	1.0
107	1484	1.0
107	1485	1.0
107	1486	1.0
107	1487	1.0
107	1488	1.0
107	1489	1.0
107	1490	1.0
107	1491	1.0
107	1492	1.0
107	1493	1.0
107	1494	1.0
107	1495	1.0
107	1496	1.0
107	1497	1.0
107	1498	1.0
107	1499	1.0
107	1500	1.0
107	1501	1.0
107	1502	1.0
107	1503	1.0
107	1504	1.0
107	1505	1.0
107	1506	1.0
107	1507	1.0
107	1508	1.0
107	1509	1.0
107	1510	1.0
107	1511	1.0
107	1512	1.0
107	1513	1.0
107	1514	1.0
107	1515	1.0
107	1516	1.0
107	1517	1.0
107	1518	1.0
107	1519	1.0
107	1520	1.0
107	1521	1.0
107	1522	1.0
107	1523	1.0
107	1524	1.0
107	1525	1.0
107	1526	1.0
107	1527	1.0
107	1528	1.0
107	1529	1.0
107	1530	1.0
107	1531	1.0
107	1532	1.0
107	1533	1.0
107	1534	1.0
107	1535	1.0
107	1536	1.0
107	1537	1.0
107	1538	1.0
107	1539	1.0
107	1540	1.0
107	1541	1.0
107	1542	1.0
107	1543	1.0
107	1544	1.0
107	1545	1.0
107	1546	1.0
107	1547	1.0
107	1548	1.0
107	1549	1.0
107	1550	1.0
107	1551	1.0
107	1552	1.0
107	1553	1.0
107	1554	1.0
107	1555	1.0
107	1556	1.0
107	1557	1.0
107	1558	1.0
107	1559	1.0
107	1560	1.0
107	1561	1.0
107	1562	1.0
107	1563	1.0
107	1564	1.0
107	1565	1.0
107	1566	1.0
107	1567	1.0
59	1568	1.0
59	1569	1.0
59	1570	1.0
59	1571	1.0
59	1572	1.0
59	1573	1.0
59	1574	1.0
59	1575	1.0
59	1576	1.0
59	1577	1.0
59	1578	1.0
59	1579	1.0
59	1580	1.0
59	1581	1.0
59	1582	1.0
59	1583	1.0
59	1584	1.0
59	1585	1.0
59	1586	1.0
59	1587	1.0
59	1588	1.0
59	1589	1.0
59	1590	1.0
59	1591	1.0
59	1592	1.0
59	1593	1.0
59	1594	1.0
59	1595	1.0
59	1596	1.0
59	1597	1.0
59	1598	1.0
59	1599	1.0
59	1600	1.0
59	1601	1.0
59	1602	1.0
59	1603	1.0
59	1604	1.0
59	1605	1.0
59	1606	1.0
59	1607	1.0
59	1608	1.0
59	1609	1.0
59	1610	1.0
59	1611	1.0
59	1612	1.0
59	1613	1.0
59	1614	1.0
59	1615	1.0
59	1616	1.0
59	1617	1.0
59	1618	1.0
59	1619	1.0
59	1620	1.0
59	1621	1.0
59	1622	1.0
59	1623	1.0
59	1624	1.0
59	1625	1.0
59	1626	1.0
59	1627	1.0
58	1628	1.0
58	1629	1.0
58	1630	1.0
1630	1631	1.0
1630	1632	1.0
1630	1633	1.0
1630	1634	1.0
1630	1635	1.0
1630	1636	1.0
1630	1637	1.0
1630	1638	1.0
1630	1639	1.0
1630	1640	1.0
1630	1641	1.0
1630	1642	1.0
1630	1643	1.0
1630	1644	1.0
1630	1645	1.0
1630	1646	1.0
1630	1647	1.0
1647	1648	1.0
1647	1649	1.0
1647	1650	1.0
1647	1651	1.0
1647	1652	1.0
1647	1653	1.0
1647	1654	1.0
1647	1655	1.0
1647	1656	1.0
1647	1657	1.0
1647	1658	1.0
1647	1659	1.0
1647	1660	1.0
1647	1661	1.0
1647	1662	1.0
1647	1663	1.0
1647	1664	1.0
1647	1665	1.0
1647	1666	1.0
1647	1667	1.0
1647	1668	1.0
1647	1669	1.0
1647	1670	1.0
1647	1671	1.0
1647	1672	1.0
1647	1673	1.0
1647	1674	1.0
1647	1675	1.0
1647	1676	1.0
1647	1677	1.0
1647	1678	1.0
1647	1679	1.0
1647	1680	1.0
1647	1681	1.0
1647	1682	1.0
1647	1683	1.0
1647	1684	1.0
1647	1685	1.0
1630	1686	1.0
1630	1687	1.0
1630	1688	1.0
1630	1689	1.0
1630	1690	1.0
1630	1691	1.0
1630	1692	1.0
1630	1693	1.0
1630	1694	1.0
1630	1695	1.0
1630	1696	1.0
1630	1697	1.0
1630	1698	1.0
1630	1699	1.0
1630	1700	1.0
1630	1701	1.0
1630	1702	1.0
1630	1703	1.0
1630	1704	1.0
1630	1705	1.0
1630	1706	1.0
1630	1707	1.0
1630	1708	1.0
1630	1709	1.0
1630	1710	1.0
1630	1711	1.0
1630	1712	1.0
1630	1713	1.0
1630	1714	1.0
1630	1715	1.0
1630	1716	1.0
1630	1717	1.0
1630	1718	1.0
1630	1719	1.0
1630	1720	1.0
1630	1721	1.0
1630	1722	1.0
1630	1723	1.0
1630	1724	1.0
1630	1725	1.0
1630	1726	1.0
1630	1727	1.0
1630	1728	1.0
1630	1729	1.0
1630	1730	1.0
1630	1731	1.0
1630	1732	1.0
1630	1733	1.0
1630	1734	1.0
1630	1735	1.0
1630	1736	1.0
1630	1737	1.0
1630	1738	1.0
1630	1739	1.0
1630	1740	1.0
1630	1741	1.0
1630	1742	1.0
1630	1743	1.0
1630	1744	1.0
1630	1745	1.0
1630	1746	1.0
1630	1747	1.0
1630	1748	1.0
1630	1749	1.0
1630	1750	1.0
1630	1751	1.0
1630	1752	1.0
1630	1753	1.0
1630	1754	1.0
1630	1755	1.0
1630	1756	1.0
1630	1757	1.0
1630	1758	1.0
1630	1759	1.0
1630	1760	1.0
1630	1761	1.0
1630	1762	1.0
1630	1763	1.0
1630	1764	1.0
1630	1765	1.0
1630	1766	1.0
1630	1767	1.0
1630	1768	1.0
1630	1769	1.0
1630	1770	1.0
1630	1771	1.0
1630	1772	1.0
1630	1773	1.0
1630	1774	1.0
1630	1775	1.0
1630	1776	1.0
1630	1777	1.0
1630	1778	1.0
1630	1779	1.0
1630	1780	1.0
1630	1781	1.0
1630	1782	1.0
1630	1783	1.0
1630	1784	1.0
1630	1785	1.0
1630	1786	1.0
1630	1787	1.0
1630	1788	1.0
1630	1789	1.0
1630	1790	1.0
1630	1791	1.0
1630	1792	1.0
1630	1793	1.0
1630	1794	1.0
1630	1795	1.0
1630	1796	1.0
1630	1797	1.0
1630	1798	1.0
1630	1799	1.0
1630	1800	1.0
1630	1801	1.0
1630	1802	1.0
1630	1803	1.0
1630	1804	1.0
1630	1805	1.0
1630	1806	1.0
1630	1807	1.0
1630	1808	1.0
1630	1809	1.0
1630	1810	1.0
1630	1811	1.0
1630	1812	1.0
1630	1813	1.0
1630	1814	1.0
1630	1815	1.0
1630	1816	1.0
1630	1817	1.0
1630	1818	1.0
1630	1819	1.0
1630	1820	1.0
1630	1821	1.0
1630	1822	1.0
1630	1823	1.0
1630	1824	1.0
1630	1825	1.0
1630	1826	1.0
1630	1827	1.0
1630	1828	1.0
1630	1829	1.0
1630	1830	1.0
1630	1831	1.0
1630	1832	1.0
1630	1833	1.0
1630	1834	1.0
1630	1835	1.0
1630	1836	1.0
1630	1837	1.0
1630	1838	1.0
1630	1839	1.0
1630	1840	1.0
1630	1841	1.0
1630	1842	1.0
1630	1843	1.0
1630	1844	1.0
1630	1845	1.0
1630	1846	1.0
1630	1847	1.0
1630	1848	1.0
1630	1849	1.0
1630	1850	1.0
1630	1851	1.0
1630	1852	1.0
1630	1853	1.0
1630	1854	1.0
1630	1855	1.0
1630	1856	1.0
1630	1857	1.0
1630	1858	1.0
1630	1859	1.0
1630	1860	1.0
1630	1861	1.0
1630	1862	1.0
1630	1863	1.0
1630	1864	1.0
1630	1865	1.0
1630	1866	1.0
1630	1867	1.0
1630	1868	1.0
1630	1869	1.0
1630	1870	1.0
1630	1871	1.0
1630	1872	1.0
1630	1873	1.0
1630	1874	1.0
1630	1875	1.0
1630	1876	1.0
1630	1877	1.0
1630	1878	1.0
1630	1879	1.0
1630	1880	1.0
1630	1881	1.0
1630	1882	1.0
1630	1883	1.0
1630	1884	1.0
1630	1885	1.0
1630	1886	1.0
1630	1887	1.0
1630	1888	1.0
1630	1889	1.0
1630	1890	1.0
1630	1891	1.0
1630	1892	1.0
1630	1893	1.0
1630	1894	1.0
1630	1895	1.0
1630	1896	1.0
1630	1897	1.0
1630	1898	1.0
1630	1899	1.0
1630	1900	1.0
1630	1901	1.0
1630	1902	1.0
1630	1903	1.0
1630	1904	1.0
1630	1905	1.0
1630	1906	1.0
1630	1907	1.0
1630	1908	1.0
1630	1909	1.0
1630	1910	1.0
1630	1911	1.0
1630	1912	1.0
1630	1913	1.0
1630	1914	1.0
1630	1915	1.0
1630	1916	1.0
1630	1917	1.0
1630	1918	1.0
1630	1919	1.0
1630	1920	1.0
1630	1921	1.0
1630	1922	1.0
1630	1923	1.0
1630	1924	1.0
1630	1925	1.0
1630	1926	1.0
1630	1927	1.0
1630	1928	1.0
1630	1929	1.0
1630	1930	1.0
1630	1931	1.0
1630	1932	1.0
1630	1933	1.0
58	1934	1.0
54	1935	1.0
54	1936	1.0
54	1937	1.0
54	1938	1.0
54	1939	1.0
54	1940	1.0
54	1941	1.0
54	1942	1.0
54	1943	1.0
54	1944	1.0
54	1945	1.0
54	1946	1.0
54	1947	1.0
54	1948	1.0
54	1949	1.0
54	1950	1.0
54	1951	1.0
54	1952	1.0
54	1953	1.0
54	1954	1.0
54	1955	1.0
54	1956	1.0
54	1957	1.0
54	1958	1.0
54	1959	1.0
54	1960	1.0
54	1961	1.0
54	1962	1.0
54	1963	1.0
54	1964	1.0
54	1965	1.0
54	1966	1.0
54	1967	1.0
54	1968	1.0
54	1969	1.0
54	1970	1.0
54	1971	1.0
54	1972	1.0
54	1973	1.0
54	1974	1.0
54	1975	1.0
54	1976	1.0
54	1977	1.0
54	1978	1.0
11	1979	1.0
11	1980	1.0
11	1981	1.0
11	1982	1.0
11	1983	1.0
11	1984	1.0
11	1985	1.0
11	1986	1.0
11	1987	1.0
11	1988	1.0
11	1989	1.0
11	1990	1.0
11	1991	1.0
11	1992	1.0
11	1993	1.0
11	1994	1.0
11	1995	1.0
11	1996	1.0
11	1997	1.0
11	1998	1.0
11	1999	1.0
11	2000	1.0
11	2001	1.0
11	2002	1.0
11	2003	1.0
11	2004	1.0
11	2005	1.0
11	2006	1.0
11	2007	1.0
11	2008	1.0
10	2009	1.0
10	2010	1.0
10	2011	1.0
10	2012	1.0
10	2013	1.0
10	2014	1.0
10	2015	1.0
10	2016	1.0
10	2017	1.0
10	2018	1.0
10	2019	1.0
10	2020	1.0
10	2021	1.0
10	2022	1.0
10	2023	1.0
10	2024	1.0
10	2025	1.0
10	2026	1.0
10	2027	1.0
1	2028	1.0
0	2029	1.0
0	2030	1.0
