0	1	1.0
0	2	1.0
2	3	1.0
2	4	1.0
4	5	1.0
4	6	1.0
4	7	1.0
7	8	1.0
7	9	1.0
7	10	1.0
10	11	1.0
10	12	1.0
10	13	1.0
10	14	1.0
10	15	1.0
10	16	1.0
10	17	1.0
10	18	1.0
10	19	1.0
10	20	1.0
10	21	1.0
10	22	1.0
22	23	1.0
23	24	1.0
23	25	1.0
23	26	1.0
23	27	1.0
23	28	1.0
23	29	1.0
23	30	1.0
30	31	1.0
31	32	1.0
31	33	1.0
33	34	1.0
33	35	1.0
33	36	1.0
33	37	1.0
33	38	1.0
33	39	1.0
33	40	1.0
33	41	1.0
33	42	1.0
33	43	1.0
43	44	1.0
43	45	1.0
43	46	1.0
43	47	1.0
43	48	1.0
33	49	1.0
33	50	1.0
33	51	1.0
31	52	1.0
31	53	1.0
31	54	1.0
31	55	1.0
31	56	1.0
31	57	1.0
31	58	1.0
31	59	1.0
31	60	1.0
31	61	1.0
31	62	1.0
62	63	1.0
62	64	1.0
62	65	1.0
62	66	1.0
62	67	1.0
62	68	1.0
62	69	1.0
62	70	1.0
62	71	1.0
62	72	1.0
62	73	1.0
62	74	1.0
62	75	1.0
62	76	1.0
62	77	1.0
62	78	1.0
62	79	1.0
62	80	1.0
62	81	1.0
62	82	1.0
62	83	1.0
62	84	1.0
62	85	1.0
62	86	1.0
62	87	1.0
62	88	1.0
62	89	1.0
62	90	1.0
62	91	1.0
62	92	1.0
62	93	1.0
62	94	1.0
62	95	1.0
62	96	1.0
62	97	1.0
62	98	1.0
62	99	1.0
62	100	1.0
62	101	1.0
62	102	1.0
62	103	1.0
62	104	1.0
62	105	1.0
62	106	1.0
62	107	1.0
62	108	1.0
108	109	1.0
108	110	1.0
108	111	1.0
108	112	1.0
108	113	1.0
108	114	1.0
108	115	1.0
108	116	1.0
108	117	1.0
62	118	1.0
62	119	1.0
62	120	1.0
62	121	1.0
62	122	1.0
62	123	1.0
62	124	1.0
62	125	1.0
62	126	1.0
62	127	1.0
62	128	1.0
62	129	1.0
62	130	1.0
62	131	1.0
62	132	1.0
62	133	1.0
62	134	1.0
62	135	1.0
62	136	1.0
62	137	1.0
62	138	1.0
62	139	1.0
62	140	1.0
62	141	1.0
62	142	1.0
62	143	1.0
62	144	1.0
62	145	1.0
62	146	1.0
62	147	1.0
147	148	1.0
147	149	1.0
147	150	1.0
147	151	1.0
147	152	1.0
147	153	1.0
147	154	1.0
147	155	1.0
147	156	1.0
147	157	1.0
147	158	1.0
147	159	1.0
147	160	1.0
147	161	1.0
147	162	1.0
147	163	1.0
147	164	1.0
147	165	1.0
147	166	1.0
147	167	1.0
147	168	1.0
147	169	1.0
147	170	1.0
147	171	1.0
147	172	1.0
147	173	1.0
147	174	1.0
147	175	1.0
147	176	1.0
147	177	1.0
147	178	1.0
147	179	1.0
147	180	1.0
147	181	1.0
147	182	1.0
147	183	1.0
147	184	1.0
147	185	1.0
147	186	1.0
147	187	1.0
147	188	1.0
147	189	1.0
147	190	1.0
147	191	1.0
147	192	1.0
147	193	1.0
147	194	1.0
147	195	1.0
147	196	1.0
147	197	1.0
147	198	1.0
147	199	1.0
147	200	1.0
147	201	1.0
147	202	1.0
147	203	1.0
147	204	1.0
147	205	1.0
147	206	1.0
147	207	1.0
147	208	1.0
147	209	1.0
147	210	1.0
147	211	1.0
147	212	1.0
147	213	1.0
147	214	1.0
147	215	1.0
147	216	1.0
147	217	1.0
147	218	1.0
218	219	1.0
218	220	1.0
218	221	1.0
218	222	1.0
218	223	1.0
218	224	1.0
218	225	1.0
218	226	1.0
218	227	1.0
227	228	1.0
227	229	1.0
227	230	1.0
227	231	1.0
227	232	1.0
227	233	1.0
227	234	1.0
227	235	1.0
227	236	1.0
227	237	1.0
227	238	1.0
227	239	1.0
227	240	1.0
227	241	1.0
227	242	1.0
227	243	1.0
243	244	1.0
243	245	1.0
243	246	1.0
243	247	1.0
243	248	1.0
243	249	1.0
243	250	1.0
243	251	1.0
243	252	1.0
243	253	1.0
243	254	1.0
243	255	1.0
243	256	1.0
227	257	1.0
227	258	1.0
227	259	1.0
227	260	1.0
227	261	1.0
227	262	1.0
227	263	1.0
227	264	1.0
227	265	1.0
227	266	1.0
227	267	1.0
227	268	1.0
227	269	1.0
227	270	1.0
227	271	1.0
227	272	1.0
227	273	1.0
227	274	1.0
227	275	1.0
227	276	1.0
227	277	1.0
227	278	1.0
227	279	1.0
227	280	1.0
227	281	1.0
227	282	1.0
227	283	1.0
227	284	1.0
227	285	1.0
227	286	1.0
227	287	1.0
287	288	1.0
287	289	1.0
287	290	1.0
290	291	1.0
290	292	1.0
290	293	1.0
290	294	1.0
290	295	1.0
287	296	1.0
227	297	1.0
227	298	1.0
227	299	1.0
227	300	1.0
227	301	1.0
227	302	1.0
227	303	1.0
227	304	1.0
227	305	1.0
227	306	1.0
227	307	1.0
227	308	1.0
227	309	1.0
227	310	1.0
310	311	1.0
310	312	1.0
310	313	1.0
310	314	1.0
310	315	1.0
227	316	1.0
227	317	1.0
227	318	1.0
227	319	1.0
227	320	1.0
227	321	1.0
227	322	1.0
227	323	1.0
227	324	1.0
227	325	1.0
227	326	1.0
227	327	1.0
227	328	1.0
227	329	1.0
227	330	1.0
227	331	1.0
227	332	1.0
227	333	1.0
227	334	1.0
227	335	1.0
227	336	1.0
227	337	1.0
227	338	1.0
227	339	1.0
227	340	1.0
227	341	1.0
227	342	1.0
227	343	1.0
227	344	1.0
227	345	1.0
227	346	1.0
227	347	1.0
227	348	1.0
227	349	1.0
227	350	1.0
227	351	1.0
227	352	1.0
227	353	1.0
227	354	1.0
227	355	1.0
227	356	1.0
227	357	1.0
227	358	1.0
227	359	1.0
227	360	1.0
227	361	1.0
227	362	1.0
227	363	1.0
227	364	1.0
227	365	1.0
227	366	1.0
227	367	1.0
367	368	1.0
367	369	1.0
367	370	1.0
367	371	1.0
367	372	1.0
367	373	1.0
367	374	1.0
367	375	1.0
367	376	1.0
367	377	1.0
367	378	1.0
367	379	1.0
367	380	1.0
367	381	1.0
227	382	1.0
227	383	1.0
227	384	1.0
227	385	1.0
227	386	1.0
227	387	1.0
227	388	1.0
227	389	1.0
227	390	1.0
227	391	1.0
227	392	1.0
227	393	1.0
227	394	1.0
227	395	1.0
227	396	1.0
227	397	1.0
227	398	1.0
227	399	1.0
227	400	1.0
227	401	1.0
227	402	1.0
227	403	1.0
227	404	1.0
227	405	1.0
227	406	1.0
227	407	1.0
227	408	1.0
227	409	1.0
227	410	1.0
227	411	1.0
227	412	1.0
227	413	1.0
227	414	1.0
227	415	1.0
227	416	1.0
227	417	1.0
227	418	1.0
227	419	1.0
227	420	1.0
227	421	1.0
227	422	1.0
227	423	1.0
227	424	1.0
227	425	1.0
227	426	1.0
227	427	1.0
227	428	1.0
227	429	1.0
227	430	1.0
227	431	1.0
227	432	1.0
227	433	1.0
227	434	1.0
227	435	1.0
227	436	1.0
227	437	1.0
227	438	1.0
227	439	1.0
227	440	1.0
227	441	1.0
227	442	1.0
227	443	1.0
227	444	1.0
227	445	1.0
227	446	1.0
227	447	1.0
227	448	1.0
227	449	1.0
227	450	1.0
227	451	1.0
227	452	1.0
227	453	1.0
227	454	1.0
227	455	1.0
227	456	1.0
227	457	1.0
227	458	1.0
227	459	1.0
227	460	1.0
227	461	1.0
227	462	1.0
227	463	1.0
227	464	1.0
227	465	1.0
227	466	1.0
227	467	1.0
227	468	1.0
227	469	1.0
227	470	1.0
227	471	1.0
227	472	1.0
227	473	1.0
227	474	1.0
227	475	1.0
227	476	1.0
227	477	1.0
227	478	1.0
227	479	1.0
227	480	1.0
227	481	1.0
227	482	1.0
227	483	1.0
227	484	1.0
227	485	1.0
227	486	1.0
227	487	1.0
227	488	1.0
227	489	1.0
227	490	1.0
227	491	1.0
227	492	1.0
227	493	1.0
227	494	1.0
227	495	1.0
227	496	1.0
227	497	1.0
227	498	1.0
227	499	1.0
227	500	1.0
227	501	1.0
227	502	1.0
227	503	1.0
227	504	1.0
227	505	1.0
227	506	1.0
227	507	1.0
227	508	1.0
227	509	1.0
227	510	1.0
227	511	1.0
227	512	1.0
227	513	1.0
227	514	1.0
227	515	1.0
227	516	1.0
227	517	1.0
227	518	1.0
227	519	1.0
227	520	1.0
227	521	1.0
227	522	1.0
522	523	1.0
522	524	1.0
522	525	1.0
522	526	1.0
522	527	1.0
522	528	1.0
227	529	1.0
227	530	1.0
227	531	1.0
227	532	1.0
227	533	1.0
227	534	1.0
227	535	1.0
227	536	1.0
227	537	1.0
227	538	1.0
227	539	1.0
227	540	1.0
227	541	1.0
227	542	1.0
227	543	1.0
227	544	1.0
227	545	1.0
227	546	1.0
227	547	1.0
227	548	1.0
227	549	1.0
227	550	1.0
227	551	1.0
227	552	1.0
227	553	1.0
227	554	1.0
227	555	1.0
227	556	1.0
227	557	1.0
227	558	1.0
227	559	1.0
227	560	1.0
227	561	1.0
227	562	1.0
227	563	1.0
227	564	1.0
227	565	1.0
227	566	1.0
227	567	1.0
227	568	1.0
227	569	1.0
227	570	1.0
227	571	1.0
227	572	1.0
227	573	1.0
227	574	1.0
227	575	1.0
575	576	1.0
575	577	1.0
575	578	1.0
575	579	1.0
227	580	1.0
227	581	1.0
227	582	1.0
227	583	1.0
227	584	1.0
227	585	1.0
227	586	1.0
227	587	1.0
227	588	1.0
227	589	1.0
227	590	1.0
227	591	1.0
227	592	1.0
227	593	1.0
227	594	1.0
227	595	1.0
227	596	1.0
227	597	1.0
227	598	1.0
227	599	1.0
227	600	1.0
227	601	1.0
227	602	1.0
227	603	1.0
227	604	1.0
227	605	1.0
227	606	1.0
227	607	1.0
227	608	1.0
227	609	1.0
227	610	1.0
227	611	1.0
227	612	1.0
218	613	1.0
218	614	1.0
218	615	1.0
218	616	1.0
218	617	1.0
218	618	1.0
218	619	1.0
218	620	1.0
218	621	1.0
218	622	1.0
218	623	1.0
218	624	1.0
218	625	1.0
218	626	1.0
218	627	1.0
218	628	1.0
218	629	1.0
218	630	1.0
218	631	1.0
218	632	1.0
218	633	1.0
218	634	1.0
218	635	1.0
218	636	1.0
218	637	1.0
218	638	1.0
218	639	1.0
218	640	1.0
218	641	1.0
218	642	1.0
218	643	1.0
218	644	1.0
218	645	1.0
218	646	1.0
218	647	1.0
218	648	1.0
218	649	1.0
218	650	1.0
218	651	1.0
218	652	1.0
218	653	1.0
218	654	1.0
218	655	1.0
218	656	1.0
218	657	1.0
218	658	1.0
218	659	1.0
218	660	1.0
218	661	1.0
218	662	1.0
218	663	1.0
218	664	1.0
218	665	1.0
218	666	1.0
218	667	1.0
218	668	1.0
218	669	1.0
218	670	1.0
218	671	1.0
218	672	1.0
218	673	1.0
218	674	1.0
218	675	1.0
218	676	1.0
218	677	1.0
218	678	1.0
218	679	1.0
218	680	1.0
218	681	1.0
218	682	1.0
218	683	1.0
218	684	1.0
218	685	1.0
218	686	1.0
218	687	1.0
218	688	1.0
218	689	1.0
218	690	1.0
218	691	1.0
218	692	1.0
218	693	1.0
218	694	1.0
218	695	1.0
218	696	1.0
218	697	1.0
218	698	1.0
218	699	1.0
218	700	1.0
218	701	1.0
218	702	1.0
218	703	1.0
218	704	1.0
218	705	1.0
218	706	1.0
218	707	1.0
218	708	1.0
218	709	1.0
218	710	1.0
218	711	1.0
218	712	1.0
218	713	1.0
218	714	1.0
218	715	1.0
218	716	1.0
218	717	1.0
218	718	1.0
218	719	1.0
218	720	1.0
218	721	1.0
218	722	1.0
218	723	1.0
218	724	1.0
218	725	1.0
218	726	1.0
218	727	1.0
218	728	1.0
218	729	1.0
218	730	1.0
218	731	1.0
218	732	1.0
218	733	1.0
218	734	1.0
218	735	1.0
218	736	1.0
218	737	1.0
218	738	1.0
218	739	1.0
218	740	1.0
218	741	1.0
218	742	1.0
218	743	1.0
218	744	1.0
218	745	1.0
218	746	1.0
218	747	1.0
218	748	1.0
218	749	1.0
218	750	1.0
218	751	1.0
218	752	1.0
218	753	1.0
218	754	1.0
218	755	1.0
218	756	1.0
218	757	1.0
218	758	1.0
218	759	1.0
218	760	1.0
218	761	1.0
218	762	1.0
218	763	1.0
218	764	1.0
218	765	1.0
218	766	1.0
218	767	1.0
218	768	1.0
218	769	1.0
218	770	1.0
218	771	1.0
218	772	1.0
218	773	1.0
218	774	1.0
218	775	1.0
218	776	1.0
218	777	1.0
218	778	1.0
218	779	1.0
218	780	1.0
218	781	1.0
218	782	1.0
218	783	1.0
218	784	1.0
218	785	1.0
218	786	1.0
218	787	1.0
218	788	1.0
788	789	1.0
788	790	1.0
788	791	1.0
788	792	1.0
788	793	1.0
218	794	1.0
218	795	1.0
218	796	1.0
218	797	1.0
218	798	1.0
218	799	1.0
218	800	1.0
218	801	1.0
218	802	1.0
218	803	1.0
218	804	1.0
218	805	1.0
805	806	1.0
805	807	1.0
805	808	1.0
805	809	1.0
805	810	1.0
805	811	1.0
805	812	1.0
805	813	1.0
218	814	1.0
218	815	1.0
218	816	1.0
147	817	1.0
147	818	1.0
147	819	1.0
147	820	1.0
147	821	1.0
147	822	1.0
147	823	1.0
147	824	1.0
147	825	1.0
147	826	1.0
147	827	1.0
147	828	1.0
147	829	1.0
147	830	1.0
147	831	1.0
147	832	1.0
147	833	1.0
147	834	1.0
147	835	1.0
147	836	1.0
147	837	1.0
147	838	1.0
147	839	1.0
147	840	1.0
147	841	1.0
147	842	1.0
147	843	1.0
147	844	1.0
147	845	1.0
147	846	1.0
147	847	1.0
147	848	1.0
147	849	1.0
147	850	1.0
147	851	1.0
147	852	1.0
147	853	1.0
147	854	1.0
147	855	1.0
147	856	1.0
147	857	1.0
147	858	1.0
147	859	1.0
147	860	1.0
147	861	1.0
147	862	1.0
147	863	1.0
863	864	1.0
863	865	1.0
863	866	1.0
863	867	1.0
863	868	1.0
863	869	1.0
147	870	1.0
147	871	1.0
147	872	1.0
147	873	1.0
147	874	1.0
147	875	1.0
147	876	1.0
147	877	1.0
147	878	1.0
147	879	1.0
147	880	1.0
147	881	1.0
147	882	1.0
147	883	1.0
147	884	1.0
147	885	1.0
147	886	1.0
147	887	1.0
147	888	1.0
147	889	1.0
147	890	1.0
147	891	1.0
147	892	1.0
147	893	1.0
147	894	1.0
147	895	1.0
147	896	1.0
147	897	1.0
147	898	1.0
147	899	1.0
147	900	1.0
147	901	1.0
147	902	1.0
147	903	1.0
147	904	1.0
147	905	1.0
147	906	1.0
147	907	1.0
147	908	1.0
147	909	1.0
147	910	1.0
147	911	1.0
147	912	1.0
147	913	1.0
147	914	1.0
147	915	1.0
147	916	1.0
147	917	1.0
147	918	1.0
147	919	1.0
147	920	1.0
147	921	1.0
147	922	1.0
147	923	1.0
147	924	1.0
147	925	1.0
147	926	1.0
147	927	1.0
147	928	1.0
147	929	1.0
147	930	1.0
147	931	1.0
147	932	1.0
147	933	1.0
147	934	1.0
147	935	1.0
147	936	1.0
147	937	1.0
147	938	1.0
147	939	1.0
147	940	1.0
147	941	1.0
147	942	1.0
147	943	1.0
147	944	1.0
147	945	1.0
147	946	1.0
147	947	1.0
147	948	1.0
147	949	1.0
147	950	1.0
147	951	1.0
147	952	1.0
147	953	1.0
147	954	1.0
147	955	1.0
147	956	1.0
147	957	1.0
147	958	1.0
147	959	1.0
147	960	1.0
147	961	1.0
147	962	1.0
147	963	1.0
147	964	1.0
147	965	1.0
147	966	1.0
147	967	1.0
147	968	1.0
147	969	1.0
147	970	1.0
147	971	1.0
147	972	1.0
147	973	1.0
147	974	1.0
147	975	1.0
147	976	1.0
147	977	1.0
147	978	1.0
147	979	1.0
147	980	1.0
147	981	1.0
147	982	1.0
147	983	1.0
147	984	1.0
147	985	1.0
147	986	1.0
147	987	1.0
147	988	1.0
147	989	1.0
147	990	1.0
147	991	1.0
147	992	1.0
147	993	1.0
147	994	1.0
147	995	1.0
147	996	1.0
147	997	1.0
147	998	1.0
147	999	1.0
147	1000	1.0
147	1001	1.0
147	1002	1.0
147	1003	1.0
147	1004	1.0
147	1005	1.0
147	1006	1.0
147	1007	1.0
147	1008	1.0
147	1009	1.0
147	1010	1.0
147	1011	1.0
147	1012	1.0
147	1013	1.0
147	1014	1.0
147	1015	1.0
147	1016	1.0
147	1017	1.0
147	1018	1.0
147	1019	1.0
147	1020	1.0
147	1021	1.0
147	1022	1.0
147	1023	1.0
147	1024	1.0
147	1025	1.0
147	1026	1.0
147	1027	1.0
147	1028	1.0
147	1029	1.0
147	1030	1.0
147	1031	1.0
147	1032	1.0
147	1033	1.0
147	1034	1.0
147	1035	1.0
147	1036	1.0
147	1037	1.0
147	1038	1.0
147	1039	1.0
147	1040	1.0
147	1041	1.0
147	1042	1.0
147	1043	1.0
147	1044	1.0
147	1045	1.0
147	1046	1.0
147	1047	1.0
147	1048	1.0
147	1049	1.0
147	1050	1.0
147	1051	1.0
147	1052	1.0
147	1053	1.0
147	1054	1.0
147	1055	1.0
147	1056	1.0
147	1057	1.0
147	1058	1.0
147	1059	1.0
147	1060	1.0
147	1061	1.0
147	1062	1.0
147	1063	1.0
147	1064	1.0
147	1065	1.0
147	1066	1.0
147	1067	1.0
147	1068	1.0
147	1069	1.0
147	1070	1.0
147	1071	1.0
147	1072	1.0
147	1073	1.0
147	1074	1.0
147	1075	1.0
147	1076	1.0
147	1077	1.0
147	1078	1.0
147	1079	1.0
147	1080	1.0
147	1081	1.0
1081	1082	1.0
1081	1083	1.0
1081	1084	1.0
1081	1085	1.0
1081	1086	1.0
1081	1087	1.0
1081	1088	1.0
1081	1089	1.0
1081	1090	1.0
1081	1091	1.0
1081	1092	1.0
1081	1093	1.0
1081	1094	1.0
1081	1095	1.0
1081	1096	1.0
1081	1097	1.0
1081	1098	1.0
1081	1099	1.0
1081	1100	1.0
1081	1101	1.0
1081	1102	1.0
1081	1103	1.0
1081	1104	1.0
1081	1105	1.0
1081	1106	1.0
1081	1107	1.0
1081	1108	1.0
1081	1109	1.0
1081	1110	1.0
1081	1111	1.0
1081	1112	1.0
1081	1113	1.0
1081	1114	1.0
1081	1115	1.0
1081	1116	1.0
1081	1117	1.0
1081	1118	1.0
1081	1119	1.0
1081	1120	1.0
1081	1121	1.0
1081	1122	1.0
1081	1123	1.0
1081	1124	1.0
1081	1125	1.0
1081	1126	1.0
1081	1127	1.0
1081	1128	1.0
1081	1129	1.0
1081	1130	1.0
1081	1131	1.0
1081	1132	1.0
1081	1133	1.0
1081	1134	1.0
1081	1135	1.0
1081	1136	1.0
1081	1137	1.0
1081	1138	1.0
1081	1139	1.0
1081	1140	1.0
1081	1141	1.0
1081	1142	1.0
1081	1143	1.0
1081	1144	1.0
1081	1145	1.0
1081	1146	1.0
1081	1147	1.0
1081	1148	1.0
1081	1149	1.0
1081	1150	1.0
1081	1151	1.0
1081	1152	1.0
1081	1153	1.0
1081	1154	1.0
1081	1155	1.0
1081	1156	1.0
1081	1157	1.0
1081	1158	1.0
1081	1159	1.0
1081	1160	1.0
1081	1161	1.0
1081	1162	1.0
1081	1163	1.0
1081	1164	1.0
1081	1165	1.0
1081	1166	1.0
1081	1167	1.0
1081	1168	1.0
1081	1169	1.0
1081	1170	1.0
1081	1171	1.0
1081	1172	1.0
1081	1173	1.0
1081	1174	1.0
1081	1175	1.0
1081	1176	1.0
1081	1177	1.0
1081	1178	1.0
1081	1179	1.0
1081	1180	1.0
1081	1181	1.0
1081	1182	1.0
1081	1183	1.0
1081	1184	1.0
1081	1185	1.0
1081	1186	1.0
1081	1187	1.0
1081	1188	1.0
1081	1189	1.0
1189	1190	1.0
1189	1191	1.0
1189	1192	1.0
1189	1193	1.0
1189	1194	1.0
1189	1195	1.0
1189	1196	1.0
1189	1197	1.0
1189	1198	1.0
1189	1199	1.0
1189	1200	1.0
1189	1201	1.0
1189	1202	1.0
1202	1203	1.0
1202	1204	1.0
1202	1205	1.0
1202	1206	1.0
1206	1207	1.0
1206	1208	1.0
1206	1209	1.0
1206	1210	1.0
1206	1211	1.0
1206	1212	1.0
1206	1213	1.0
1206	1214	1.0
1206	1215	1.0
1206	1216	1.0
1206	1217	1.0
1206	1218	1.0
1206	1219	1.0
1206	1220	1.0
1206	1221	1.0
1206	1222	1.0
1206	1223	1.0
1206	1224	1.0
1206	1225	1.0
1206	1226	1.0
1206	1227	1.0
1206	1228	1.0
1206	1229	1.0
1206	1230	1.0
1206	1231	1.0
1206	1232	1.0
1206	1233	1.0
1206	1234	1.0
1206	1235	1.0
1206	1236	1.0
1236	1237	1.0
1236	1238	1.0
1236	1239	1.0
1236	1240	1.0
1236	1241	1.0
1236	1242	1.0
1206	1243	1.0
1206	1244	1.0
1206	1245	1.0
1206	1246	1.0
1206	1247	1.0
1206	1248	1.0
1206	1249	1.0
1206	1250	1.0
1206	1251	1.0
1206	1252	1.0
1206	1253	1.0
1206	1254	1.0
1206	1255	1.0
1206	1256	1.0
1206	1257	1.0
1206	1258	1.0
1206	1259	1.0
1206	1260	1.0
1206	1261	1.0
1206	1262	1.0
1206	1263	1.0
1206	1264	1.0
1206	1265	1.0
1206	1266	1.0
1206	1267	1.0
1206	1268	1.0
1206	1269	1.0
1206	1270	1.0
1206	1271	1.0
1206	1272	1.0
1206	1273	1.0
1206	1274	1.0
1206	1275	1.0
1206	1276	1.0
1206	1277	1.0
1206	1278	1.0
1206	1279	1.0
1206	1280	1.0
1206	1281	1.0
1206	1282	1.0
1206	1283	1.0
1206	1284	1.0
1206	1285	1.0
1206	1286	1.0
1206	1287	1.0
1206	1288	1.0
1206	1289	1.0
1206	1290	1.0
1206	1291	1.0
1206	1292	1.0
1206	1293	1.0
1206	1294	1.0
1206	1295	1.0
1206	1296	1.0
1206	1297	1.0
1206	1298	1.0
1206	1299	1.0
1206	1300	1.0
1206	1301	1.0
1206	1302	1.0
1206	1303	1.0
1206	1304	1.0
1206	1305	1.0
1206	1306	1.0
1206	1307	1.0
1206	1308	1.0
1206	1309	1.0
1206	1310	1.0
1206	1311	1.0
1206	1312	1.0
1206	1313	1.0
1206	1314	1.0
1206	1315	1.0
1206	1316	1.0
1206	1317	1.0
1206	1318	1.0
1206	1319	1.0
1206	1320	1.0
1206	1321	1.0
1206	1322	1.0
1206	1323	1.0
1206	1324	1.0
1206	1325	1.0
1206	1326	1.0
1206	1327	1.0
1206	1328	1.0
1206	1329	1.0
1206	1330	1.0
1206	1331	1.0
1206	1332	1.0
1206	1333	1.0
1206	1334	1.0
1206	1335	1.0
1206	1336	1.0
1206	1337	1.0
1206	1338	1.0
1206	1339	1.0
1206	1340	1.0
1206	1341	1.0
1206	1342	1.0
1206	1343	1.0
1206	1344	1.0
1206	1345	1.0
1206	1346	1.0
1206	1347	1.0
1206	1348	1.0
1206	1349	1.0
1206	1350	1.0
1206	1351	1.0
1206	1352	1.0
1206	1353	1.0
1206	1354	1.0
1206	1355	1.0
1206	1356	1.0
1206	1357	1.0
1206	1358	1.0
1206	1359	1.0
1206	1360	1.0
1206	1361	1.0
1206	1362	1.0
1206	1363	1.0
1206	1364	1.0
1206	1365	1.0
1206	1366	1.0
1206	1367	1.0
1206	1368	1.0
1206	1369	1.0
1206	1370	1.0
1206	1371	1.0
1206	1372	1.0
1202	1373	1.0
1202	1374	1.0
1202	1375	1.0
1202	1376	1.0
1376	1377	1.0
1376	1378	1.0
1376	1379	1.0
1376	1380	1.0
1376	1381	1.0
1376	1382	1.0
1376	1383	1.0
1376	1384	1.0
1376	1385	1.0
1202	1386	1.0
1202	1387	1.0
1202	1388	1.0
1388	1389	1.0
1388	1390	1.0
1388	1391	1.0
1388	1392	1.0
1388	1393	1.0
1388	1394	1.0
1388	1395	1.0
1202	1396	1.0
1202	1397	1.0
1202	1398	1.0
1202	1399	1.0
1202	1400	1.0
1202	1401	1.0
1202	1402	1.0
1202	1403	1.0
1202	1404	1.0
1202	1405	1.0
1202	1406	1.0
1202	1407	1.0
1202	1408	1.0
1202	1409	1.0
1189	1410	1.0
1189	1411	1.0
1189	1412	1.0
1189	1413	1.0
1189	1414	1.0
1189	1415	1.0
1189	1416	1.0
1189	1417	1.0
1189	1418	1.0
1189	1419	1.0
1189	1420	1.0
1189	1421	1.0
1189	1422	1.0
1189	1423	1.0
1189	1424	1.0
1189	1425	1.0
1189	1426	1.0
1189	1427	1.0
1189	1428	1.0
1189	1429	1.0
1189	1430	1.0
1189	1431	1.0
1189	1432	1.0
1189	1433	1.0
1189	1434	1.0
1189	1435	1.0
1189	1436	1.0
1189	1437	1.0
1189	1438	1.0
1189	1439	1.0
1189	1440	1.0
1189	1441	1.0
1189	1442	1.0
1189	1443	1.0
1081	1444	1.0
1081	1445	1.0
1081	1446	1.0
1081	1447	1.0
1081	1448	1.0
1081	1449	1.0
1081	1450	1.0
1081	1451	1.0
1081	1452	1.0
1081	1453	1.0
1081	1454	1.0
1081	1455	1.0
1081	1456	1.0
1081	1457	1.0
1081	1458	1.0
1081	1459	1.0
1081	1460	1.0
1081	1461	1.0
1081	1462	1.0
1081	1463	1.0
1081	1464	1.0
1081	1465	1.0
1081	1466	1.0
1081	1467	1.0
1081	1468	1.0
147	1469	1.0
147	1470	1.0
147	1471	1.0
147	1472	1.0
147	1473	1.0
147	1474	1.0
147	1475	1.0
147	1476	1.0
147	1477	1.0
147	1478	1.0
147	1479	1.0
147	1480	1.0
147	1481	1.0
147	1482	1.0
147	1483	1.0
147	1484	1.0
147	1485	1.0
147	1486	1.0
147	1487	1.0
147	1488	1.0
147	1489	1.0
147	1490	1.0
147	1491	1.0
147	1492	1.0
147	1493	1.0
147	1494	1.0
147	1495	1.0
147	1496	1.0
147	1497	1.0
147	1498	1.0
147	1499	1.0
147	1500	1.0
147	1501	1.0
147	1502	1.0
147	1503	1.0
147	1504	1.0
147	1505	1.0
147	1506	1.0
147	1507	1.0
147	1508	1.0
147	1509	1.0
147	1510	1.0
147	1511	1.0
147	1512	1.0
147	1513	1.0
147	1514	1.0
147	1515	1.0
147	1516	1.0
147	1517	1.0
147	1518	1.0
147	1519	1.0
147	1520	1.0
147	1521	1.0
147	1522	1.0
147	1523	1.0
147	1524	1.0
147	1525	1.0
147	1526	1.0
147	1527	1.0
147	1528	1.0
147	1529	1.0
147	1530	1.0
147	1531	1.0
147	1532	1.0
147	1533	1.0
147	1534	1.0
147	1535	1.0
147	1536	1.0
147	1537	1.0
147	1538	1.0
147	1539	1.0
147	1540	1.0
147	1541	1.0
147	1542	1.0
147	1543	1.0
147	1544	1.0
147	1545	1.0
147	1546	1.0
147	1547	1.0
147	1548	1.0
147	1549	1.0
147	1550	1.0
147	1551	1.0
147	1552	1.0
147	1553	1.0
147	1554	1.0
147	1555	1.0
147	1556	1.0
147	1557	1.0
147	1558	1.0
1558	1559	1.0
1558	1560	1.0
1558	1561	1.0
1558	1562	1.0
1558	1563	1.0
1558	1564	1.0
1558	1565	1.0
1558	1566	1.0
1558	1567	1.0
147	1568	1.0
147	1569	1.0
147	1570	1.0
147	1571	1.0
147	1572	1.0
147	1573	1.0
147	1574	1.0
147	1575	1.0
147	1576	1.0
147	1577	1.0
147	1578	1.0
147	1579	1.0
147	1580	1.0
147	1581	1.0
147	1582	1.0
147	1583	1.0
147	1584	1.0
147	1585	1.0
147	1586	1.0
147	1587	1.0
147	1588	1.0
147	1589	1.0
147	1590	1.0
147	1591	1.0
147	1592	1.0
147	1593	1.0
147	1594	1.0
147	1595	1.0
147	1596	1.0
147	1597	1.0
147	1598	1.0
147	1599	1.0
147	1600	1.0
147	1601	1.0
147	1602	1.0
147	1603	1.0
147	1604	1.0
147	1605	1.0
147	1606	1.0
147	1607	1.0
147	1608	1.0
147	1609	1.0
147	1610	1.0
147	1611	1.0
147	1612	1.0
147	1613	1.0
147	1614	1.0
147	1615	1.0
147	1616	1.0
147	1617	1.0
147	1618	1.0
147	1619	1.0
147	1620	1.0
147	1621	1.0
147	1622	1.0
147	1623	1.0
147	1624	1.0
147	1625	1.0
1625	1626	1.0
1625	1627	1.0
1625	1628	1.0
1625	1629	1.0
1625	1630	1.0
1625	1631	1.0
1625	1632	1.0
1625	1633	1.0
1625	1634	1.0
1625	1635	1.0
1625	1636	1.0
1625	1637	1.0
1625	1638	1.0
1625	1639	1.0
1625	1640	1.0
1625	1641	1.0
1625	1642	1.0
1625	1643	1.0
1625	1644	1.0
1625	1645	1.0
1625	1646	1.0
1625	1647	1.0
1625	1648	1.0
1625	1649	1.0
1625	1650	1.0
1625	1651	1.0
1625	1652	1.0
1625	1653	1.0
1625	1654	1.0
1625	1655	1.0
1625	1656	1.0
1625	1657	1.0
1625	1658	1.0
1625	1659	1.0
1625	1660	1.0
1625	1661	1.0
1625	1662	1.0
1625	1663	1.0
1625	1664	1.0
1625	1665	1.0
1625	1666	1.0
1625	1667	1.0
1625	1668	1.0
1625	1669	1.0
1625	1670	1.0
1625	1671	1.0
1625	1672	1.0
1625	1673	1.0
1625	1674	1.0
1625	1675	1.0
1625	1676	1.0
1625	1677	1.0
1625	1678	1.0
1625	1679	1.0
1625	1680	1.0
1625	1681	1.0
1625	1682	1.0
147	1683	1.0
147	1684	1.0
147	1685	1.0
147	1686	1.0
147	1687	1.0
147	1688	1.0
147	1689	1.0
147	1690	1.0
147	1691	1.0
147	1692	1.0
147	1693	1.0
147	1694	1.0
147	1695	1.0
147	1696	1.0
147	1697	1.0
147	1698	1.0
147	1699	1.0
147	1700	1.0
147	1701	1.0
147	1702	1.0
147	1703	1.0
147	1704	1.0
147	1705	1.0
147	1706	1.0
147	1707	1.0
147	1708	1.0
147	1709	1.0
147	1710	1.0
147	1711	1.0
147	1712	1.0
147	1713	1.0
147	1714	1.0
147	1715	1.0
147	1716	1.0
147	1717	1.0
147	1718	1.0
147	1719	1.0
147	1720	1.0
147	1721	1.0
147	1722	1.0
147	1723	1.0
147	1724	1.0
147	1725	1.0
147	1726	1.0
1726	1727	1.0
1726	1728	1.0
1726	1729	1.0
1726	1730	1.0
1726	1731	1.0
1726	1732	1.0
1726	1733	1.0
1726	1734	1.0
1726	1735	1.0
1726	1736	1.0
1726	1737	1.0
1726	1738	1.0
1726	1739	1.0
1726	1740	1.0
1726	1741	1.0
1726	1742	1.0
1726	1743	1.0
1726	1744	1.0
1726	1745	1.0
1726	1746	1.0
1726	1747	1.0
1726	1748	1.0
1726	1749	1.0
1726	1750	1.0
1726	1751	1.0
1726	1752	1.0
1726	1753	1.0
1726	1754	1.0
1726	1755	1.0
1726	1756	1.0
1726	1757	1.0
1726	1758	1.0
1726	1759	1.0
1726	1760	1.0
147	1761	1.0
147	1762	1.0
147	1763	1.0
147	1764	1.0
147	1765	1.0
147	1766	1.0
147	1767	1.0
147	1768	1.0
147	1769	1.0
147	1770	1.0
147	1771	1.0
147	1772	1.0
147	1773	1.0
147	1774	1.0
147	1775	1.0
147	1776	1.0
147	1777	1.0
147	1778	1.0
147	1779	1.0
147	1780	1.0
147	1781	1.0
147	1782	1.0
147	1783	1.0
147	1784	1.0
147	1785	1.0
147	1786	1.0
147	1787	1.0
147	1788	1.0
147	1789	1.0
147	1790	1.0
147	1791	1.0
147	1792	1.0
147	1793	1.0
147	1794	1.0
147	1795	1.0
147	1796	1.0
147	1797	1.0
147	1798	1.0
147	1799	1.0
147	1800	1.0
147	1801	1.0
147	1802	1.0
147	1803	1.0
147	1804	1.0
147	1805	1.0
147	1806	1.0
147	1807	1.0
147	1808	1.0
147	1809	1.0
147	1810	1.0
147	1811	1.0
147	1812	1.0
147	1813	1.0
147	1814	1.0
147	1815	1.0
147	1816	1.0
147	1817	1.0
147	1818	1.0
147	1819	1.0
147	1820	1.0
147	1821	1.0
147	1822	1.0
147	1823	1.0
147	1824	1.0
147	1825	1.0
147	1826	1.0
147	1827	1.0
147	1828	1.0
147	1829	1.0
147	1830	1.0
147	1831	1.0
147	1832	1.0
147	1833	1.0
147	1834	1.0
147	1835	1.0
147	1836	1.0
147	1837	1.0
147	1838	1.0
147	1839	1.0
147	1840	1.0
147	1841	1.0
147	1842	1.0
147	1843	1.0
147	1844	1.0
147	1845	1.0
147	1846	1.0
147	1847	1.0
147	1848	1.0
147	1849	1.0
147	1850	1.0
147	1851	1.0
147	1852	1.0
147	1853	1.0
147	1854	1.0
147	1855	1.0
147	1856	1.0
147	1857	1.0
147	1858	1.0
147	1859	1.0
147	1860	1.0
147	1861	1.0
147	1862	1.0
147	1863	1.0
147	1864	1.0
147	1865	1.0
147	1866	1.0
147	1867	1.0
147	1868	1.0
147	1869	1.0
147	1870	1.0
147	1871	1.0
147	1872	1.0
147	1873	1.0
147	1874	1.0
147	1875	1.0
147	1876	1.0
147	1877	1.0
147	1878	1.0
147	1879	1.0
147	1880	1.0
147	1881	1.0
147	1882	1.0
147	1883	1.0
147	1884	1.0
147	1885	1.0
147	1886	1.0
147	1887	1.0
147	1888	1.0
147	1889	1.0
147	1890	1.0
147	1891	1.0
147	1892	1.0
147	1893	1.0
147	1894	1.0
147	1895	1.0
147	1896	1.0
147	1897	1.0
147	1898	1.0
147	1899	1.0
147	1900	1.0
147	1901	1.0
147	1902	1.0
147	1903	1.0
147	1904	1.0
147	1905	1.0
147	1906	1.0
147	1907	1.0
147	1908	1.0
147	1909	1.0
147	1910	1.0
147	1911	1.0
147	1912	1.0
147	1913	1.0
147	1914	1.0
147	1915	1.0
147	1916	1.0
147	1917	1.0
147	1918	1.0
147	1919	1.0
147	1920	1.0
147	1921	1.0
147	1922	1.0
147	1923	1.0
147	1924	1.0
147	1925	1.0
147	1926	1.0
147	1927	1.0
147	1928	1.0
147	1929	1.0
147	1930	1.0
147	1931	1.0
147	1932	1.0
147	1933	1.0
147	1934	1.0
147	1935	1.0
147	1936	1.0
147	1937	1.0
147	1938	1.0
147	1939	1.0
147	1940	1.0
147	1941	1.0
147	1942	1.0
147	1943	1.0
147	1944	1.0
147	1945	1.0
147	1946	1.0
147	1947	1.0
147	1948	1.0
147	1949	1.0
147	1950	1.0
147	1951	1.0
147	1952	1.0
147	1953	1.0
147	1954	1.0
1954	1955	1.0
1954	1956	1.0
1954	1957	1.0
1954	1958	1.0
147	1959	1.0
147	1960	1.0
147	1961	1.0
147	1962	1.0
147	1963	1.0
147	1964	1.0
147	1965	1.0
147	1966	1.0
147	1967	1.0
147	1968	1.0
147	1969	1.0
147	1970	1.0
147	1971	1.0
147	1972	1.0
147	1973	1.0
147	1974	1.0
147	1975	1.0
147	1976	1.0
147	1977	1.0
147	1978	1.0
147	1979	1.0
62	1980	1.0
62	1981	1.0
62	1982	1.0
62	1983	1.0
62	1984	1.0
62	1985	1.0
62	1986	1.0
62	1987	1.0
62	1988	1.0
62	1989	1.0
62	1990	1.0
62	1991	1.0
62	1992	1.0
62	1993	1.0
62	1994	1.0
62	1995	1.0
62	1996	1.0
62	1997	1.0
62	1998	1.0
62	1999	1.0
62	2000	1.0
62	2001	1.0
62	2002	1.0
62	2003	1.0
62	2004	1.0
62	2005	1.0
62	2006	1.0
31	2007	1.0
31	2008	1.0
31	2009	1.0
31	2010	1.0
31	2011	1.0
31	2012	1.0
30	2013	1.0
30	2014	1.0
30	2015	1.0
30	2016	1.0
30	2017	1.0
30	2018	1.0
30	2019	1.0
30	2020	1.0
30	2021	1.0
23	2022	1.0
23	2023	1.0
23	2024	1.0
23	2025	1.0
23	2026	1.0
23	2027	1.0
22	2028	1.0
22	2029	1.0
22	2030	1.0
22	2031	1.0
22	2032	1.0
22	2033	1.0
10	2034	1.0
7	2035	1.0
4	2036	1.0
