0	1	1.0
0	2	1.0
2	3	1.0
2	4	1.0
2	5	1.0
5	6	1.0
5	7	1.0
7	8	1.0
8	9	1.0
8	10	1.0
10	11	1.0
11	12	1.0
11	13	1.0
11	14	1.0
11	15	1.0
11	16	1.0
11	17	1.0
11	18	1.0
11	19	1.0
11	20	1.0
20	21	1.0
21	22	1.0
21	23	1.0
21	24	1.0
21	25	1.0
21	26	1.0
21	27	1.0
21	28	1.0
20	29	1.0
20	30	1.0
20	31	1.0
31	32	1.0
31	33	1.0
31	34	1.0
31	35	1.0
31	36	1.0
31	37	1.0
31	38	1.0
31	39	1.0
31	40	1.0
31	41	1.0
31	42	1.0
31	43	1.0
31	44	1.0
31	45	1.0
45	46	1.0
45	47	1.0
45	48	1.0
45	49	1.0
45	50	1.0
45	51	1.0
45	52	1.0
45	53	1.0
45	54	1.0
31	55	1.0
31	56	1.0
31	57	1.0
31	58	1.0
31	59	1.0
31	60	1.0
31	61	1.0
31	62	1.0
31	63	1.0
31	64	1.0
64	65	1.0
64	66	1.0
64	67	1.0
64	68	1.0
64	69	1.0
64	70	1.0
64	71	1.0
64	72	1.0
64	73	1.0
64	74	1.0
64	75	1.0
64	76	1.0
64	77	1.0
64	78	1.0
64	79	1.0
64	80	1.0
64	81	1.0
64	82	1.0
64	83	1.0
64	84	1.0
64	85	1.0
64	86	1.0
64	87	1.0
64	88	1.0
64	89	1.0
64	90	1.0
64	91	1.0
64	92	1.0
64	93	1.0
64	94	1.0
64	95	1.0
95	96	1.0
95	97	1.0
95	98	1.0
95	99	1.0
95	100	1.0
100	101	1.0
100	102	1.0
100	103	1.0
100	104	1.0
100	105	1.0
100	106	1.0
100	107	1.0
100	108	1.0
100	109	1.0
100	110	1.0
100	111	1.0
100	112	1.0
100	113	1.0
113	114	1.0
113	115	1.0
113	116	1.0
113	117	1.0
113	118	1.0
113	119	1.0
113	120	1.0
113	121	1.0
113	122	1.0
113	123	1.0
113	124	1.0
100	125	1.0
100	126	1.0
100	127	1.0
100	128	1.0
100	129	1.0
100	130	1.0
130	131	1.0
130	132	1.0
130	133	1.0
130	134	1.0
130	135	1.0
130	136	1.0
130	137	1.0
130	138	1.0
130	139	1.0
130	140	1.0
130	141	1.0
100	142	1.0
100	143	1.0
100	144	1.0
100	145	1.0
100	146	1.0
100	147	1.0
100	148	1.0
100	149	1.0
100	150	1.0
100	151	1.0
100	152	1.0
100	153	1.0
100	154	1.0
100	155	1.0
100	156	1.0
100	157	1.0
100	158	1.0
100	159	1.0
100	160	1.0
100	161	1.0
100	162	1.0
100	163	1.0
100	164	1.0
100	165	1.0
100	166	1.0
100	167	1.0
100	168	1.0
100	169	1.0
100	170	1.0
100	171	1.0
100	172	1.0
172	173	1.0
172	174	1.0
172	175	1.0
172	176	1.0
172	177	1.0
172	178	1.0
100	179	1.0
179	180	1.0
179	181	1.0
179	182	1.0
179	183	1.0
179	184	1.0
179	185	1.0
179	186	1.0
100	187	1.0
100	188	1.0
188	189	1.0
188	190	1.0
188	191	1.0
188	192	1.0
188	193	1.0
188	194	1.0
188	195	1.0
100	196	1.0
100	197	1.0
100	198	1.0
100	199	1.0
100	200	1.0
100	201	1.0
100	202	1.0
100	203	1.0
100	204	1.0
100	205	1.0
100	206	1.0
206	207	1.0
206	208	1.0
206	209	1.0
206	210	1.0
100	211	1.0
211	212	1.0
211	213	1.0
211	214	1.0
211	215	1.0
211	216	1.0
211	217	1.0
211	218	1.0
100	219	1.0
100	220	1.0
100	221	1.0
100	222	1.0
100	223	1.0
100	224	1.0
100	225	1.0
100	226	1.0
100	227	1.0
100	228	1.0
100	229	1.0
100	230	1.0
100	231	1.0
100	232	1.0
100	233	1.0
100	234	1.0
100	235	1.0
100	236	1.0
100	237	1.0
100	238	1.0
100	239	1.0
100	240	1.0
100	241	1.0
100	242	1.0
100	243	1.0
100	244	1.0
100	245	1.0
100	246	1.0
100	247	1.0
100	248	1.0
100	249	1.0
100	250	1.0
100	251	1.0
100	252	1.0
100	253	1.0
100	254	1.0
100	255	1.0
100	256	1.0
100	257	1.0
100	258	1.0
100	259	1.0
100	260	1.0
100	261	1.0
100	262	1.0
100	263	1.0
100	264	1.0
100	265	1.0
100	266	1.0
100	267	1.0
100	268	1.0
100	269	1.0
100	270	1.0
100	271	1.0
100	272	1.0
100	273	1.0
100	274	1.0
100	275	1.0
100	276	1.0
100	277	1.0
100	278	1.0
100	279	1.0
100	280	1.0
100	281	1.0
100	282	1.0
100	283	1.0
100	284	1.0
100	285	1.0
100	286	1.0
100	287	1.0
100	288	1.0
100	289	1.0
100	290	1.0
100	291	1.0
100	292	1.0
100	293	1.0
100	294	1.0
100	295	1.0
100	296	1.0
100	297	1.0
100	298	1.0
100	299	1.0
100	300	1.0
100	301	1.0
95	302	1.0
95	303	1.0
95	304	1.0
95	305	1.0
95	306	1.0
95	307	1.0
95	308	1.0
95	309	1.0
95	310	1.0
95	311	1.0
95	312	1.0
95	313	1.0
95	314	1.0
95	315	1.0
315	316	1.0
315	317	1.0
315	318	1.0
315	319	1.0
315	320	1.0
315	321	1.0
315	322	1.0
315	323	1.0
315	324	1.0
315	325	1.0
315	326	1.0
315	327	1.0
315	328	1.0
315	329	1.0
95	330	1.0
95	331	1.0
95	332	1.0
95	333	1.0
95	334	1.0
95	335	1.0
335	336	1.0
335	337	1.0
335	338	1.0
335	339	1.0
335	340	1.0
335	341	1.0
95	342	1.0
95	343	1.0
95	344	1.0
95	345	1.0
95	346	1.0
95	347	1.0
95	348	1.0
95	349	1.0
95	350	1.0
95	351	1.0
95	352	1.0
95	353	1.0
95	354	1.0
95	355	1.0
95	356	1.0
95	357	1.0
95	358	1.0
95	359	1.0
95	360	1.0
95	361	1.0
95	362	1.0
95	363	1.0
95	364	1.0
364	365	1.0
364	366	1.0
364	367	1.0
364	368	1.0
364	369	1.0
364	370	1.0
364	371	1.0
364	372	1.0
364	373	1.0
364	374	1.0
364	375	1.0
364	376	1.0
364	377	1.0
364	378	1.0
364	379	1.0
364	380	1.0
364	381	1.0
364	382	1.0
364	383	1.0
364	384	1.0
364	385	1.0
364	386	1.0
364	387	1.0
364	388	1.0
364	389	1.0
364	390	1.0
364	391	1.0
364	392	1.0
364	393	1.0
364	394	1.0
364	395	1.0
364	396	1.0
364	397	1.0
364	398	1.0
364	399	1.0
364	400	1.0
364	401	1.0
364	402	1.0
364	403	1.0
364	404	1.0
364	405	1.0
364	406	1.0
364	407	1.0
364	408	1.0
364	409	1.0
364	410	1.0
364	411	1.0
364	412	1.0
364	413	1.0
364	414	1.0
364	415	1.0
364	416	1.0
364	417	1.0
364	418	1.0
418	419	1.0
418	420	1.0
418	421	1.0
418	422	1.0
422	423	1.0
422	424	1.0
422	425	1.0
422	426	1.0
422	427	1.0
422	428	1.0
422	429	1.0
422	430	1.0
422	431	1.0
422	432	1.0
422	433	1.0
422	434	1.0
422	435	1.0
422	436	1.0
422	437	1.0
422	438	1.0
422	439	1.0
422	440	1.0
422	441	1.0
441	442	1.0
441	443	1.0
441	444	1.0
441	445	1.0
422	446	1.0
422	447	1.0
422	448	1.0
422	449	1.0
422	450	1.0
422	451	1.0
422	452	1.0
422	453	1.0
422	454	1.0
422	455	1.0
422	456	1.0
422	457	1.0
422	458	1.0
458	459	1.0
458	460	1.0
458	461	1.0
458	462	1.0
458	463	1.0
458	464	1.0
458	465	1.0
422	466	1.0
422	467	1.0
422	468	1.0
422	469	1.0
422	470	1.0
422	471	1.0
422	472	1.0
422	473	1.0
422	474	1.0
422	475	1.0
422	476	1.0
422	477	1.0
422	478	1.0
422	479	1.0
422	480	1.0
422	481	1.0
422	482	1.0
422	483	1.0
422	484	1.0
422	485	1.0
422	486	1.0
422	487	1.0
422	488	1.0
422	489	1.0
422	490	1.0
422	491	1.0
422	492	1.0
422	493	1.0
422	494	1.0
422	495	1.0
422	496	1.0
422	497	1.0
422	498	1.0
422	499	1.0
422	500	1.0
422	501	1.0
501	502	1.0
501	503	1.0
501	504	1.0
501	505	1.0
501	506	1.0
422	507	1.0
422	508	1.0
422	509	1.0
422	510	1.0
422	511	1.0
422	512	1.0
422	513	1.0
422	514	1.0
422	515	1.0
422	516	1.0
422	517	1.0
422	518	1.0
422	519	1.0
422	520	1.0
422	521	1.0
422	522	1.0
422	523	1.0
422	524	1.0
422	525	1.0
422	526	1.0
422	527	1.0
422	528	1.0
528	529	1.0
528	530	1.0
528	531	1.0
528	532	1.0
528	533	1.0
528	534	1.0
528	535	1.0
528	536	1.0
528	537	1.0
528	538	1.0
422	539	1.0
422	540	1.0
422	541	1.0
422	542	1.0
422	543	1.0
422	544	1.0
544	545	1.0
544	546	1.0
544	547	1.0
544	548	1.0
422	549	1.0
549	550	1.0
549	551	1.0
549	552	1.0
549	553	1.0
549	554	1.0
422	555	1.0
422	556	1.0
422	557	1.0
422	558	1.0
422	559	1.0
422	560	1.0
422	561	1.0
561	562	1.0
561	563	1.0
561	564	1.0
561	565	1.0
561	566	1.0
561	567	1.0
561	568	1.0
561	569	1.0
561	570	1.0
570	571	1.0
570	572	1.0
570	573	1.0
570	574	1.0
570	575	1.0
570	576	1.0
561	577	1.0
561	578	1.0
561	579	1.0
561	580	1.0
561	581	1.0
561	582	1.0
561	583	1.0
561	584	1.0
561	585	1.0
561	586	1.0
561	587	1.0
561	588	1.0
561	589	1.0
561	590	1.0
561	591	1.0
561	592	1.0
422	593	1.0
422	594	1.0
422	595	1.0
422	596	1.0
422	597	1.0
422	598	1.0
422	599	1.0
422	600	1.0
422	601	1.0
422	602	1.0
422	603	1.0
422	604	1.0
422	605	1.0
422	606	1.0
422	607	1.0
607	608	1.0
607	609	1.0
607	610	1.0
607	611	1.0
607	612	1.0
607	613	1.0
607	614	1.0
607	615	1.0
607	616	1.0
607	617	1.0
607	618	1.0
607	619	1.0
607	620	1.0
620	621	1.0
620	622	1.0
620	623	1.0
620	624	1.0
607	625	1.0
607	626	1.0
607	627	1.0
607	628	1.0
607	629	1.0
607	630	1.0
607	631	1.0
607	632	1.0
607	633	1.0
422	634	1.0
422	635	1.0
422	636	1.0
422	637	1.0
422	638	1.0
422	639	1.0
422	640	1.0
422	641	1.0
422	642	1.0
422	643	1.0
422	644	1.0
644	645	1.0
644	646	1.0
644	647	1.0
644	648	1.0
422	649	1.0
422	650	1.0
422	651	1.0
422	652	1.0
422	653	1.0
422	654	1.0
422	655	1.0
422	656	1.0
422	657	1.0
422	658	1.0
422	659	1.0
422	660	1.0
422	661	1.0
422	662	1.0
422	663	1.0
422	664	1.0
422	665	1.0
422	666	1.0
422	667	1.0
422	668	1.0
422	669	1.0
422	670	1.0
422	671	1.0
422	672	1.0
422	673	1.0
422	674	1.0
422	675	1.0
422	676	1.0
676	677	1.0
677	678	1.0
677	679	1.0
677	680	1.0
677	681	1.0
677	682	1.0
677	683	1.0
677	684	1.0
677	685	1.0
677	686	1.0
677	687	1.0
677	688	1.0
688	689	1.0
688	690	1.0
688	691	1.0
688	692	1.0
688	693	1.0
688	694	1.0
677	695	1.0
677	696	1.0
677	697	1.0
677	698	1.0
677	699	1.0
677	700	1.0
676	701	1.0
676	702	1.0
422	703	1.0
422	704	1.0
422	705	1.0
422	706	1.0
422	707	1.0
422	708	1.0
422	709	1.0
422	710	1.0
422	711	1.0
422	712	1.0
422	713	1.0
422	714	1.0
422	715	1.0
422	716	1.0
716	717	1.0
716	718	1.0
718	719	1.0
718	720	1.0
718	721	1.0
718	722	1.0
718	723	1.0
718	724	1.0
718	725	1.0
718	726	1.0
718	727	1.0
718	728	1.0
728	729	1.0
728	730	1.0
728	731	1.0
728	732	1.0
728	733	1.0
728	734	1.0
728	735	1.0
728	736	1.0
728	737	1.0
728	738	1.0
728	739	1.0
718	740	1.0
718	741	1.0
716	742	1.0
716	743	1.0
716	744	1.0
716	745	1.0
716	746	1.0
422	747	1.0
422	748	1.0
422	749	1.0
422	750	1.0
422	751	1.0
422	752	1.0
422	753	1.0
422	754	1.0
422	755	1.0
422	756	1.0
422	757	1.0
422	758	1.0
422	759	1.0
422	760	1.0
422	761	1.0
422	762	1.0
422	763	1.0
422	764	1.0
764	765	1.0
764	766	1.0
764	767	1.0
764	768	1.0
764	769	1.0
764	770	1.0
764	771	1.0
764	772	1.0
764	773	1.0
764	774	1.0
764	775	1.0
764	776	1.0
764	777	1.0
764	778	1.0
764	779	1.0
764	780	1.0
764	781	1.0
764	782	1.0
764	783	1.0
764	784	1.0
764	785	1.0
764	786	1.0
764	787	1.0
764	788	1.0
764	789	1.0
789	790	1.0
789	791	1.0
789	792	1.0
789	793	1.0
789	794	1.0
789	795	1.0
789	796	1.0
789	797	1.0
789	798	1.0
789	799	1.0
789	800	1.0
789	801	1.0
789	802	1.0
764	803	1.0
764	804	1.0
764	805	1.0
764	806	1.0
764	807	1.0
764	808	1.0
764	809	1.0
764	810	1.0
764	811	1.0
764	812	1.0
812	813	1.0
812	814	1.0
812	815	1.0
812	816	1.0
816	817	1.0
816	818	1.0
816	819	1.0
816	820	1.0
816	821	1.0
764	822	1.0
764	823	1.0
764	824	1.0
764	825	1.0
764	826	1.0
764	827	1.0
764	828	1.0
764	829	1.0
764	830	1.0
764	831	1.0
764	832	1.0
764	833	1.0
764	834	1.0
764	835	1.0
764	836	1.0
764	837	1.0
764	838	1.0
764	839	1.0
764	840	1.0
764	841	1.0
841	842	1.0
841	843	1.0
841	844	1.0
844	845	1.0
844	846	1.0
844	847	1.0
844	848	1.0
844	849	1.0
844	850	1.0
844	851	1.0
844	852	1.0
844	853	1.0
844	854	1.0
844	855	1.0
844	856	1.0
844	857	1.0
844	858	1.0
844	859	1.0
844	860	1.0
860	861	1.0
860	862	1.0
860	863	1.0
860	864	1.0
860	865	1.0
860	866	1.0
860	867	1.0
860	868	1.0
860	869	1.0
860	870	1.0
860	871	1.0
860	872	1.0
860	873	1.0
860	874	1.0
860	875	1.0
860	876	1.0
860	877	1.0
860	878	1.0
860	879	1.0
860	880	1.0
860	881	1.0
860	882	1.0
860	883	1.0
860	884	1.0
860	885	1.0
860	886	1.0
860	887	1.0
860	888	1.0
860	889	1.0
860	890	1.0
860	891	1.0
860	892	1.0
860	893	1.0
860	894	1.0
860	895	1.0
860	896	1.0
860	897	1.0
860	898	1.0
860	899	1.0
860	900	1.0
860	901	1.0
860	902	1.0
860	903	1.0
860	904	1.0
860	905	1.0
860	906	1.0
860	907	1.0
860	908	1.0
860	909	1.0
860	910	1.0
860	911	1.0
860	912	1.0
912	913	1.0
912	914	1.0
912	915	1.0
912	916	1.0
912	917	1.0
912	918	1.0
912	919	1.0
912	920	1.0
912	921	1.0
912	922	1.0
860	923	1.0
860	924	1.0
860	925	1.0
860	926	1.0
860	927	1.0
860	928	1.0
860	929	1.0
860	930	1.0
860	931	1.0
860	932	1.0
860	933	1.0
860	934	1.0
860	935	1.0
860	936	1.0
860	937	1.0
860	938	1.0
860	939	1.0
860	940	1.0
860	941	1.0
860	942	1.0
860	943	1.0
860	944	1.0
860	945	1.0
860	946	1.0
860	947	1.0
860	948	1.0
860	949	1.0
860	950	1.0
860	951	1.0
860	952	1.0
860	953	1.0
860	954	1.0
860	955	1.0
860	956	1.0
860	957	1.0
844	958	1.0
844	959	1.0
844	960	1.0
844	961	1.0
844	962	1.0
844	963	1.0
844	964	1.0
844	965	1.0
844	966	1.0
844	967	1.0
844	968	1.0
844	969	1.0
844	970	1.0
844	971	1.0
844	972	1.0
844	973	1.0
973	974	1.0
973	975	1.0
975	976	1.0
975	977	1.0
975	978	1.0
975	979	1.0
975	980	1.0
975	981	1.0
975	982	1.0
975	983	1.0
975	984	1.0
973	985	1.0
844	986	1.0
844	987	1.0
844	988	1.0
844	989	1.0
844	990	1.0
844	991	1.0
844	992	1.0
844	993	1.0
844	994	1.0
844	995	1.0
844	996	1.0
844	997	1.0
844	998	1.0
844	999	1.0
844	1000	1.0
844	1001	1.0
844	1002	1.0
844	1003	1.0
844	1004	1.0
844	1005	1.0
844	1006	1.0
844	1007	1.0
844	1008	1.0
844	1009	1.0
844	1010	1.0
844	1011	1.0
841	1012	1.0
841	1013	1.0
841	1014	1.0
841	1015	1.0
841	1016	1.0
841	1017	1.0
841	1018	1.0
764	1019	1.0
764	1020	1.0
764	1021	1.0
764	1022	1.0
764	1023	1.0
764	1024	1.0
764	1025	1.0
764	1026	1.0
764	1027	1.0
764	1028	1.0
764	1029	1.0
764	1030	1.0
764	1031	1.0
764	1032	1.0
764	1033	1.0
764	1034	1.0
764	1035	1.0
764	1036	1.0
764	1037	1.0
764	1038	1.0
764	1039	1.0
764	1040	1.0
764	1041	1.0
764	1042	1.0
764	1043	1.0
764	1044	1.0
764	1045	1.0
764	1046	1.0
764	1047	1.0
764	1048	1.0
764	1049	1.0
764	1050	1.0
1050	1051	1.0
1050	1052	1.0
1050	1053	1.0
1053	1054	1.0
1053	1055	1.0
1053	1056	1.0
1053	1057	1.0
1053	1058	1.0
1053	1059	1.0
1053	1060	1.0
1053	1061	1.0
1053	1062	1.0
1053	1063	1.0
1053	1064	1.0
1053	1065	1.0
1053	1066	1.0
1053	1067	1.0
1053	1068	1.0
1053	1069	1.0
1053	1070	1.0
1053	1071	1.0
1053	1072	1.0
1053	1073	1.0
1053	1074	1.0
1053	1075	1.0
1053	1076	1.0
1053	1077	1.0
1053	1078	1.0
1053	1079	1.0
1053	1080	1.0
1053	1081	1.0
1081	1082	1.0
1081	1083	1.0
1081	1084	1.0
1081	1085	1.0
1053	1086	1.0
1053	1087	1.0
1053	1088	1.0
1088	1089	1.0
1088	1090	1.0
1088	1091	1.0
1088	1092	1.0
1088	1093	1.0
1088	1094	1.0
1088	1095	1.0
1088	1096	1.0
1088	1097	1.0
1088	1098	1.0
1088	1099	1.0
1088	1100	1.0
1053	1101	1.0
1053	1102	1.0
1053	1103	1.0
1053	1104	1.0
1053	1105	1.0
1053	1106	1.0
1053	1107	1.0
1053	1108	1.0
1053	1109	1.0
1053	1110	1.0
1053	1111	1.0
1111	1112	1.0
1111	1113	1.0
1111	1114	1.0
1111	1115	1.0
1053	1116	1.0
1053	1117	1.0
1053	1118	1.0
1053	1119	1.0
1053	1120	1.0
1053	1121	1.0
1053	1122	1.0
1122	1123	1.0
1122	1124	1.0
1122	1125	1.0
1122	1126	1.0
1122	1127	1.0
1053	1128	1.0
1053	1129	1.0
1053	1130	1.0
1053	1131	1.0
1053	1132	1.0
1053	1133	1.0
1133	1134	1.0
1134	1135	1.0
1134	1136	1.0
1134	1137	1.0
1134	1138	1.0
1134	1139	1.0
1133	1140	1.0
1133	1141	1.0
1133	1142	1.0
1053	1143	1.0
1053	1144	1.0
1053	1145	1.0
1053	1146	1.0
1053	1147	1.0
1053	1148	1.0
1053	1149	1.0
1053	1150	1.0
1053	1151	1.0
1053	1152	1.0
1053	1153	1.0
1053	1154	1.0
1154	1155	1.0
1154	1156	1.0
1154	1157	1.0
1154	1158	1.0
1154	1159	1.0
1053	1160	1.0
1053	1161	1.0
1053	1162	1.0
1053	1163	1.0
1053	1164	1.0
1053	1165	1.0
1053	1166	1.0
1053	1167	1.0
1053	1168	1.0
1053	1169	1.0
1053	1170	1.0
1053	1171	1.0
1053	1172	1.0
1053	1173	1.0
1053	1174	1.0
1053	1175	1.0
1175	1176	1.0
1175	1177	1.0
1175	1178	1.0
1178	1179	1.0
1178	1180	1.0
1178	1181	1.0
1178	1182	1.0
1178	1183	1.0
1053	1184	1.0
1053	1185	1.0
1053	1186	1.0
1053	1187	1.0
1053	1188	1.0
1053	1189	1.0
1053	1190	1.0
1053	1191	1.0
1053	1192	1.0
1053	1193	1.0
1053	1194	1.0
1053	1195	1.0
1053	1196	1.0
1053	1197	1.0
1053	1198	1.0
1053	1199	1.0
1053	1200	1.0
1053	1201	1.0
1053	1202	1.0
1053	1203	1.0
1203	1204	1.0
1203	1205	1.0
1203	1206	1.0
1203	1207	1.0
1203	1208	1.0
1203	1209	1.0
1203	1210	1.0
1203	1211	1.0
1211	1212	1.0
1211	1213	1.0
1211	1214	1.0
1211	1215	1.0
1211	1216	1.0
1203	1217	1.0
1053	1218	1.0
1053	1219	1.0
1053	1220	1.0
1053	1221	1.0
1053	1222	1.0
1053	1223	1.0
1053	1224	1.0
1053	1225	1.0
1053	1226	1.0
1053	1227	1.0
1053	1228	1.0
1053	1229	1.0
1053	1230	1.0
1053	1231	1.0
1053	1232	1.0
1053	1233	1.0
1053	1234	1.0
1053	1235	1.0
1053	1236	1.0
1053	1237	1.0
1053	1238	1.0
1053	1239	1.0
1053	1240	1.0
1053	1241	1.0
1053	1242	1.0
1053	1243	1.0
1053	1244	1.0
1244	1245	1.0
1244	1246	1.0
1244	1247	1.0
1247	1248	1.0
1247	1249	1.0
1247	1250	1.0
1247	1251	1.0
1244	1252	1.0
1244	1253	1.0
1244	1254	1.0
1244	1255	1.0
1244	1256	1.0
1244	1257	1.0
1244	1258	1.0
1244	1259	1.0
1244	1260	1.0
1244	1261	1.0
1244	1262	1.0
1244	1263	1.0
1244	1264	1.0
1244	1265	1.0
1244	1266	1.0
1244	1267	1.0
1244	1268	1.0
1244	1269	1.0
1244	1270	1.0
1244	1271	1.0
1244	1272	1.0
1244	1273	1.0
1244	1274	1.0
1053	1275	1.0
1053	1276	1.0
1053	1277	1.0
1277	1278	1.0
1277	1279	1.0
1277	1280	1.0
1277	1281	1.0
1053	1282	1.0
1053	1283	1.0
1053	1284	1.0
1053	1285	1.0
1053	1286	1.0
1053	1287	1.0
1053	1288	1.0
1053	1289	1.0
1053	1290	1.0
1053	1291	1.0
1053	1292	1.0
1053	1293	1.0
1053	1294	1.0
1053	1295	1.0
1053	1296	1.0
1053	1297	1.0
1053	1298	1.0
1053	1299	1.0
1053	1300	1.0
1053	1301	1.0
1053	1302	1.0
1053	1303	1.0
1053	1304	1.0
1053	1305	1.0
1053	1306	1.0
1053	1307	1.0
1053	1308	1.0
1053	1309	1.0
1309	1310	1.0
1309	1311	1.0
1309	1312	1.0
1309	1313	1.0
1053	1314	1.0
1053	1315	1.0
1053	1316	1.0
1053	1317	1.0
1053	1318	1.0
1053	1319	1.0
1053	1320	1.0
1053	1321	1.0
1321	1322	1.0
1321	1323	1.0
1321	1324	1.0
1321	1325	1.0
1321	1326	1.0
1321	1327	1.0
1321	1328	1.0
1321	1329	1.0
1321	1330	1.0
1321	1331	1.0
1321	1332	1.0
1321	1333	1.0
1321	1334	1.0
1321	1335	1.0
1053	1336	1.0
1053	1337	1.0
1053	1338	1.0
764	1339	1.0
1339	1340	1.0
1339	1341	1.0
1339	1342	1.0
1339	1343	1.0
764	1344	1.0
764	1345	1.0
764	1346	1.0
764	1347	1.0
764	1348	1.0
764	1349	1.0
764	1350	1.0
764	1351	1.0
764	1352	1.0
764	1353	1.0
1353	1354	1.0
1353	1355	1.0
1353	1356	1.0
1353	1357	1.0
1353	1358	1.0
764	1359	1.0
764	1360	1.0
764	1361	1.0
764	1362	1.0
764	1363	1.0
764	1364	1.0
764	1365	1.0
764	1366	1.0
764	1367	1.0
764	1368	1.0
764	1369	1.0
764	1370	1.0
764	1371	1.0
764	1372	1.0
764	1373	1.0
764	1374	1.0
764	1375	1.0
764	1376	1.0
764	1377	1.0
764	1378	1.0
764	1379	1.0
764	1380	1.0
764	1381	1.0
764	1382	1.0
764	1383	1.0
764	1384	1.0
1384	1385	1.0
1384	1386	1.0
1384	1387	1.0
1384	1388	1.0
764	1389	1.0
764	1390	1.0
764	1391	1.0
764	1392	1.0
764	1393	1.0
764	1394	1.0
764	1395	1.0
764	1396	1.0
764	1397	1.0
764	1398	1.0
764	1399	1.0
1399	1400	1.0
1399	1401	1.0
1399	1402	1.0
1399	1403	1.0
764	1404	1.0
764	1405	1.0
764	1406	1.0
764	1407	1.0
764	1408	1.0
764	1409	1.0
764	1410	1.0
764	1411	1.0
764	1412	1.0
764	1413	1.0
764	1414	1.0
764	1415	1.0
764	1416	1.0
764	1417	1.0
764	1418	1.0
764	1419	1.0
764	1420	1.0
764	1421	1.0
764	1422	1.0
764	1423	1.0
764	1424	1.0
764	1425	1.0
764	1426	1.0
764	1427	1.0
764	1428	1.0
764	1429	1.0
764	1430	1.0
764	1431	1.0
764	1432	1.0
764	1433	1.0
764	1434	1.0
764	1435	1.0
764	1436	1.0
764	1437	1.0
764	1438	1.0
764	1439	1.0
764	1440	1.0
764	1441	1.0
1441	1442	1.0
1441	1443	1.0
1441	1444	1.0
1441	1445	1.0
1441	1446	1.0
1441	1447	1.0
1441	1448	1.0
1441	1449	1.0
1441	1450	1.0
1441	1451	1.0
1441	1452	1.0
1441	1453	1.0
1441	1454	1.0
1441	1455	1.0
1441	1456	1.0
1441	1457	1.0
1441	1458	1.0
1441	1459	1.0
1441	1460	1.0
1441	1461	1.0
1441	1462	1.0
1441	1463	1.0
1441	1464	1.0
1464	1465	1.0
1465	1466	1.0
1465	1467	1.0
1465	1468	1.0
1465	1469	1.0
1469	1470	1.0
1469	1471	1.0
1469	1472	1.0
1469	1473	1.0
1465	1474	1.0
1465	1475	1.0
1465	1476	1.0
1464	1477	1.0
1464	1478	1.0
1464	1479	1.0
1464	1480	1.0
1480	1481	1.0
1480	1482	1.0
1480	1483	1.0
1480	1484	1.0
1480	1485	1.0
1441	1486	1.0
1441	1487	1.0
1441	1488	1.0
1441	1489	1.0
1441	1490	1.0
1441	1491	1.0
1441	1492	1.0
1441	1493	1.0
1441	1494	1.0
1441	1495	1.0
1441	1496	1.0
1441	1497	1.0
1441	1498	1.0
1441	1499	1.0
1441	1500	1.0
1441	1501	1.0
1441	1502	1.0
1441	1503	1.0
1441	1504	1.0
1441	1505	1.0
1441	1506	1.0
1441	1507	1.0
1441	1508	1.0
1441	1509	1.0
1441	1510	1.0
1510	1511	1.0
1510	1512	1.0
1510	1513	1.0
1510	1514	1.0
1510	1515	1.0
1441	1516	1.0
1441	1517	1.0
1441	1518	1.0
1518	1519	1.0
1518	1520	1.0
1518	1521	1.0
1518	1522	1.0
1518	1523	1.0
1441	1524	1.0
1441	1525	1.0
1441	1526	1.0
1441	1527	1.0
1441	1528	1.0
1441	1529	1.0
1441	1530	1.0
1441	1531	1.0
1441	1532	1.0
1441	1533	1.0
1441	1534	1.0
1441	1535	1.0
1441	1536	1.0
764	1537	1.0
764	1538	1.0
764	1539	1.0
764	1540	1.0
764	1541	1.0
764	1542	1.0
764	1543	1.0
764	1544	1.0
764	1545	1.0
764	1546	1.0
764	1547	1.0
764	1548	1.0
764	1549	1.0
764	1550	1.0
764	1551	1.0
764	1552	1.0
764	1553	1.0
764	1554	1.0
764	1555	1.0
764	1556	1.0
764	1557	1.0
764	1558	1.0
764	1559	1.0
764	1560	1.0
764	1561	1.0
764	1562	1.0
764	1563	1.0
764	1564	1.0
764	1565	1.0
764	1566	1.0
764	1567	1.0
764	1568	1.0
764	1569	1.0
764	1570	1.0
764	1571	1.0
764	1572	1.0
764	1573	1.0
764	1574	1.0
764	1575	1.0
764	1576	1.0
764	1577	1.0
764	1578	1.0
764	1579	1.0
764	1580	1.0
764	1581	1.0
764	1582	1.0
764	1583	1.0
764	1584	1.0
764	1585	1.0
764	1586	1.0
764	1587	1.0
764	1588	1.0
764	1589	1.0
764	1590	1.0
764	1591	1.0
764	1592	1.0
764	1593	1.0
764	1594	1.0
764	1595	1.0
764	1596	1.0
764	1597	1.0
764	1598	1.0
764	1599	1.0
764	1600	1.0
1600	1601	1.0
1600	1602	1.0
1600	1603	1.0
1600	1604	1.0
1600	1605	1.0
1600	1606	1.0
1600	1607	1.0
1600	1608	1.0
1600	1609	1.0
764	1610	1.0
764	1611	1.0
764	1612	1.0
764	1613	1.0
764	1614	1.0
764	1615	1.0
764	1616	1.0
764	1617	1.0
764	1618	1.0
764	1619	1.0
764	1620	1.0
764	1621	1.0
764	1622	1.0
764	1623	1.0
764	1624	1.0
764	1625	1.0
764	1626	1.0
764	1627	1.0
764	1628	1.0
764	1629	1.0
764	1630	1.0
764	1631	1.0
764	1632	1.0
1632	1633	1.0
1632	1634	1.0
1632	1635	1.0
1632	1636	1.0
1632	1637	1.0
1632	1638	1.0
1632	1639	1.0
1632	1640	1.0
1632	1641	1.0
1632	1642	1.0
1632	1643	1.0
1632	1644	1.0
1632	1645	1.0
1632	1646	1.0
1632	1647	1.0
1632	1648	1.0
1632	1649	1.0
1632	1650	1.0
1632	1651	1.0
1632	1652	1.0
1652	1653	1.0
1652	1654	1.0
1652	1655	1.0
1652	1656	1.0
1652	1657	1.0
1632	1658	1.0
1632	1659	1.0
1632	1660	1.0
1632	1661	1.0
1632	1662	1.0
1632	1663	1.0
1632	1664	1.0
1632	1665	1.0
1632	1666	1.0
1632	1667	1.0
1632	1668	1.0
1632	1669	1.0
1632	1670	1.0
1670	1671	1.0
1670	1672	1.0
1670	1673	1.0
1670	1674	1.0
1670	1675	1.0
1632	1676	1.0
1632	1677	1.0
1632	1678	1.0
1632	1679	1.0
1632	1680	1.0
1632	1681	1.0
1632	1682	1.0
1632	1683	1.0
1632	1684	1.0
1632	1685	1.0
1632	1686	1.0
1632	1687	1.0
1632	1688	1.0
1632	1689	1.0
1632	1690	1.0
1632	1691	1.0
1632	1692	1.0
1692	1693	1.0
1692	1694	1.0
1692	1695	1.0
1692	1696	1.0
1692	1697	1.0
764	1698	1.0
764	1699	1.0
764	1700	1.0
1700	1701	1.0
1700	1702	1.0
1700	1703	1.0
1700	1704	1.0
764	1705	1.0
764	1706	1.0
764	1707	1.0
764	1708	1.0
764	1709	1.0
764	1710	1.0
764	1711	1.0
764	1712	1.0
764	1713	1.0
764	1714	1.0
764	1715	1.0
764	1716	1.0
1716	1717	1.0
1716	1718	1.0
1716	1719	1.0
1716	1720	1.0
764	1721	1.0
764	1722	1.0
764	1723	1.0
764	1724	1.0
1724	1725	1.0
1724	1726	1.0
1724	1727	1.0
1727	1728	1.0
1727	1729	1.0
1727	1730	1.0
1727	1731	1.0
1727	1732	1.0
1727	1733	1.0
1727	1734	1.0
1727	1735	1.0
1727	1736	1.0
1727	1737	1.0
1727	1738	1.0
1727	1739	1.0
1727	1740	1.0
1727	1741	1.0
1727	1742	1.0
1727	1743	1.0
764	1744	1.0
764	1745	1.0
764	1746	1.0
764	1747	1.0
764	1748	1.0
764	1749	1.0
764	1750	1.0
764	1751	1.0
764	1752	1.0
764	1753	1.0
764	1754	1.0
764	1755	1.0
764	1756	1.0
764	1757	1.0
1757	1758	1.0
1757	1759	1.0
1757	1760	1.0
1757	1761	1.0
1757	1762	1.0
764	1763	1.0
764	1764	1.0
1764	1765	1.0
1764	1766	1.0
1764	1767	1.0
1764	1768	1.0
1764	1769	1.0
1764	1770	1.0
1764	1771	1.0
1764	1772	1.0
1764	1773	1.0
1764	1774	1.0
1764	1775	1.0
1764	1776	1.0
1764	1777	1.0
1764	1778	1.0
1764	1779	1.0
1764	1780	1.0
1764	1781	1.0
1764	1782	1.0
1764	1783	1.0
1764	1784	1.0
1764	1785	1.0
1764	1786	1.0
1764	1787	1.0
1764	1788	1.0
1788	1789	1.0
1788	1790	1.0
1788	1791	1.0
1788	1792	1.0
1764	1793	1.0
1764	1794	1.0
1794	1795	1.0
1794	1796	1.0
1794	1797	1.0
1794	1798	1.0
1794	1799	1.0
1794	1800	1.0
1794	1801	1.0
1764	1802	1.0
1764	1803	1.0
1764	1804	1.0
1764	1805	1.0
1764	1806	1.0
1764	1807	1.0
1764	1808	1.0
1764	1809	1.0
764	1810	1.0
764	1811	1.0
764	1812	1.0
1812	1813	1.0
1812	1814	1.0
1812	1815	1.0
1812	1816	1.0
1812	1817	1.0
1812	1818	1.0
1812	1819	1.0
1812	1820	1.0
1812	1821	1.0
1812	1822	1.0
1812	1823	1.0
764	1824	1.0
764	1825	1.0
764	1826	1.0
764	1827	1.0
764	1828	1.0
764	1829	1.0
764	1830	1.0
764	1831	1.0
764	1832	1.0
1832	1833	1.0
1832	1834	1.0
1832	1835	1.0
1835	1836	1.0
1835	1837	1.0
1835	1838	1.0
1835	1839	1.0
1835	1840	1.0
1835	1841	1.0
764	1842	1.0
764	1843	1.0
764	1844	1.0
764	1845	1.0
764	1846	1.0
764	1847	1.0
764	1848	1.0
764	1849	1.0
764	1850	1.0
764	1851	1.0
764	1852	1.0
764	1853	1.0
764	1854	1.0
764	1855	1.0
764	1856	1.0
764	1857	1.0
764	1858	1.0
764	1859	1.0
764	1860	1.0
764	1861	1.0
764	1862	1.0
764	1863	1.0
764	1864	1.0
764	1865	1.0
764	1866	1.0
764	1867	1.0
764	1868	1.0
764	1869	1.0
764	1870	1.0
764	1871	1.0
764	1872	1.0
764	1873	1.0
764	1874	1.0
764	1875	1.0
764	1876	1.0
764	1877	1.0
764	1878	1.0
764	1879	1.0
764	1880	1.0
764	1881	1.0
764	1882	1.0
764	1883	1.0
764	1884	1.0
764	1885	1.0
764	1886	1.0
764	1887	1.0
764	1888	1.0
764	1889	1.0
764	1890	1.0
764	1891	1.0
764	1892	1.0
764	1893	1.0
764	1894	1.0
764	1895	1.0
764	1896	1.0
764	1897	1.0
764	1898	1.0
764	1899	1.0
764	1900	1.0
764	1901	1.0
764	1902	1.0
764	1903	1.0
1903	1904	1.0
1903	1905	1.0
1903	1906	1.0
1903	1907	1.0
1903	1908	1.0
1903	1909	1.0
764	1910	1.0
764	1911	1.0
764	1912	1.0
764	1913	1.0
764	1914	1.0
764	1915	1.0
764	1916	1.0
764	1917	1.0
764	1918	1.0
764	1919	1.0
764	1920	1.0
764	1921	1.0
764	1922	1.0
764	1923	1.0
764	1924	1.0
764	1925	1.0
764	1926	1.0
764	1927	1.0
764	1928	1.0
422	1929	1.0
422	1930	1.0
422	1931	1.0
422	1932	1.0
422	1933	1.0
422	1934	1.0
422	1935	1.0
422	1936	1.0
422	1937	1.0
422	1938	1.0
422	1939	1.0
422	1940	1.0
422	1941	1.0
422	1942	1.0
422	1943	1.0
422	1944	1.0
422	1945	1.0
422	1946	1.0
422	1947	1.0
422	1948	1.0
422	1949	1.0
422	1950	1.0
422	1951	1.0
1951	1952	1.0
1951	1953	1.0
1951	1954	1.0
1951	1955	1.0
1951	1956	1.0
1951	1957	1.0
422	1958	1.0
422	1959	1.0
422	1960	1.0
422	1961	1.0
422	1962	1.0
422	1963	1.0
418	1964	1.0
418	1965	1.0
418	1966	1.0
418	1967	1.0
418	1968	1.0
418	1969	1.0
418	1970	1.0
418	1971	1.0
418	1972	1.0
1972	1973	1.0
1972	1974	1.0
1972	1975	1.0
1972	1976	1.0
1972	1977	1.0
1972	1978	1.0
1972	1979	1.0
1972	1980	1.0
1972	1981	1.0
1972	1982	1.0
1972	1983	1.0
1972	1984	1.0
1972	1985	1.0
1972	1986	1.0
1972	1987	1.0
1972	1988	1.0
418	1989	1.0
418	1990	1.0
418	1991	1.0
418	1992	1.0
418	1993	1.0
418	1994	1.0
1994	1995	1.0
1994	1996	1.0
1994	1997	1.0
1994	1998	1.0
1994	1999	1.0
1994	2000	1.0
1994	2001	1.0
1994	2002	1.0
418	2003	1.0
418	2004	1.0
418	2005	1.0
418	2006	1.0
418	2007	1.0
418	2008	1.0
418	2009	1.0
2009	2010	1.0
2009	2011	1.0
2009	2012	1.0
2009	2013	1.0
2009	2014	1.0
2009	2015	1.0
364	2016	1.0
364	2017	1.0
364	2018	1.0
364	2019	1.0
364	2020	1.0
364	2021	1.0
364	2022	1.0
64	2023	1.0
64	2024	1.0
64	2025	1.0
64	2026	1.0
64	2027	1.0
2027	2028	1.0
2027	2029	1.0
2027	2030	1.0
2027	2031	1.0
2027	2032	1.0
2032	2033	1.0
2032	2034	1.0
2032	2035	1.0
2032	2036	1.0
2032	2037	1.0
2032	2038	1.0
2032	2039	1.0
2032	2040	1.0
2032	2041	1.0
2032	2042	1.0
2032	2043	1.0
2032	2044	1.0
2032	2045	1.0
2027	2046	1.0
2027	2047	1.0
2027	2048	1.0
2027	2049	1.0
2027	2050	1.0
2027	2051	1.0
2027	2052	1.0
2027	2053	1.0
2027	2054	1.0
2027	2055	1.0
2027	2056	1.0
2027	2057	1.0
2027	2058	1.0
2027	2059	1.0
2027	2060	1.0
2027	2061	1.0
2027	2062	1.0
2027	2063	1.0
2027	2064	1.0
2027	2065	1.0
2027	2066	1.0
2027	2067	1.0
2027	2068	1.0
64	2069	1.0
64	2070	1.0
64	2071	1.0
64	2072	1.0
64	2073	1.0
64	2074	1.0
64	2075	1.0
64	2076	1.0
31	2077	1.0
31	2078	1.0
31	2079	1.0
31	2080	1.0
31	2081	1.0
31	2082	1.0
31	2083	1.0
31	2084	1.0
31	2085	1.0
31	2086	1.0
31	2087	1.0
31	2088	1.0
31	2089	1.0
31	2090	1.0
31	2091	1.0
31	2092	1.0
31	2093	1.0
31	2094	1.0
20	2095	1.0
20	2096	1.0
10	2097	1.0
10	2098	1.0
10	2099	1.0
10	2100	1.0
10	2101	1.0
7	2102	1.0
5	2103	1.0
5	2104	1.0
