0	1	1.0
0	2	1.0
0	3	1.0
0	4	1.0
0	5	1.0
5	6	1.0
5	7	1.0
7	8	1.0
7	9	1.0
9	10	1.0
10	11	1.0
10	12	1.0
10	13	1.0
13	14	1.0
13	15	1.0
13	16	1.0
13	17	1.0
17	18	1.0
17	19	1.0
17	20	1.0
17	21	1.0
13	22	1.0
13	23	1.0
13	24	1.0
13	25	1.0
13	26	1.0
13	27	1.0
13	28	1.0
28	29	1.0
28	30	1.0
28	31	1.0
28	32	1.0
28	33	1.0
28	34	1.0
28	35	1.0
28	36	1.0
28	37	1.0
28	38	1.0
28	39	1.0
28	40	1.0
28	41	1.0
28	42	1.0
28	43	1.0
28	44	1.0
28	45	1.0
28	46	1.0
28	47	1.0
47	48	1.0
47	49	1.0
47	50	1.0
47	51	1.0
47	52	1.0
47	53	1.0
47	54	1.0
47	55	1.0
47	56	1.0
47	57	1.0
47	58	1.0
47	59	1.0
47	60	1.0
47	61	1.0
47	62	1.0
47	63	1.0
47	64	1.0
47	65	1.0
47	66	1.0
47	67	1.0
47	68	1.0
47	69	1.0
47	70	1.0
47	71	1.0
47	72	1.0
47	73	1.0
47	74	1.0
47	75	1.0
47	76	1.0
47	77	1.0
47	78	1.0
47	79	1.0
47	80	1.0
28	81	1.0
28	82	1.0
28	83	1.0
28	84	1.0
28	85	1.0
28	86	1.0
86	87	1.0
86	88	1.0
86	89	1.0
86	90	1.0
86	91	1.0
86	92	1.0
86	93	1.0
86	94	1.0
86	95	1.0
86	96	1.0
86	97	1.0
86	98	1.0
86	99	1.0
86	100	1.0
86	101	1.0
86	102	1.0
86	103	1.0
103	104	1.0
103	105	1.0
103	106	1.0
103	107	1.0
103	108	1.0
103	109	1.0
109	110	1.0
109	111	1.0
109	112	1.0
109	113	1.0
109	114	1.0
109	115	1.0
109	116	1.0
109	117	1.0
109	118	1.0
109	119	1.0
103	120	1.0
103	121	1.0
103	122	1.0
103	123	1.0
103	124	1.0
103	125	1.0
103	126	1.0
103	127	1.0
103	128	1.0
103	129	1.0
103	130	1.0
103	131	1.0
103	132	1.0
103	133	1.0
103	134	1.0
103	135	1.0
103	136	1.0
103	137	1.0
103	138	1.0
103	139	1.0
103	140	1.0
103	141	1.0
103	142	1.0
103	143	1.0
103	144	1.0
103	145	1.0
103	146	1.0
103	147	1.0
103	148	1.0
103	149	1.0
103	150	1.0
103	151	1.0
103	152	1.0
103	153	1.0
153	154	1.0
153	155	1.0
153	156	1.0
153	157	1.0
153	158	1.0
153	159	1.0
103	160	1.0
103	161	1.0
103	162	1.0
162	163	1.0
162	164	1.0
162	165	1.0
162	166	1.0
162	167	1.0
162	168	1.0
103	169	1.0
103	170	1.0
86	171	1.0
86	172	1.0
86	173	1.0
86	174	1.0
86	175	1.0
86	176	1.0
28	177	1.0
177	178	1.0
177	179	1.0
179	180	1.0
179	181	1.0
179	182	1.0
179	183	1.0
179	184	1.0
179	185	1.0
179	186	1.0
179	187	1.0
179	188	1.0
179	189	1.0
179	190	1.0
179	191	1.0
179	192	1.0
179	193	1.0
179	194	1.0
179	195	1.0
179	196	1.0
179	197	1.0
197	198	1.0
197	199	1.0
197	200	1.0
197	201	1.0
197	202	1.0
179	203	1.0
179	204	1.0
179	205	1.0
179	206	1.0
206	207	1.0
206	208	1.0
206	209	1.0
206	210	1.0
210	211	1.0
211	212	1.0
211	213	1.0
211	214	1.0
211	215	1.0
211	216	1.0
211	217	1.0
211	218	1.0
211	219	1.0
211	220	1.0
211	221	1.0
211	222	1.0
222	223	1.0
222	224	1.0
222	225	1.0
222	226	1.0
211	227	1.0
211	228	1.0
211	229	1.0
211	230	1.0
211	231	1.0
211	232	1.0
211	233	1.0
211	234	1.0
211	235	1.0
211	236	1.0
211	237	1.0
211	238	1.0
211	239	1.0
239	240	1.0
239	241	1.0
239	242	1.0
239	243	1.0
239	244	1.0
239	245	1.0
239	246	1.0
239	247	1.0
211	248	1.0
211	249	1.0
211	250	1.0
211	251	1.0
211	252	1.0
211	253	1.0
211	254	1.0
211	255	1.0
211	256	1.0
211	257	1.0
211	258	1.0
211	259	1.0
211	260	1.0
211	261	1.0
211	262	1.0
211	263	1.0
211	264	1.0
211	265	1.0
211	266	1.0
211	267	1.0
211	268	1.0
211	269	1.0
211	270	1.0
211	271	1.0
211	272	1.0
211	273	1.0
211	274	1.0
274	275	1.0
274	276	1.0
274	277	1.0
274	278	1.0
274	279	1.0
274	280	1.0
274	281	1.0
274	282	1.0
274	283	1.0
274	284	1.0
274	285	1.0
274	286	1.0
274	287	1.0
274	288	1.0
274	289	1.0
274	290	1.0
274	291	1.0
274	292	1.0
274	293	1.0
274	294	1.0
211	295	1.0
211	296	1.0
211	297	1.0
211	298	1.0
211	299	1.0
211	300	1.0
211	301	1.0
211	302	1.0
211	303	1.0
211	304	1.0
211	305	1.0
211	306	1.0
211	307	1.0
211	308	1.0
211	309	1.0
211	310	1.0
211	311	1.0
211	312	1.0
211	313	1.0
211	314	1.0
314	315	1.0
314	316	1.0
314	317	1.0
314	318	1.0
314	319	1.0
314	320	1.0
314	321	1.0
314	322	1.0
314	323	1.0
314	324	1.0
314	325	1.0
314	326	1.0
314	327	1.0
211	328	1.0
211	329	1.0
211	330	1.0
211	331	1.0
211	332	1.0
211	333	1.0
211	334	1.0
211	335	1.0
211	336	1.0
211	337	1.0
211	338	1.0
211	339	1.0
211	340	1.0
211	341	1.0
211	342	1.0
211	343	1.0
211	344	1.0
211	345	1.0
211	346	1.0
211	347	1.0
211	348	1.0
211	349	1.0
211	350	1.0
211	351	1.0
211	352	1.0
352	353	1.0
352	354	1.0
352	355	1.0
352	356	1.0
352	357	1.0
352	358	1.0
352	359	1.0
352	360	1.0
352	361	1.0
352	362	1.0
352	363	1.0
352	364	1.0
352	365	1.0
352	366	1.0
352	367	1.0
352	368	1.0
352	369	1.0
352	370	1.0
352	371	1.0
352	372	1.0
352	373	1.0
352	374	1.0
352	375	1.0
352	376	1.0
352	377	1.0
352	378	1.0
352	379	1.0
352	380	1.0
352	381	1.0
352	382	1.0
352	383	1.0
352	384	1.0
352	385	1.0
352	386	1.0
352	387	1.0
352	388	1.0
352	389	1.0
352	390	1.0
352	391	1.0
352	392	1.0
352	393	1.0
352	394	1.0
352	395	1.0
352	396	1.0
352	397	1.0
352	398	1.0
352	399	1.0
399	400	1.0
399	401	1.0
399	402	1.0
399	403	1.0
399	404	1.0
399	405	1.0
399	406	1.0
406	407	1.0
406	408	1.0
406	409	1.0
406	410	1.0
406	411	1.0
406	412	1.0
406	413	1.0
399	414	1.0
399	415	1.0
399	416	1.0
399	417	1.0
352	418	1.0
352	419	1.0
352	420	1.0
352	421	1.0
352	422	1.0
352	423	1.0
352	424	1.0
352	425	1.0
352	426	1.0
352	427	1.0
352	428	1.0
352	429	1.0
352	430	1.0
352	431	1.0
352	432	1.0
352	433	1.0
352	434	1.0
352	435	1.0
352	436	1.0
352	437	1.0
352	438	1.0
352	439	1.0
352	440	1.0
352	441	1.0
352	442	1.0
352	443	1.0
352	444	1.0
352	445	1.0
352	446	1.0
446	447	1.0
446	448	1.0
446	449	1.0
446	450	1.0
446	451	1.0
446	452	1.0
446	453	1.0
446	454	1.0
446	455	1.0
446	456	1.0
446	457	1.0
446	458	1.0
446	459	1.0
446	460	1.0
446	461	1.0
446	462	1.0
446	463	1.0
446	464	1.0
446	465	1.0
446	466	1.0
446	467	1.0
446	468	1.0
446	469	1.0
446	470	1.0
446	471	1.0
446	472	1.0
446	473	1.0
446	474	1.0
446	475	1.0
446	476	1.0
446	477	1.0
446	478	1.0
446	479	1.0
446	480	1.0
446	481	1.0
446	482	1.0
446	483	1.0
352	484	1.0
352	485	1.0
352	486	1.0
352	487	1.0
352	488	1.0
352	489	1.0
352	490	1.0
352	491	1.0
352	492	1.0
352	493	1.0
352	494	1.0
352	495	1.0
352	496	1.0
352	497	1.0
352	498	1.0
352	499	1.0
352	500	1.0
352	501	1.0
352	502	1.0
352	503	1.0
352	504	1.0
352	505	1.0
352	506	1.0
352	507	1.0
352	508	1.0
352	509	1.0
352	510	1.0
352	511	1.0
352	512	1.0
352	513	1.0
352	514	1.0
352	515	1.0
352	516	1.0
352	517	1.0
352	518	1.0
352	519	1.0
352	520	1.0
352	521	1.0
352	522	1.0
352	523	1.0
523	524	1.0
523	525	1.0
523	526	1.0
526	527	1.0
526	528	1.0
526	529	1.0
526	530	1.0
526	531	1.0
523	532	1.0
523	533	1.0
523	534	1.0
352	535	1.0
352	536	1.0
352	537	1.0
352	538	1.0
352	539	1.0
352	540	1.0
352	541	1.0
352	542	1.0
352	543	1.0
352	544	1.0
352	545	1.0
352	546	1.0
352	547	1.0
352	548	1.0
352	549	1.0
352	550	1.0
352	551	1.0
352	552	1.0
552	553	1.0
552	554	1.0
552	555	1.0
552	556	1.0
352	557	1.0
352	558	1.0
352	559	1.0
352	560	1.0
352	561	1.0
352	562	1.0
562	563	1.0
562	564	1.0
562	565	1.0
562	566	1.0
352	567	1.0
352	568	1.0
352	569	1.0
352	570	1.0
352	571	1.0
352	572	1.0
352	573	1.0
352	574	1.0
352	575	1.0
352	576	1.0
352	577	1.0
352	578	1.0
352	579	1.0
352	580	1.0
352	581	1.0
352	582	1.0
352	583	1.0
352	584	1.0
352	585	1.0
352	586	1.0
352	587	1.0
352	588	1.0
352	589	1.0
352	590	1.0
352	591	1.0
352	592	1.0
352	593	1.0
352	594	1.0
352	595	1.0
352	596	1.0
352	597	1.0
352	598	1.0
352	599	1.0
352	600	1.0
352	601	1.0
352	602	1.0
352	603	1.0
352	604	1.0
352	605	1.0
352	606	1.0
352	607	1.0
352	608	1.0
352	609	1.0
352	610	1.0
352	611	1.0
352	612	1.0
352	613	1.0
352	614	1.0
352	615	1.0
352	616	1.0
352	617	1.0
352	618	1.0
352	619	1.0
352	620	1.0
352	621	1.0
352	622	1.0
352	623	1.0
352	624	1.0
352	625	1.0
352	626	1.0
352	627	1.0
352	628	1.0
352	629	1.0
352	630	1.0
352	631	1.0
352	632	1.0
352	633	1.0
352	634	1.0
352	635	1.0
352	636	1.0
352	637	1.0
352	638	1.0
352	639	1.0
352	640	1.0
352	641	1.0
352	642	1.0
352	643	1.0
352	644	1.0
352	645	1.0
352	646	1.0
352	647	1.0
352	648	1.0
352	649	1.0
352	650	1.0
352	651	1.0
352	652	1.0
352	653	1.0
352	654	1.0
352	655	1.0
352	656	1.0
352	657	1.0
352	658	1.0
352	659	1.0
352	660	1.0
352	661	1.0
352	662	1.0
352	663	1.0
352	664	1.0
352	665	1.0
352	666	1.0
352	667	1.0
352	668	1.0
352	669	1.0
352	670	1.0
352	671	1.0
352	672	1.0
352	673	1.0
352	674	1.0
352	675	1.0
352	676	1.0
352	677	1.0
352	678	1.0
352	679	1.0
352	680	1.0
352	681	1.0
352	682	1.0
352	683	1.0
352	684	1.0
352	685	1.0
352	686	1.0
352	687	1.0
352	688	1.0
352	689	1.0
352	690	1.0
352	691	1.0
352	692	1.0
352	693	1.0
352	694	1.0
352	695	1.0
352	696	1.0
352	697	1.0
352	698	1.0
352	699	1.0
352	700	1.0
352	701	1.0
352	702	1.0
352	703	1.0
352	704	1.0
352	705	1.0
352	706	1.0
352	707	1.0
352	708	1.0
352	709	1.0
352	710	1.0
710	711	1.0
710	712	1.0
710	713	1.0
710	714	1.0
352	715	1.0
352	716	1.0
352	717	1.0
352	718	1.0
352	719	1.0
352	720	1.0
352	721	1.0
352	722	1.0
352	723	1.0
352	724	1.0
352	725	1.0
352	726	1.0
352	727	1.0
352	728	1.0
352	729	1.0
352	730	1.0
352	731	1.0
352	732	1.0
352	733	1.0
352	734	1.0
352	735	1.0
352	736	1.0
352	737	1.0
352	738	1.0
352	739	1.0
352	740	1.0
352	741	1.0
352	742	1.0
352	743	1.0
352	744	1.0
352	745	1.0
352	746	1.0
746	747	1.0
746	748	1.0
746	749	1.0
746	750	1.0
352	751	1.0
352	752	1.0
352	753	1.0
352	754	1.0
352	755	1.0
352	756	1.0
352	757	1.0
352	758	1.0
352	759	1.0
352	760	1.0
352	761	1.0
352	762	1.0
352	763	1.0
352	764	1.0
352	765	1.0
352	766	1.0
352	767	1.0
352	768	1.0
352	769	1.0
352	770	1.0
352	771	1.0
771	772	1.0
771	773	1.0
771	774	1.0
771	775	1.0
771	776	1.0
352	777	1.0
777	778	1.0
777	779	1.0
777	780	1.0
777	781	1.0
352	782	1.0
352	783	1.0
352	784	1.0
352	785	1.0
352	786	1.0
352	787	1.0
352	788	1.0
352	789	1.0
352	790	1.0
352	791	1.0
352	792	1.0
352	793	1.0
352	794	1.0
352	795	1.0
352	796	1.0
352	797	1.0
352	798	1.0
352	799	1.0
352	800	1.0
352	801	1.0
352	802	1.0
352	803	1.0
352	804	1.0
352	805	1.0
352	806	1.0
352	807	1.0
352	808	1.0
352	809	1.0
352	810	1.0
352	811	1.0
352	812	1.0
352	813	1.0
352	814	1.0
352	815	1.0
352	816	1.0
352	817	1.0
352	818	1.0
352	819	1.0
352	820	1.0
352	821	1.0
352	822	1.0
822	823	1.0
822	824	1.0
822	825	1.0
825	826	1.0
825	827	1.0
825	828	1.0
825	829	1.0
825	830	1.0
825	831	1.0
825	832	1.0
825	833	1.0
352	834	1.0
352	835	1.0
352	836	1.0
352	837	1.0
352	838	1.0
352	839	1.0
352	840	1.0
352	841	1.0
352	842	1.0
352	843	1.0
352	844	1.0
352	845	1.0
352	846	1.0
352	847	1.0
352	848	1.0
352	849	1.0
352	850	1.0
352	851	1.0
352	852	1.0
352	853	1.0
352	854	1.0
352	855	1.0
352	856	1.0
856	857	1.0
856	858	1.0
856	859	1.0
856	860	1.0
856	861	1.0
856	862	1.0
352	863	1.0
352	864	1.0
352	865	1.0
352	866	1.0
352	867	1.0
352	868	1.0
352	869	1.0
352	870	1.0
352	871	1.0
352	872	1.0
352	873	1.0
352	874	1.0
352	875	1.0
352	876	1.0
352	877	1.0
352	878	1.0
352	879	1.0
352	880	1.0
352	881	1.0
352	882	1.0
352	883	1.0
352	884	1.0
352	885	1.0
352	886	1.0
352	887	1.0
352	888	1.0
352	889	1.0
352	890	1.0
352	891	1.0
352	892	1.0
352	893	1.0
352	894	1.0
352	895	1.0
352	896	1.0
352	897	1.0
352	898	1.0
352	899	1.0
352	900	1.0
352	901	1.0
352	902	1.0
352	903	1.0
352	904	1.0
352	905	1.0
352	906	1.0
352	907	1.0
352	908	1.0
352	909	1.0
352	910	1.0
352	911	1.0
352	912	1.0
912	913	1.0
912	914	1.0
912	915	1.0
912	916	1.0
912	917	1.0
352	918	1.0
352	919	1.0
352	920	1.0
352	921	1.0
352	922	1.0
352	923	1.0
352	924	1.0
352	925	1.0
352	926	1.0
352	927	1.0
352	928	1.0
352	929	1.0
352	930	1.0
352	931	1.0
352	932	1.0
352	933	1.0
352	934	1.0
352	935	1.0
352	936	1.0
352	937	1.0
352	938	1.0
352	939	1.0
352	940	1.0
352	941	1.0
352	942	1.0
352	943	1.0
352	944	1.0
352	945	1.0
352	946	1.0
352	947	1.0
352	948	1.0
352	949	1.0
352	950	1.0
352	951	1.0
352	952	1.0
352	953	1.0
352	954	1.0
352	955	1.0
352	956	1.0
352	957	1.0
352	958	1.0
352	959	1.0
352	960	1.0
352	961	1.0
352	962	1.0
352	963	1.0
352	964	1.0
352	965	1.0
352	966	1.0
966	967	1.0
966	968	1.0
966	969	1.0
966	970	1.0
966	971	1.0
352	972	1.0
352	973	1.0
352	974	1.0
352	975	1.0
352	976	1.0
352	977	1.0
352	978	1.0
352	979	1.0
352	980	1.0
352	981	1.0
352	982	1.0
982	983	1.0
982	984	1.0
982	985	1.0
982	986	1.0
982	987	1.0
982	988	1.0
982	989	1.0
982	990	1.0
982	991	1.0
982	992	1.0
982	993	1.0
982	994	1.0
982	995	1.0
982	996	1.0
982	997	1.0
982	998	1.0
982	999	1.0
982	1000	1.0
1000	1001	1.0
1000	1002	1.0
1002	1003	1.0
1002	1004	1.0
1002	1005	1.0
1002	1006	1.0
982	1007	1.0
982	1008	1.0
982	1009	1.0
1009	1010	1.0
1009	1011	1.0
1009	1012	1.0
1009	1013	1.0
1009	1014	1.0
1009	1015	1.0
1009	1016	1.0
1009	1017	1.0
1009	1018	1.0
1009	1019	1.0
982	1020	1.0
982	1021	1.0
982	1022	1.0
982	1023	1.0
982	1024	1.0
982	1025	1.0
982	1026	1.0
982	1027	1.0
982	1028	1.0
982	1029	1.0
982	1030	1.0
982	1031	1.0
982	1032	1.0
982	1033	1.0
982	1034	1.0
982	1035	1.0
982	1036	1.0
982	1037	1.0
982	1038	1.0
982	1039	1.0
982	1040	1.0
982	1041	1.0
982	1042	1.0
982	1043	1.0
982	1044	1.0
982	1045	1.0
982	1046	1.0
982	1047	1.0
982	1048	1.0
982	1049	1.0
982	1050	1.0
982	1051	1.0
982	1052	1.0
982	1053	1.0
982	1054	1.0
982	1055	1.0
982	1056	1.0
982	1057	1.0
982	1058	1.0
982	1059	1.0
982	1060	1.0
982	1061	1.0
982	1062	1.0
982	1063	1.0
982	1064	1.0
982	1065	1.0
982	1066	1.0
982	1067	1.0
982	1068	1.0
982	1069	1.0
982	1070	1.0
982	1071	1.0
982	1072	1.0
1072	1073	1.0
1072	1074	1.0
1072	1075	1.0
1072	1076	1.0
1072	1077	1.0
982	1078	1.0
982	1079	1.0
982	1080	1.0
982	1081	1.0
982	1082	1.0
982	1083	1.0
982	1084	1.0
982	1085	1.0
982	1086	1.0
982	1087	1.0
982	1088	1.0
982	1089	1.0
982	1090	1.0
982	1091	1.0
982	1092	1.0
352	1093	1.0
352	1094	1.0
352	1095	1.0
352	1096	1.0
352	1097	1.0
352	1098	1.0
352	1099	1.0
352	1100	1.0
352	1101	1.0
352	1102	1.0
352	1103	1.0
352	1104	1.0
352	1105	1.0
1105	1106	1.0
1105	1107	1.0
1105	1108	1.0
1105	1109	1.0
1105	1110	1.0
1105	1111	1.0
1105	1112	1.0
352	1113	1.0
352	1114	1.0
352	1115	1.0
352	1116	1.0
352	1117	1.0
352	1118	1.0
352	1119	1.0
352	1120	1.0
352	1121	1.0
352	1122	1.0
352	1123	1.0
1123	1124	1.0
1123	1125	1.0
1123	1126	1.0
1123	1127	1.0
1123	1128	1.0
352	1129	1.0
352	1130	1.0
352	1131	1.0
352	1132	1.0
352	1133	1.0
352	1134	1.0
352	1135	1.0
352	1136	1.0
352	1137	1.0
352	1138	1.0
1138	1139	1.0
1138	1140	1.0
1138	1141	1.0
1138	1142	1.0
1138	1143	1.0
1138	1144	1.0
352	1145	1.0
352	1146	1.0
352	1147	1.0
352	1148	1.0
352	1149	1.0
352	1150	1.0
352	1151	1.0
352	1152	1.0
352	1153	1.0
352	1154	1.0
352	1155	1.0
352	1156	1.0
352	1157	1.0
352	1158	1.0
352	1159	1.0
352	1160	1.0
352	1161	1.0
352	1162	1.0
352	1163	1.0
352	1164	1.0
352	1165	1.0
352	1166	1.0
352	1167	1.0
352	1168	1.0
352	1169	1.0
352	1170	1.0
352	1171	1.0
352	1172	1.0
352	1173	1.0
352	1174	1.0
352	1175	1.0
352	1176	1.0
352	1177	1.0
352	1178	1.0
352	1179	1.0
352	1180	1.0
352	1181	1.0
352	1182	1.0
352	1183	1.0
352	1184	1.0
352	1185	1.0
352	1186	1.0
352	1187	1.0
352	1188	1.0
352	1189	1.0
352	1190	1.0
352	1191	1.0
352	1192	1.0
352	1193	1.0
352	1194	1.0
352	1195	1.0
352	1196	1.0
352	1197	1.0
352	1198	1.0
352	1199	1.0
352	1200	1.0
352	1201	1.0
352	1202	1.0
352	1203	1.0
352	1204	1.0
352	1205	1.0
352	1206	1.0
352	1207	1.0
352	1208	1.0
352	1209	1.0
352	1210	1.0
352	1211	1.0
1211	1212	1.0
1211	1213	1.0
1211	1214	1.0
1211	1215	1.0
352	1216	1.0
352	1217	1.0
352	1218	1.0
352	1219	1.0
352	1220	1.0
352	1221	1.0
352	1222	1.0
352	1223	1.0
352	1224	1.0
352	1225	1.0
352	1226	1.0
352	1227	1.0
352	1228	1.0
352	1229	1.0
352	1230	1.0
352	1231	1.0
352	1232	1.0
352	1233	1.0
352	1234	1.0
352	1235	1.0
352	1236	1.0
352	1237	1.0
352	1238	1.0
352	1239	1.0
352	1240	1.0
352	1241	1.0
352	1242	1.0
352	1243	1.0
352	1244	1.0
352	1245	1.0
352	1246	1.0
352	1247	1.0
352	1248	1.0
352	1249	1.0
352	1250	1.0
352	1251	1.0
352	1252	1.0
352	1253	1.0
352	1254	1.0
352	1255	1.0
352	1256	1.0
352	1257	1.0
352	1258	1.0
352	1259	1.0
352	1260	1.0
352	1261	1.0
352	1262	1.0
352	1263	1.0
352	1264	1.0
352	1265	1.0
352	1266	1.0
352	1267	1.0
352	1268	1.0
352	1269	1.0
352	1270	1.0
352	1271	1.0
352	1272	1.0
352	1273	1.0
352	1274	1.0
352	1275	1.0
352	1276	1.0
352	1277	1.0
352	1278	1.0
352	1279	1.0
352	1280	1.0
352	1281	1.0
352	1282	1.0
352	1283	1.0
352	1284	1.0
352	1285	1.0
352	1286	1.0
352	1287	1.0
352	1288	1.0
352	1289	1.0
352	1290	1.0
352	1291	1.0
352	1292	1.0
352	1293	1.0
352	1294	1.0
352	1295	1.0
352	1296	1.0
352	1297	1.0
352	1298	1.0
352	1299	1.0
352	1300	1.0
352	1301	1.0
352	1302	1.0
352	1303	1.0
352	1304	1.0
352	1305	1.0
352	1306	1.0
352	1307	1.0
352	1308	1.0
352	1309	1.0
1309	1310	1.0
1309	1311	1.0
1309	1312	1.0
1309	1313	1.0
1309	1314	1.0
352	1315	1.0
352	1316	1.0
352	1317	1.0
352	1318	1.0
352	1319	1.0
352	1320	1.0
352	1321	1.0
352	1322	1.0
352	1323	1.0
352	1324	1.0
1324	1325	1.0
1324	1326	1.0
1324	1327	1.0
1324	1328	1.0
1324	1329	1.0
352	1330	1.0
352	1331	1.0
352	1332	1.0
352	1333	1.0
352	1334	1.0
1334	1335	1.0
1334	1336	1.0
1334	1337	1.0
1334	1338	1.0
1334	1339	1.0
1339	1340	1.0
1339	1341	1.0
1339	1342	1.0
1339	1343	1.0
1334	1344	1.0
1334	1345	1.0
1334	1346	1.0
1334	1347	1.0
1334	1348	1.0
1334	1349	1.0
352	1350	1.0
352	1351	1.0
352	1352	1.0
352	1353	1.0
352	1354	1.0
352	1355	1.0
352	1356	1.0
352	1357	1.0
352	1358	1.0
352	1359	1.0
352	1360	1.0
352	1361	1.0
352	1362	1.0
352	1363	1.0
352	1364	1.0
352	1365	1.0
352	1366	1.0
352	1367	1.0
352	1368	1.0
352	1369	1.0
352	1370	1.0
352	1371	1.0
352	1372	1.0
352	1373	1.0
352	1374	1.0
352	1375	1.0
1375	1376	1.0
1375	1377	1.0
1375	1378	1.0
1375	1379	1.0
1375	1380	1.0
1375	1381	1.0
352	1382	1.0
352	1383	1.0
352	1384	1.0
352	1385	1.0
352	1386	1.0
352	1387	1.0
352	1388	1.0
352	1389	1.0
352	1390	1.0
352	1391	1.0
352	1392	1.0
352	1393	1.0
352	1394	1.0
352	1395	1.0
352	1396	1.0
352	1397	1.0
352	1398	1.0
352	1399	1.0
352	1400	1.0
352	1401	1.0
1401	1402	1.0
1401	1403	1.0
1401	1404	1.0
1401	1405	1.0
352	1406	1.0
352	1407	1.0
352	1408	1.0
352	1409	1.0
352	1410	1.0
352	1411	1.0
352	1412	1.0
352	1413	1.0
352	1414	1.0
352	1415	1.0
352	1416	1.0
352	1417	1.0
352	1418	1.0
352	1419	1.0
352	1420	1.0
352	1421	1.0
352	1422	1.0
352	1423	1.0
352	1424	1.0
352	1425	1.0
352	1426	1.0
352	1427	1.0
352	1428	1.0
211	1429	1.0
211	1430	1.0
211	1431	1.0
211	1432	1.0
211	1433	1.0
211	1434	1.0
211	1435	1.0
211	1436	1.0
211	1437	1.0
211	1438	1.0
211	1439	1.0
210	1440	1.0
210	1441	1.0
210	1442	1.0
210	1443	1.0
210	1444	1.0
210	1445	1.0
210	1446	1.0
210	1447	1.0
210	1448	1.0
210	1449	1.0
210	1450	1.0
210	1451	1.0
210	1452	1.0
1452	1453	1.0
1452	1454	1.0
1452	1455	1.0
1452	1456	1.0
210	1457	1.0
210	1458	1.0
210	1459	1.0
210	1460	1.0
210	1461	1.0
1461	1462	1.0
1461	1463	1.0
1461	1464	1.0
1461	1465	1.0
210	1466	1.0
210	1467	1.0
210	1468	1.0
210	1469	1.0
210	1470	1.0
210	1471	1.0
210	1472	1.0
210	1473	1.0
210	1474	1.0
210	1475	1.0
210	1476	1.0
210	1477	1.0
210	1478	1.0
210	1479	1.0
210	1480	1.0
210	1481	1.0
210	1482	1.0
210	1483	1.0
210	1484	1.0
210	1485	1.0
210	1486	1.0
210	1487	1.0
210	1488	1.0
210	1489	1.0
210	1490	1.0
210	1491	1.0
210	1492	1.0
210	1493	1.0
210	1494	1.0
210	1495	1.0
210	1496	1.0
210	1497	1.0
210	1498	1.0
210	1499	1.0
210	1500	1.0
210	1501	1.0
210	1502	1.0
210	1503	1.0
210	1504	1.0
210	1505	1.0
210	1506	1.0
210	1507	1.0
210	1508	1.0
210	1509	1.0
210	1510	1.0
210	1511	1.0
210	1512	1.0
210	1513	1.0
206	1514	1.0
206	1515	1.0
206	1516	1.0
206	1517	1.0
206	1518	1.0
206	1519	1.0
1519	1520	1.0
1519	1521	1.0
1519	1522	1.0
1519	1523	1.0
1519	1524	1.0
1519	1525	1.0
1519	1526	1.0
1519	1527	1.0
1519	1528	1.0
1519	1529	1.0
1519	1530	1.0
206	1531	1.0
206	1532	1.0
206	1533	1.0
206	1534	1.0
206	1535	1.0
206	1536	1.0
206	1537	1.0
206	1538	1.0
206	1539	1.0
206	1540	1.0
206	1541	1.0
206	1542	1.0
206	1543	1.0
206	1544	1.0
206	1545	1.0
206	1546	1.0
206	1547	1.0
206	1548	1.0
206	1549	1.0
206	1550	1.0
206	1551	1.0
206	1552	1.0
206	1553	1.0
206	1554	1.0
206	1555	1.0
1555	1556	1.0
1555	1557	1.0
1555	1558	1.0
1555	1559	1.0
1555	1560	1.0
206	1561	1.0
206	1562	1.0
206	1563	1.0
206	1564	1.0
206	1565	1.0
206	1566	1.0
206	1567	1.0
206	1568	1.0
206	1569	1.0
206	1570	1.0
206	1571	1.0
206	1572	1.0
206	1573	1.0
206	1574	1.0
206	1575	1.0
206	1576	1.0
206	1577	1.0
206	1578	1.0
206	1579	1.0
206	1580	1.0
206	1581	1.0
206	1582	1.0
206	1583	1.0
206	1584	1.0
206	1585	1.0
206	1586	1.0
206	1587	1.0
206	1588	1.0
206	1589	1.0
1589	1590	1.0
1589	1591	1.0
1589	1592	1.0
1589	1593	1.0
1589	1594	1.0
206	1595	1.0
206	1596	1.0
206	1597	1.0
206	1598	1.0
206	1599	1.0
206	1600	1.0
206	1601	1.0
206	1602	1.0
206	1603	1.0
206	1604	1.0
206	1605	1.0
206	1606	1.0
206	1607	1.0
206	1608	1.0
206	1609	1.0
206	1610	1.0
206	1611	1.0
206	1612	1.0
206	1613	1.0
206	1614	1.0
206	1615	1.0
206	1616	1.0
206	1617	1.0
206	1618	1.0
206	1619	1.0
206	1620	1.0
206	1621	1.0
206	1622	1.0
206	1623	1.0
206	1624	1.0
206	1625	1.0
206	1626	1.0
206	1627	1.0
206	1628	1.0
206	1629	1.0
206	1630	1.0
206	1631	1.0
206	1632	1.0
206	1633	1.0
206	1634	1.0
206	1635	1.0
206	1636	1.0
206	1637	1.0
206	1638	1.0
206	1639	1.0
206	1640	1.0
206	1641	1.0
206	1642	1.0
206	1643	1.0
206	1644	1.0
206	1645	1.0
206	1646	1.0
206	1647	1.0
206	1648	1.0
206	1649	1.0
206	1650	1.0
206	1651	1.0
206	1652	1.0
206	1653	1.0
206	1654	1.0
1654	1655	1.0
1654	1656	1.0
1654	1657	1.0
1654	1658	1.0
206	1659	1.0
206	1660	1.0
206	1661	1.0
206	1662	1.0
206	1663	1.0
206	1664	1.0
206	1665	1.0
206	1666	1.0
206	1667	1.0
206	1668	1.0
206	1669	1.0
206	1670	1.0
206	1671	1.0
206	1672	1.0
206	1673	1.0
206	1674	1.0
206	1675	1.0
206	1676	1.0
206	1677	1.0
206	1678	1.0
1678	1679	1.0
1678	1680	1.0
1678	1681	1.0
1678	1682	1.0
1678	1683	1.0
206	1684	1.0
206	1685	1.0
206	1686	1.0
206	1687	1.0
206	1688	1.0
206	1689	1.0
206	1690	1.0
206	1691	1.0
206	1692	1.0
206	1693	1.0
206	1694	1.0
206	1695	1.0
206	1696	1.0
206	1697	1.0
206	1698	1.0
206	1699	1.0
206	1700	1.0
206	1701	1.0
206	1702	1.0
206	1703	1.0
206	1704	1.0
206	1705	1.0
206	1706	1.0
206	1707	1.0
206	1708	1.0
206	1709	1.0
206	1710	1.0
206	1711	1.0
206	1712	1.0
206	1713	1.0
206	1714	1.0
206	1715	1.0
206	1716	1.0
206	1717	1.0
206	1718	1.0
206	1719	1.0
206	1720	1.0
206	1721	1.0
206	1722	1.0
206	1723	1.0
206	1724	1.0
206	1725	1.0
206	1726	1.0
206	1727	1.0
206	1728	1.0
206	1729	1.0
206	1730	1.0
206	1731	1.0
206	1732	1.0
206	1733	1.0
1733	1734	1.0
1733	1735	1.0
1733	1736	1.0
1733	1737	1.0
206	1738	1.0
206	1739	1.0
206	1740	1.0
206	1741	1.0
206	1742	1.0
1742	1743	1.0
1742	1744	1.0
1742	1745	1.0
1742	1746	1.0
206	1747	1.0
206	1748	1.0
206	1749	1.0
206	1750	1.0
206	1751	1.0
206	1752	1.0
206	1753	1.0
206	1754	1.0
206	1755	1.0
206	1756	1.0
206	1757	1.0
206	1758	1.0
206	1759	1.0
206	1760	1.0
206	1761	1.0
206	1762	1.0
206	1763	1.0
206	1764	1.0
206	1765	1.0
206	1766	1.0
206	1767	1.0
206	1768	1.0
206	1769	1.0
206	1770	1.0
206	1771	1.0
206	1772	1.0
206	1773	1.0
206	1774	1.0
206	1775	1.0
206	1776	1.0
206	1777	1.0
206	1778	1.0
206	1779	1.0
206	1780	1.0
206	1781	1.0
206	1782	1.0
206	1783	1.0
206	1784	1.0
206	1785	1.0
206	1786	1.0
206	1787	1.0
206	1788	1.0
206	1789	1.0
206	1790	1.0
206	1791	1.0
206	1792	1.0
206	1793	1.0
206	1794	1.0
206	1795	1.0
206	1796	1.0
206	1797	1.0
206	1798	1.0
206	1799	1.0
206	1800	1.0
206	1801	1.0
206	1802	1.0
206	1803	1.0
206	1804	1.0
206	1805	1.0
206	1806	1.0
1806	1807	1.0
1806	1808	1.0
1806	1809	1.0
1806	1810	1.0
206	1811	1.0
206	1812	1.0
206	1813	1.0
206	1814	1.0
206	1815	1.0
206	1816	1.0
206	1817	1.0
206	1818	1.0
206	1819	1.0
206	1820	1.0
206	1821	1.0
206	1822	1.0
206	1823	1.0
206	1824	1.0
206	1825	1.0
206	1826	1.0
206	1827	1.0
206	1828	1.0
206	1829	1.0
206	1830	1.0
206	1831	1.0
206	1832	1.0
206	1833	1.0
206	1834	1.0
206	1835	1.0
206	1836	1.0
206	1837	1.0
206	1838	1.0
206	1839	1.0
206	1840	1.0
206	1841	1.0
206	1842	1.0
206	1843	1.0
206	1844	1.0
206	1845	1.0
206	1846	1.0
206	1847	1.0
206	1848	1.0
206	1849	1.0
206	1850	1.0
206	1851	1.0
206	1852	1.0
206	1853	1.0
206	1854	1.0
206	1855	1.0
206	1856	1.0
206	1857	1.0
206	1858	1.0
206	1859	1.0
206	1860	1.0
206	1861	1.0
206	1862	1.0
206	1863	1.0
1863	1864	1.0
1863	1865	1.0
1863	1866	1.0
1863	1867	1.0
1863	1868	1.0
1863	1869	1.0
1863	1870	1.0
1863	1871	1.0
1863	1872	1.0
1863	1873	1.0
206	1874	1.0
206	1875	1.0
206	1876	1.0
206	1877	1.0
206	1878	1.0
206	1879	1.0
206	1880	1.0
206	1881	1.0
206	1882	1.0
206	1883	1.0
206	1884	1.0
206	1885	1.0
206	1886	1.0
206	1887	1.0
206	1888	1.0
206	1889	1.0
206	1890	1.0
206	1891	1.0
206	1892	1.0
206	1893	1.0
206	1894	1.0
206	1895	1.0
206	1896	1.0
206	1897	1.0
206	1898	1.0
206	1899	1.0
206	1900	1.0
206	1901	1.0
206	1902	1.0
206	1903	1.0
206	1904	1.0
206	1905	1.0
206	1906	1.0
206	1907	1.0
206	1908	1.0
206	1909	1.0
206	1910	1.0
206	1911	1.0
206	1912	1.0
206	1913	1.0
206	1914	1.0
206	1915	1.0
206	1916	1.0
206	1917	1.0
206	1918	1.0
206	1919	1.0
206	1920	1.0
206	1921	1.0
206	1922	1.0
206	1923	1.0
206	1924	1.0
206	1925	1.0
206	1926	1.0
206	1927	1.0
206	1928	1.0
206	1929	1.0
206	1930	1.0
206	1931	1.0
206	1932	1.0
206	1933	1.0
206	1934	1.0
206	1935	1.0
206	1936	1.0
206	1937	1.0
206	1938	1.0
206	1939	1.0
206	1940	1.0
206	1941	1.0
206	1942	1.0
206	1943	1.0
206	1944	1.0
206	1945	1.0
206	1946	1.0
206	1947	1.0
206	1948	1.0
206	1949	1.0
206	1950	1.0
206	1951	1.0
206	1952	1.0
206	1953	1.0
206	1954	1.0
206	1955	1.0
206	1956	1.0
206	1957	1.0
206	1958	1.0
206	1959	1.0
206	1960	1.0
206	1961	1.0
206	1962	1.0
206	1963	1.0
206	1964	1.0
206	1965	1.0
206	1966	1.0
206	1967	1.0
206	1968	1.0
206	1969	1.0
206	1970	1.0
206	1971	1.0
206	1972	1.0
206	1973	1.0
206	1974	1.0
206	1975	1.0
206	1976	1.0
206	1977	1.0
206	1978	1.0
206	1979	1.0
206	1980	1.0
206	1981	1.0
206	1982	1.0
206	1983	1.0
206	1984	1.0
206	1985	1.0
206	1986	1.0
1986	1987	1.0
1986	1988	1.0
1986	1989	1.0
1986	1990	1.0
1986	1991	1.0
1986	1992	1.0
1986	1993	1.0
1986	1994	1.0
1986	1995	1.0
206	1996	1.0
206	1997	1.0
206	1998	1.0
206	1999	1.0
206	2000	1.0
206	2001	1.0
206	2002	1.0
206	2003	1.0
206	2004	1.0
206	2005	1.0
206	2006	1.0
206	2007	1.0
206	2008	1.0
206	2009	1.0
206	2010	1.0
206	2011	1.0
206	2012	1.0
206	2013	1.0
206	2014	1.0
206	2015	1.0
206	2016	1.0
206	2017	1.0
206	2018	1.0
206	2019	1.0
206	2020	1.0
206	2021	1.0
206	2022	1.0
206	2023	1.0
206	2024	1.0
206	2025	1.0
206	2026	1.0
206	2027	1.0
2027	2028	1.0
2027	2029	1.0
2027	2030	1.0
2027	2031	1.0
206	2032	1.0
206	2033	1.0
206	2034	1.0
206	2035	1.0
206	2036	1.0
206	2037	1.0
206	2038	1.0
206	2039	1.0
206	2040	1.0
206	2041	1.0
2041	2042	1.0
2041	2043	1.0
2041	2044	1.0
2041	2045	1.0
206	2046	1.0
206	2047	1.0
206	2048	1.0
206	2049	1.0
206	2050	1.0
206	2051	1.0
206	2052	1.0
206	2053	1.0
206	2054	1.0
206	2055	1.0
206	2056	1.0
206	2057	1.0
206	2058	1.0
206	2059	1.0
13	2060	1.0
13	2061	1.0
13	2062	1.0
13	2063	1.0
13	2064	1.0
13	2065	1.0
13	2066	1.0
13	2067	1.0
9	2068	1.0
9	2069	1.0
