0	1	1.0
0	2	1.0
2	3	1.0
2	4	1.0
2	5	1.0
2	6	1.0
2	7	1.0
2	8	1.0
2	9	1.0
2	10	1.0
2	11	1.0
2	12	1.0
2	13	1.0
2	14	1.0
2	15	1.0
2	16	1.0
2	17	1.0
2	18	1.0
18	19	1.0
18	20	1.0
18	21	1.0
18	22	1.0
18	23	1.0
18	24	1.0
18	25	1.0
18	26	1.0
18	27	1.0
18	28	1.0
18	29	1.0
29	30	1.0
29	31	1.0
29	32	1.0
29	33	1.0
29	34	1.0
29	35	1.0
29	36	1.0
29	37	1.0
29	38	1.0
29	39	1.0
29	40	1.0
29	41	1.0
29	42	1.0
29	43	1.0
29	44	1.0
44	45	1.0
44	46	1.0
44	47	1.0
44	48	1.0
44	49	1.0
44	50	1.0
44	51	1.0
44	52	1.0
44	53	1.0
44	54	1.0
44	55	1.0
44	56	1.0
56	57	1.0
56	58	1.0
56	59	1.0
56	60	1.0
56	61	1.0
56	62	1.0
56	63	1.0
56	64	1.0
56	65	1.0
56	66	1.0
56	67	1.0
56	68	1.0
56	69	1.0
56	70	1.0
56	71	1.0
56	72	1.0
56	73	1.0
56	74	1.0
56	75	1.0
56	76	1.0
56	77	1.0
56	78	1.0
56	79	1.0
56	80	1.0
56	81	1.0
56	82	1.0
82	83	1.0
82	84	1.0
82	85	1.0
82	86	1.0
82	87	1.0
82	88	1.0
82	89	1.0
82	90	1.0
82	91	1.0
82	92	1.0
82	93	1.0
82	94	1.0
82	95	1.0
82	96	1.0
82	97	1.0
82	98	1.0
82	99	1.0
82	100	1.0
82	101	1.0
82	102	1.0
82	103	1.0
82	104	1.0
82	105	1.0
82	106	1.0
82	107	1.0
82	108	1.0
82	109	1.0
82	110	1.0
82	111	1.0
82	112	1.0
82	113	1.0
82	114	1.0
82	115	1.0
82	116	1.0
82	117	1.0
82	118	1.0
82	119	1.0
82	120	1.0
82	121	1.0
82	122	1.0
82	123	1.0
82	124	1.0
82	125	1.0
82	126	1.0
82	127	1.0
82	128	1.0
82	129	1.0
82	130	1.0
82	131	1.0
82	132	1.0
82	133	1.0
82	134	1.0
82	135	1.0
82	136	1.0
82	137	1.0
82	138	1.0
82	139	1.0
82	140	1.0
82	141	1.0
82	142	1.0
82	143	1.0
82	144	1.0
82	145	1.0
82	146	1.0
82	147	1.0
82	148	1.0
82	149	1.0
82	150	1.0
82	151	1.0
82	152	1.0
82	153	1.0
82	154	1.0
154	155	1.0
154	156	1.0
154	157	1.0
154	158	1.0
154	159	1.0
154	160	1.0
160	161	1.0
160	162	1.0
160	163	1.0
160	164	1.0
160	165	1.0
160	166	1.0
160	167	1.0
160	168	1.0
160	169	1.0
154	170	1.0
82	171	1.0
82	172	1.0
82	173	1.0
82	174	1.0
82	175	1.0
82	176	1.0
82	177	1.0
82	178	1.0
82	179	1.0
82	180	1.0
180	181	1.0
180	182	1.0
180	183	1.0
180	184	1.0
180	185	1.0
180	186	1.0
180	187	1.0
180	188	1.0
180	189	1.0
180	190	1.0
180	191	1.0
82	192	1.0
82	193	1.0
82	194	1.0
82	195	1.0
82	196	1.0
196	197	1.0
196	198	1.0
196	199	1.0
196	200	1.0
196	201	1.0
82	202	1.0
82	203	1.0
82	204	1.0
82	205	1.0
82	206	1.0
82	207	1.0
82	208	1.0
82	209	1.0
82	210	1.0
82	211	1.0
82	212	1.0
82	213	1.0
82	214	1.0
82	215	1.0
82	216	1.0
82	217	1.0
82	218	1.0
82	219	1.0
219	220	1.0
219	221	1.0
219	222	1.0
219	223	1.0
219	224	1.0
82	225	1.0
82	226	1.0
82	227	1.0
82	228	1.0
82	229	1.0
82	230	1.0
82	231	1.0
82	232	1.0
82	233	1.0
82	234	1.0
82	235	1.0
82	236	1.0
82	237	1.0
82	238	1.0
82	239	1.0
82	240	1.0
82	241	1.0
82	242	1.0
82	243	1.0
82	244	1.0
82	245	1.0
82	246	1.0
82	247	1.0
82	248	1.0
82	249	1.0
82	250	1.0
82	251	1.0
82	252	1.0
82	253	1.0
82	254	1.0
82	255	1.0
82	256	1.0
82	257	1.0
82	258	1.0
82	259	1.0
82	260	1.0
82	261	1.0
82	262	1.0
82	263	1.0
82	264	1.0
82	265	1.0
82	266	1.0
82	267	1.0
82	268	1.0
82	269	1.0
82	270	1.0
82	271	1.0
82	272	1.0
82	273	1.0
82	274	1.0
82	275	1.0
82	276	1.0
82	277	1.0
82	278	1.0
82	279	1.0
82	280	1.0
82	281	1.0
82	282	1.0
82	283	1.0
82	284	1.0
82	285	1.0
82	286	1.0
82	287	1.0
82	288	1.0
82	289	1.0
82	290	1.0
82	291	1.0
82	292	1.0
82	293	1.0
82	294	1.0
82	295	1.0
82	296	1.0
82	297	1.0
82	298	1.0
82	299	1.0
82	300	1.0
82	301	1.0
82	302	1.0
82	303	1.0
82	304	1.0
82	305	1.0
82	306	1.0
82	307	1.0
82	308	1.0
82	309	1.0
82	310	1.0
82	311	1.0
82	312	1.0
82	313	1.0
82	314	1.0
82	315	1.0
82	316	1.0
82	317	1.0
82	318	1.0
82	319	1.0
82	320	1.0
82	321	1.0
82	322	1.0
82	323	1.0
82	324	1.0
82	325	1.0
82	326	1.0
82	327	1.0
82	328	1.0
82	329	1.0
82	330	1.0
82	331	1.0
82	332	1.0
82	333	1.0
82	334	1.0
82	335	1.0
82	336	1.0
82	337	1.0
82	338	1.0
82	339	1.0
82	340	1.0
82	341	1.0
82	342	1.0
82	343	1.0
82	344	1.0
82	345	1.0
82	346	1.0
82	347	1.0
82	348	1.0
82	349	1.0
82	350	1.0
82	351	1.0
82	352	1.0
82	353	1.0
82	354	1.0
82	355	1.0
82	356	1.0
82	357	1.0
82	358	1.0
82	359	1.0
82	360	1.0
82	361	1.0
82	362	1.0
362	363	1.0
362	364	1.0
362	365	1.0
362	366	1.0
362	367	1.0
362	368	1.0
362	369	1.0
362	370	1.0
362	371	1.0
362	372	1.0
362	373	1.0
362	374	1.0
362	375	1.0
362	376	1.0
362	377	1.0
362	378	1.0
362	379	1.0
362	380	1.0
362	381	1.0
362	382	1.0
362	383	1.0
362	384	1.0
362	385	1.0
82	386	1.0
82	387	1.0
82	388	1.0
82	389	1.0
82	390	1.0
82	391	1.0
82	392	1.0
82	393	1.0
82	394	1.0
82	395	1.0
82	396	1.0
82	397	1.0
82	398	1.0
82	399	1.0
82	400	1.0
82	401	1.0
82	402	1.0
82	403	1.0
82	404	1.0
82	405	1.0
56	406	1.0
56	407	1.0
407	408	1.0
407	409	1.0
407	410	1.0
410	411	1.0
410	412	1.0
410	413	1.0
410	414	1.0
410	415	1.0
410	416	1.0
410	417	1.0
407	418	1.0
56	419	1.0
56	420	1.0
56	421	1.0
56	422	1.0
56	423	1.0
56	424	1.0
56	425	1.0
56	426	1.0
426	427	1.0
426	428	1.0
426	429	1.0
426	430	1.0
426	431	1.0
426	432	1.0
426	433	1.0
426	434	1.0
426	435	1.0
426	436	1.0
426	437	1.0
426	438	1.0
426	439	1.0
426	440	1.0
426	441	1.0
426	442	1.0
426	443	1.0
426	444	1.0
426	445	1.0
426	446	1.0
426	447	1.0
426	448	1.0
426	449	1.0
426	450	1.0
426	451	1.0
426	452	1.0
426	453	1.0
453	454	1.0
453	455	1.0
453	456	1.0
453	457	1.0
453	458	1.0
426	459	1.0
426	460	1.0
426	461	1.0
426	462	1.0
426	463	1.0
426	464	1.0
426	465	1.0
426	466	1.0
426	467	1.0
426	468	1.0
426	469	1.0
426	470	1.0
426	471	1.0
426	472	1.0
426	473	1.0
426	474	1.0
426	475	1.0
426	476	1.0
426	477	1.0
426	478	1.0
426	479	1.0
426	480	1.0
426	481	1.0
426	482	1.0
426	483	1.0
426	484	1.0
426	485	1.0
426	486	1.0
426	487	1.0
426	488	1.0
426	489	1.0
426	490	1.0
426	491	1.0
426	492	1.0
426	493	1.0
426	494	1.0
426	495	1.0
426	496	1.0
426	497	1.0
426	498	1.0
426	499	1.0
426	500	1.0
426	501	1.0
426	502	1.0
426	503	1.0
426	504	1.0
56	505	1.0
56	506	1.0
56	507	1.0
56	508	1.0
56	509	1.0
56	510	1.0
56	511	1.0
56	512	1.0
56	513	1.0
56	514	1.0
56	515	1.0
56	516	1.0
56	517	1.0
56	518	1.0
56	519	1.0
56	520	1.0
56	521	1.0
56	522	1.0
56	523	1.0
56	524	1.0
56	525	1.0
56	526	1.0
56	527	1.0
527	528	1.0
527	529	1.0
527	530	1.0
527	531	1.0
56	532	1.0
56	533	1.0
56	534	1.0
56	535	1.0
56	536	1.0
56	537	1.0
56	538	1.0
56	539	1.0
56	540	1.0
56	541	1.0
56	542	1.0
56	543	1.0
56	544	1.0
56	545	1.0
56	546	1.0
56	547	1.0
56	548	1.0
56	549	1.0
56	550	1.0
56	551	1.0
56	552	1.0
56	553	1.0
56	554	1.0
56	555	1.0
56	556	1.0
56	557	1.0
56	558	1.0
56	559	1.0
56	560	1.0
560	561	1.0
560	562	1.0
560	563	1.0
560	564	1.0
560	565	1.0
560	566	1.0
560	567	1.0
560	568	1.0
560	569	1.0
560	570	1.0
560	571	1.0
560	572	1.0
560	573	1.0
56	574	1.0
56	575	1.0
56	576	1.0
56	577	1.0
56	578	1.0
56	579	1.0
56	580	1.0
56	581	1.0
56	582	1.0
56	583	1.0
56	584	1.0
56	585	1.0
56	586	1.0
56	587	1.0
56	588	1.0
56	589	1.0
56	590	1.0
56	591	1.0
56	592	1.0
56	593	1.0
56	594	1.0
56	595	1.0
56	596	1.0
56	597	1.0
56	598	1.0
56	599	1.0
56	600	1.0
56	601	1.0
56	602	1.0
56	603	1.0
56	604	1.0
56	605	1.0
56	606	1.0
56	607	1.0
56	608	1.0
608	609	1.0
608	610	1.0
608	611	1.0
608	612	1.0
608	613	1.0
56	614	1.0
56	615	1.0
56	616	1.0
56	617	1.0
56	618	1.0
56	619	1.0
56	620	1.0
56	621	1.0
56	622	1.0
56	623	1.0
56	624	1.0
56	625	1.0
56	626	1.0
56	627	1.0
56	628	1.0
56	629	1.0
56	630	1.0
56	631	1.0
56	632	1.0
56	633	1.0
56	634	1.0
56	635	1.0
56	636	1.0
56	637	1.0
56	638	1.0
56	639	1.0
56	640	1.0
56	641	1.0
56	642	1.0
56	643	1.0
56	644	1.0
56	645	1.0
56	646	1.0
56	647	1.0
56	648	1.0
56	649	1.0
56	650	1.0
56	651	1.0
56	652	1.0
56	653	1.0
56	654	1.0
56	655	1.0
56	656	1.0
56	657	1.0
56	658	1.0
56	659	1.0
56	660	1.0
56	661	1.0
56	662	1.0
56	663	1.0
56	664	1.0
56	665	1.0
56	666	1.0
56	667	1.0
56	668	1.0
56	669	1.0
56	670	1.0
56	671	1.0
56	672	1.0
56	673	1.0
56	674	1.0
56	675	1.0
56	676	1.0
56	677	1.0
56	678	1.0
56	679	1.0
56	680	1.0
56	681	1.0
56	682	1.0
56	683	1.0
56	684	1.0
56	685	1.0
56	686	1.0
56	687	1.0
687	688	1.0
687	689	1.0
687	690	1.0
687	691	1.0
56	692	1.0
56	693	1.0
56	694	1.0
56	695	1.0
56	696	1.0
56	697	1.0
56	698	1.0
56	699	1.0
56	700	1.0
56	701	1.0
701	702	1.0
701	703	1.0
701	704	1.0
701	705	1.0
56	706	1.0
56	707	1.0
56	708	1.0
56	709	1.0
56	710	1.0
56	711	1.0
56	712	1.0
56	713	1.0
56	714	1.0
56	715	1.0
56	716	1.0
56	717	1.0
56	718	1.0
56	719	1.0
56	720	1.0
56	721	1.0
56	722	1.0
56	723	1.0
56	724	1.0
56	725	1.0
56	726	1.0
56	727	1.0
56	728	1.0
56	729	1.0
56	730	1.0
56	731	1.0
56	732	1.0
56	733	1.0
56	734	1.0
56	735	1.0
56	736	1.0
56	737	1.0
56	738	1.0
56	739	1.0
56	740	1.0
56	741	1.0
56	742	1.0
56	743	1.0
56	744	1.0
56	745	1.0
56	746	1.0
56	747	1.0
56	748	1.0
56	749	1.0
56	750	1.0
56	751	1.0
56	752	1.0
56	753	1.0
56	754	1.0
56	755	1.0
56	756	1.0
56	757	1.0
56	758	1.0
56	759	1.0
56	760	1.0
56	761	1.0
56	762	1.0
56	763	1.0
56	764	1.0
56	765	1.0
56	766	1.0
56	767	1.0
56	768	1.0
56	769	1.0
56	770	1.0
56	771	1.0
56	772	1.0
56	773	1.0
56	774	1.0
56	775	1.0
56	776	1.0
56	777	1.0
56	778	1.0
56	779	1.0
56	780	1.0
56	781	1.0
56	782	1.0
56	783	1.0
56	784	1.0
56	785	1.0
56	786	1.0
56	787	1.0
56	788	1.0
56	789	1.0
56	790	1.0
56	791	1.0
56	792	1.0
56	793	1.0
56	794	1.0
56	795	1.0
56	796	1.0
56	797	1.0
56	798	1.0
56	799	1.0
56	800	1.0
56	801	1.0
56	802	1.0
56	803	1.0
56	804	1.0
56	805	1.0
56	806	1.0
56	807	1.0
56	808	1.0
56	809	1.0
56	810	1.0
56	811	1.0
56	812	1.0
56	813	1.0
56	814	1.0
56	815	1.0
56	816	1.0
56	817	1.0
56	818	1.0
56	819	1.0
56	820	1.0
56	821	1.0
56	822	1.0
56	823	1.0
56	824	1.0
56	825	1.0
56	826	1.0
56	827	1.0
56	828	1.0
56	829	1.0
56	830	1.0
56	831	1.0
56	832	1.0
56	833	1.0
56	834	1.0
56	835	1.0
56	836	1.0
56	837	1.0
56	838	1.0
56	839	1.0
56	840	1.0
56	841	1.0
56	842	1.0
56	843	1.0
56	844	1.0
56	845	1.0
56	846	1.0
56	847	1.0
56	848	1.0
56	849	1.0
56	850	1.0
56	851	1.0
56	852	1.0
56	853	1.0
56	854	1.0
56	855	1.0
855	856	1.0
855	857	1.0
855	858	1.0
855	859	1.0
56	860	1.0
56	861	1.0
56	862	1.0
56	863	1.0
56	864	1.0
56	865	1.0
56	866	1.0
56	867	1.0
56	868	1.0
56	869	1.0
56	870	1.0
56	871	1.0
56	872	1.0
56	873	1.0
56	874	1.0
56	875	1.0
56	876	1.0
56	877	1.0
56	878	1.0
56	879	1.0
56	880	1.0
56	881	1.0
56	882	1.0
56	883	1.0
56	884	1.0
56	885	1.0
56	886	1.0
56	887	1.0
56	888	1.0
56	889	1.0
56	890	1.0
56	891	1.0
56	892	1.0
56	893	1.0
56	894	1.0
56	895	1.0
56	896	1.0
56	897	1.0
56	898	1.0
56	899	1.0
56	900	1.0
56	901	1.0
56	902	1.0
56	903	1.0
56	904	1.0
56	905	1.0
905	906	1.0
905	907	1.0
905	908	1.0
905	909	1.0
905	910	1.0
905	911	1.0
56	912	1.0
56	913	1.0
56	914	1.0
56	915	1.0
56	916	1.0
56	917	1.0
56	918	1.0
56	919	1.0
56	920	1.0
56	921	1.0
56	922	1.0
56	923	1.0
56	924	1.0
56	925	1.0
56	926	1.0
56	927	1.0
56	928	1.0
56	929	1.0
56	930	1.0
56	931	1.0
56	932	1.0
56	933	1.0
56	934	1.0
56	935	1.0
56	936	1.0
56	937	1.0
56	938	1.0
56	939	1.0
56	940	1.0
56	941	1.0
56	942	1.0
56	943	1.0
56	944	1.0
56	945	1.0
56	946	1.0
56	947	1.0
56	948	1.0
56	949	1.0
56	950	1.0
56	951	1.0
56	952	1.0
56	953	1.0
56	954	1.0
56	955	1.0
56	956	1.0
56	957	1.0
56	958	1.0
56	959	1.0
56	960	1.0
56	961	1.0
56	962	1.0
56	963	1.0
56	964	1.0
56	965	1.0
56	966	1.0
56	967	1.0
56	968	1.0
56	969	1.0
56	970	1.0
56	971	1.0
56	972	1.0
56	973	1.0
56	974	1.0
56	975	1.0
975	976	1.0
975	977	1.0
975	978	1.0
975	979	1.0
975	980	1.0
975	981	1.0
975	982	1.0
975	983	1.0
975	984	1.0
975	985	1.0
975	986	1.0
975	987	1.0
975	988	1.0
975	989	1.0
56	990	1.0
56	991	1.0
56	992	1.0
56	993	1.0
56	994	1.0
56	995	1.0
56	996	1.0
56	997	1.0
56	998	1.0
56	999	1.0
56	1000	1.0
56	1001	1.0
56	1002	1.0
56	1003	1.0
56	1004	1.0
56	1005	1.0
56	1006	1.0
56	1007	1.0
56	1008	1.0
56	1009	1.0
56	1010	1.0
56	1011	1.0
56	1012	1.0
56	1013	1.0
56	1014	1.0
56	1015	1.0
56	1016	1.0
56	1017	1.0
56	1018	1.0
56	1019	1.0
56	1020	1.0
56	1021	1.0
56	1022	1.0
56	1023	1.0
56	1024	1.0
56	1025	1.0
56	1026	1.0
56	1027	1.0
56	1028	1.0
56	1029	1.0
56	1030	1.0
56	1031	1.0
56	1032	1.0
56	1033	1.0
56	1034	1.0
56	1035	1.0
56	1036	1.0
56	1037	1.0
56	1038	1.0
56	1039	1.0
56	1040	1.0
56	1041	1.0
56	1042	1.0
56	1043	1.0
56	1044	1.0
56	1045	1.0
56	1046	1.0
56	1047	1.0
56	1048	1.0
56	1049	1.0
56	1050	1.0
56	1051	1.0
56	1052	1.0
56	1053	1.0
56	1054	1.0
56	1055	1.0
56	1056	1.0
56	1057	1.0
56	1058	1.0
56	1059	1.0
1059	1060	1.0
1059	1061	1.0
1059	1062	1.0
1059	1063	1.0
1059	1064	1.0
1059	1065	1.0
1059	1066	1.0
1059	1067	1.0
1059	1068	1.0
1059	1069	1.0
1059	1070	1.0
1059	1071	1.0
1059	1072	1.0
1059	1073	1.0
1059	1074	1.0
1059	1075	1.0
1059	1076	1.0
1059	1077	1.0
1059	1078	1.0
1059	1079	1.0
1059	1080	1.0
1059	1081	1.0
1059	1082	1.0
1059	1083	1.0
1059	1084	1.0
1059	1085	1.0
1059	1086	1.0
1059	1087	1.0
1059	1088	1.0
1059	1089	1.0
1059	1090	1.0
1059	1091	1.0
1059	1092	1.0
1059	1093	1.0
1059	1094	1.0
1059	1095	1.0
1059	1096	1.0
1059	1097	1.0
1059	1098	1.0
1059	1099	1.0
1059	1100	1.0
1059	1101	1.0
1059	1102	1.0
1059	1103	1.0
1059	1104	1.0
1059	1105	1.0
1059	1106	1.0
1059	1107	1.0
1059	1108	1.0
1059	1109	1.0
1059	1110	1.0
1059	1111	1.0
1059	1112	1.0
1059	1113	1.0
1059	1114	1.0
1059	1115	1.0
1059	1116	1.0
1059	1117	1.0
1059	1118	1.0
1059	1119	1.0
1059	1120	1.0
1059	1121	1.0
1059	1122	1.0
1059	1123	1.0
1059	1124	1.0
1059	1125	1.0
1059	1126	1.0
1059	1127	1.0
1059	1128	1.0
1059	1129	1.0
1059	1130	1.0
1059	1131	1.0
1059	1132	1.0
1059	1133	1.0
1059	1134	1.0
1059	1135	1.0
1059	1136	1.0
1059	1137	1.0
1059	1138	1.0
1059	1139	1.0
1059	1140	1.0
1059	1141	1.0
1059	1142	1.0
1059	1143	1.0
1059	1144	1.0
1144	1145	1.0
1144	1146	1.0
1144	1147	1.0
1144	1148	1.0
1059	1149	1.0
1059	1150	1.0
1059	1151	1.0
1059	1152	1.0
1059	1153	1.0
1059	1154	1.0
1059	1155	1.0
1059	1156	1.0
1059	1157	1.0
1059	1158	1.0
1059	1159	1.0
1059	1160	1.0
1059	1161	1.0
1059	1162	1.0
1059	1163	1.0
1059	1164	1.0
1059	1165	1.0
1165	1166	1.0
1165	1167	1.0
1165	1168	1.0
1165	1169	1.0
1059	1170	1.0
1059	1171	1.0
1059	1172	1.0
1059	1173	1.0
1059	1174	1.0
1059	1175	1.0
1059	1176	1.0
1059	1177	1.0
1059	1178	1.0
1059	1179	1.0
1059	1180	1.0
1059	1181	1.0
1059	1182	1.0
1059	1183	1.0
1059	1184	1.0
1059	1185	1.0
1059	1186	1.0
1059	1187	1.0
1059	1188	1.0
1059	1189	1.0
1059	1190	1.0
1059	1191	1.0
1059	1192	1.0
1059	1193	1.0
1059	1194	1.0
1059	1195	1.0
1059	1196	1.0
1059	1197	1.0
1059	1198	1.0
1059	1199	1.0
1059	1200	1.0
1059	1201	1.0
1059	1202	1.0
1059	1203	1.0
1059	1204	1.0
1059	1205	1.0
1059	1206	1.0
1059	1207	1.0
1059	1208	1.0
1059	1209	1.0
1059	1210	1.0
1059	1211	1.0
1059	1212	1.0
1059	1213	1.0
1059	1214	1.0
1059	1215	1.0
1059	1216	1.0
1059	1217	1.0
1059	1218	1.0
1059	1219	1.0
1059	1220	1.0
1059	1221	1.0
1059	1222	1.0
1059	1223	1.0
1059	1224	1.0
1059	1225	1.0
1059	1226	1.0
1059	1227	1.0
1059	1228	1.0
1059	1229	1.0
1059	1230	1.0
1059	1231	1.0
1059	1232	1.0
1059	1233	1.0
1059	1234	1.0
1059	1235	1.0
1059	1236	1.0
1059	1237	1.0
1059	1238	1.0
1059	1239	1.0
1059	1240	1.0
1059	1241	1.0
1059	1242	1.0
1059	1243	1.0
56	1244	1.0
56	1245	1.0
56	1246	1.0
56	1247	1.0
56	1248	1.0
1248	1249	1.0
1248	1250	1.0
1248	1251	1.0
1248	1252	1.0
1248	1253	1.0
1248	1254	1.0
1248	1255	1.0
1248	1256	1.0
1248	1257	1.0
1248	1258	1.0
1248	1259	1.0
1248	1260	1.0
1248	1261	1.0
56	1262	1.0
56	1263	1.0
56	1264	1.0
56	1265	1.0
56	1266	1.0
56	1267	1.0
56	1268	1.0
56	1269	1.0
56	1270	1.0
56	1271	1.0
56	1272	1.0
56	1273	1.0
56	1274	1.0
56	1275	1.0
56	1276	1.0
56	1277	1.0
56	1278	1.0
56	1279	1.0
56	1280	1.0
56	1281	1.0
56	1282	1.0
56	1283	1.0
56	1284	1.0
56	1285	1.0
56	1286	1.0
56	1287	1.0
56	1288	1.0
56	1289	1.0
56	1290	1.0
56	1291	1.0
56	1292	1.0
56	1293	1.0
56	1294	1.0
56	1295	1.0
56	1296	1.0
56	1297	1.0
56	1298	1.0
56	1299	1.0
56	1300	1.0
56	1301	1.0
56	1302	1.0
56	1303	1.0
56	1304	1.0
56	1305	1.0
56	1306	1.0
56	1307	1.0
56	1308	1.0
56	1309	1.0
56	1310	1.0
56	1311	1.0
56	1312	1.0
56	1313	1.0
56	1314	1.0
56	1315	1.0
56	1316	1.0
56	1317	1.0
56	1318	1.0
56	1319	1.0
56	1320	1.0
56	1321	1.0
56	1322	1.0
56	1323	1.0
56	1324	1.0
56	1325	1.0
56	1326	1.0
56	1327	1.0
56	1328	1.0
56	1329	1.0
56	1330	1.0
56	1331	1.0
56	1332	1.0
56	1333	1.0
56	1334	1.0
56	1335	1.0
56	1336	1.0
56	1337	1.0
56	1338	1.0
56	1339	1.0
56	1340	1.0
56	1341	1.0
56	1342	1.0
56	1343	1.0
56	1344	1.0
56	1345	1.0
56	1346	1.0
56	1347	1.0
56	1348	1.0
56	1349	1.0
56	1350	1.0
56	1351	1.0
56	1352	1.0
56	1353	1.0
56	1354	1.0
56	1355	1.0
56	1356	1.0
56	1357	1.0
56	1358	1.0
1358	1359	1.0
1358	1360	1.0
1358	1361	1.0
1358	1362	1.0
1358	1363	1.0
1358	1364	1.0
1358	1365	1.0
1358	1366	1.0
1358	1367	1.0
1358	1368	1.0
1358	1369	1.0
1358	1370	1.0
1358	1371	1.0
56	1372	1.0
56	1373	1.0
56	1374	1.0
56	1375	1.0
56	1376	1.0
56	1377	1.0
56	1378	1.0
56	1379	1.0
56	1380	1.0
56	1381	1.0
56	1382	1.0
56	1383	1.0
56	1384	1.0
56	1385	1.0
56	1386	1.0
56	1387	1.0
56	1388	1.0
56	1389	1.0
56	1390	1.0
56	1391	1.0
56	1392	1.0
56	1393	1.0
56	1394	1.0
56	1395	1.0
56	1396	1.0
56	1397	1.0
56	1398	1.0
56	1399	1.0
56	1400	1.0
56	1401	1.0
56	1402	1.0
56	1403	1.0
56	1404	1.0
56	1405	1.0
56	1406	1.0
56	1407	1.0
56	1408	1.0
56	1409	1.0
56	1410	1.0
56	1411	1.0
56	1412	1.0
56	1413	1.0
56	1414	1.0
56	1415	1.0
56	1416	1.0
56	1417	1.0
56	1418	1.0
56	1419	1.0
56	1420	1.0
56	1421	1.0
56	1422	1.0
56	1423	1.0
56	1424	1.0
56	1425	1.0
56	1426	1.0
56	1427	1.0
56	1428	1.0
56	1429	1.0
56	1430	1.0
56	1431	1.0
56	1432	1.0
56	1433	1.0
56	1434	1.0
56	1435	1.0
56	1436	1.0
56	1437	1.0
56	1438	1.0
56	1439	1.0
56	1440	1.0
56	1441	1.0
56	1442	1.0
56	1443	1.0
56	1444	1.0
56	1445	1.0
56	1446	1.0
56	1447	1.0
56	1448	1.0
56	1449	1.0
56	1450	1.0
56	1451	1.0
56	1452	1.0
56	1453	1.0
56	1454	1.0
56	1455	1.0
56	1456	1.0
56	1457	1.0
56	1458	1.0
56	1459	1.0
56	1460	1.0
56	1461	1.0
56	1462	1.0
56	1463	1.0
56	1464	1.0
56	1465	1.0
56	1466	1.0
56	1467	1.0
56	1468	1.0
56	1469	1.0
56	1470	1.0
56	1471	1.0
56	1472	1.0
56	1473	1.0
56	1474	1.0
56	1475	1.0
56	1476	1.0
56	1477	1.0
56	1478	1.0
56	1479	1.0
56	1480	1.0
56	1481	1.0
56	1482	1.0
56	1483	1.0
1483	1484	1.0
1483	1485	1.0
1483	1486	1.0
1483	1487	1.0
1483	1488	1.0
1483	1489	1.0
1483	1490	1.0
1483	1491	1.0
1483	1492	1.0
1483	1493	1.0
1483	1494	1.0
1483	1495	1.0
1483	1496	1.0
56	1497	1.0
56	1498	1.0
56	1499	1.0
56	1500	1.0
56	1501	1.0
56	1502	1.0
56	1503	1.0
56	1504	1.0
56	1505	1.0
56	1506	1.0
56	1507	1.0
56	1508	1.0
56	1509	1.0
56	1510	1.0
56	1511	1.0
56	1512	1.0
56	1513	1.0
56	1514	1.0
56	1515	1.0
56	1516	1.0
56	1517	1.0
56	1518	1.0
56	1519	1.0
56	1520	1.0
56	1521	1.0
56	1522	1.0
56	1523	1.0
56	1524	1.0
56	1525	1.0
56	1526	1.0
56	1527	1.0
56	1528	1.0
56	1529	1.0
56	1530	1.0
56	1531	1.0
56	1532	1.0
56	1533	1.0
56	1534	1.0
56	1535	1.0
56	1536	1.0
56	1537	1.0
56	1538	1.0
56	1539	1.0
56	1540	1.0
56	1541	1.0
56	1542	1.0
56	1543	1.0
56	1544	1.0
56	1545	1.0
56	1546	1.0
56	1547	1.0
56	1548	1.0
56	1549	1.0
56	1550	1.0
56	1551	1.0
56	1552	1.0
56	1553	1.0
56	1554	1.0
56	1555	1.0
56	1556	1.0
56	1557	1.0
56	1558	1.0
56	1559	1.0
56	1560	1.0
56	1561	1.0
56	1562	1.0
56	1563	1.0
56	1564	1.0
56	1565	1.0
56	1566	1.0
56	1567	1.0
56	1568	1.0
56	1569	1.0
56	1570	1.0
56	1571	1.0
56	1572	1.0
56	1573	1.0
56	1574	1.0
56	1575	1.0
56	1576	1.0
56	1577	1.0
56	1578	1.0
56	1579	1.0
56	1580	1.0
56	1581	1.0
56	1582	1.0
56	1583	1.0
56	1584	1.0
56	1585	1.0
56	1586	1.0
56	1587	1.0
56	1588	1.0
56	1589	1.0
56	1590	1.0
56	1591	1.0
56	1592	1.0
56	1593	1.0
56	1594	1.0
56	1595	1.0
56	1596	1.0
56	1597	1.0
56	1598	1.0
56	1599	1.0
56	1600	1.0
56	1601	1.0
56	1602	1.0
56	1603	1.0
56	1604	1.0
56	1605	1.0
56	1606	1.0
56	1607	1.0
56	1608	1.0
56	1609	1.0
56	1610	1.0
56	1611	1.0
56	1612	1.0
56	1613	1.0
56	1614	1.0
56	1615	1.0
56	1616	1.0
56	1617	1.0
56	1618	1.0
56	1619	1.0
56	1620	1.0
56	1621	1.0
56	1622	1.0
56	1623	1.0
56	1624	1.0
56	1625	1.0
56	1626	1.0
56	1627	1.0
56	1628	1.0
56	1629	1.0
56	1630	1.0
56	1631	1.0
56	1632	1.0
56	1633	1.0
56	1634	1.0
56	1635	1.0
56	1636	1.0
56	1637	1.0
56	1638	1.0
56	1639	1.0
56	1640	1.0
56	1641	1.0
56	1642	1.0
56	1643	1.0
56	1644	1.0
56	1645	1.0
56	1646	1.0
56	1647	1.0
56	1648	1.0
56	1649	1.0
56	1650	1.0
56	1651	1.0
56	1652	1.0
56	1653	1.0
56	1654	1.0
56	1655	1.0
56	1656	1.0
56	1657	1.0
56	1658	1.0
56	1659	1.0
56	1660	1.0
56	1661	1.0
56	1662	1.0
56	1663	1.0
1663	1664	1.0
1663	1665	1.0
1663	1666	1.0
1663	1667	1.0
1663	1668	1.0
1663	1669	1.0
1663	1670	1.0
1663	1671	1.0
1663	1672	1.0
1663	1673	1.0
1663	1674	1.0
1663	1675	1.0
1663	1676	1.0
1663	1677	1.0
1663	1678	1.0
1663	1679	1.0
1663	1680	1.0
1663	1681	1.0
1663	1682	1.0
1663	1683	1.0
1663	1684	1.0
1663	1685	1.0
1663	1686	1.0
1663	1687	1.0
1663	1688	1.0
1663	1689	1.0
1663	1690	1.0
1663	1691	1.0
1663	1692	1.0
1663	1693	1.0
1663	1694	1.0
1663	1695	1.0
1663	1696	1.0
1663	1697	1.0
1663	1698	1.0
1663	1699	1.0
1663	1700	1.0
1663	1701	1.0
1663	1702	1.0
1663	1703	1.0
1663	1704	1.0
1663	1705	1.0
1663	1706	1.0
1663	1707	1.0
1663	1708	1.0
1663	1709	1.0
1663	1710	1.0
1663	1711	1.0
1663	1712	1.0
1663	1713	1.0
1663	1714	1.0
1663	1715	1.0
1663	1716	1.0
1663	1717	1.0
1663	1718	1.0
1663	1719	1.0
1663	1720	1.0
1663	1721	1.0
1663	1722	1.0
1663	1723	1.0
1663	1724	1.0
1663	1725	1.0
1663	1726	1.0
1663	1727	1.0
1663	1728	1.0
1663	1729	1.0
1663	1730	1.0
1663	1731	1.0
1663	1732	1.0
56	1733	1.0
56	1734	1.0
56	1735	1.0
56	1736	1.0
56	1737	1.0
56	1738	1.0
56	1739	1.0
56	1740	1.0
56	1741	1.0
56	1742	1.0
56	1743	1.0
56	1744	1.0
56	1745	1.0
56	1746	1.0
1746	1747	1.0
1746	1748	1.0
1746	1749	1.0
1746	1750	1.0
56	1751	1.0
56	1752	1.0
56	1753	1.0
56	1754	1.0
56	1755	1.0
1755	1756	1.0
1755	1757	1.0
1755	1758	1.0
1755	1759	1.0
1755	1760	1.0
1755	1761	1.0
1755	1762	1.0
56	1763	1.0
56	1764	1.0
56	1765	1.0
56	1766	1.0
56	1767	1.0
56	1768	1.0
56	1769	1.0
56	1770	1.0
56	1771	1.0
56	1772	1.0
56	1773	1.0
56	1774	1.0
56	1775	1.0
56	1776	1.0
56	1777	1.0
56	1778	1.0
56	1779	1.0
56	1780	1.0
56	1781	1.0
56	1782	1.0
56	1783	1.0
56	1784	1.0
56	1785	1.0
56	1786	1.0
56	1787	1.0
56	1788	1.0
56	1789	1.0
56	1790	1.0
56	1791	1.0
56	1792	1.0
56	1793	1.0
56	1794	1.0
56	1795	1.0
56	1796	1.0
56	1797	1.0
56	1798	1.0
56	1799	1.0
56	1800	1.0
56	1801	1.0
56	1802	1.0
56	1803	1.0
56	1804	1.0
56	1805	1.0
56	1806	1.0
56	1807	1.0
56	1808	1.0
56	1809	1.0
56	1810	1.0
1810	1811	1.0
1810	1812	1.0
1810	1813	1.0
1810	1814	1.0
1810	1815	1.0
1810	1816	1.0
56	1817	1.0
56	1818	1.0
56	1819	1.0
56	1820	1.0
56	1821	1.0
56	1822	1.0
56	1823	1.0
56	1824	1.0
56	1825	1.0
56	1826	1.0
56	1827	1.0
56	1828	1.0
56	1829	1.0
56	1830	1.0
56	1831	1.0
56	1832	1.0
56	1833	1.0
56	1834	1.0
56	1835	1.0
56	1836	1.0
56	1837	1.0
56	1838	1.0
56	1839	1.0
56	1840	1.0
56	1841	1.0
56	1842	1.0
56	1843	1.0
56	1844	1.0
56	1845	1.0
56	1846	1.0
56	1847	1.0
56	1848	1.0
56	1849	1.0
56	1850	1.0
56	1851	1.0
56	1852	1.0
56	1853	1.0
56	1854	1.0
56	1855	1.0
56	1856	1.0
56	1857	1.0
56	1858	1.0
56	1859	1.0
56	1860	1.0
56	1861	1.0
56	1862	1.0
56	1863	1.0
56	1864	1.0
56	1865	1.0
56	1866	1.0
56	1867	1.0
56	1868	1.0
56	1869	1.0
56	1870	1.0
56	1871	1.0
56	1872	1.0
56	1873	1.0
56	1874	1.0
56	1875	1.0
56	1876	1.0
56	1877	1.0
56	1878	1.0
56	1879	1.0
56	1880	1.0
56	1881	1.0
56	1882	1.0
56	1883	1.0
56	1884	1.0
56	1885	1.0
56	1886	1.0
56	1887	1.0
56	1888	1.0
56	1889	1.0
56	1890	1.0
56	1891	1.0
56	1892	1.0
56	1893	1.0
56	1894	1.0
44	1895	1.0
44	1896	1.0
44	1897	1.0
44	1898	1.0
44	1899	1.0
29	1900	1.0
29	1901	1.0
1901	1902	1.0
1901	1903	1.0
1901	1904	1.0
1901	1905	1.0
1901	1906	1.0
18	1907	1.0
18	1908	1.0
18	1909	1.0
18	1910	1.0
18	1911	1.0
18	1912	1.0
18	1913	1.0
18	1914	1.0
18	1915	1.0
18	1916	1.0
18	1917	1.0
18	1918	1.0
18	1919	1.0
18	1920	1.0
18	1921	1.0
18	1922	1.0
18	1923	1.0
18	1924	1.0
18	1925	1.0
18	1926	1.0
18	1927	1.0
18	1928	1.0
18	1929	1.0
18	1930	1.0
18	1931	1.0
18	1932	1.0
18	1933	1.0
18	1934	1.0
18	1935	1.0
18	1936	1.0
18	1937	1.0
18	1938	1.0
18	1939	1.0
18	1940	1.0
18	1941	1.0
18	1942	1.0
18	1943	1.0
18	1944	1.0
18	1945	1.0
18	1946	1.0
18	1947	1.0
18	1948	1.0
18	1949	1.0
18	1950	1.0
18	1951	1.0
18	1952	1.0
18	1953	1.0
18	1954	1.0
18	1955	1.0
18	1956	1.0
18	1957	1.0
18	1958	1.0
18	1959	1.0
18	1960	1.0
18	1961	1.0
18	1962	1.0
18	1963	1.0
18	1964	1.0
18	1965	1.0
18	1966	1.0
18	1967	1.0
18	1968	1.0
18	1969	1.0
18	1970	1.0
18	1971	1.0
18	1972	1.0
18	1973	1.0
18	1974	1.0
18	1975	1.0
18	1976	1.0
18	1977	1.0
18	1978	1.0
18	1979	1.0
18	1980	1.0
18	1981	1.0
18	1982	1.0
18	1983	1.0
18	1984	1.0
18	1985	1.0
18	1986	1.0
18	1987	1.0
18	1988	1.0
18	1989	1.0
18	1990	1.0
18	1991	1.0
18	1992	1.0
18	1993	1.0
18	1994	1.0
18	1995	1.0
18	1996	1.0
18	1997	1.0
18	1998	1.0
18	1999	1.0
18	2000	1.0
18	2001	1.0
18	2002	1.0
18	2003	1.0
0	2004	1.0
0	2005	1.0
0	2006	1.0
0	2007	1.0
0	2008	1.0
0	2009	1.0
0	2010	1.0
0	2011	1.0
0	2012	1.0
0	2013	1.0
0	2014	1.0
0	2015	1.0
0	2016	1.0
0	2017	1.0
0	2018	1.0
0	2019	1.0
2019	2020	1.0
2019	2021	1.0
2019	2022	1.0
2019	2023	1.0
2019	2024	1.0
2019	2025	1.0
2019	2026	1.0
2019	2027	1.0
2019	2028	1.0
0	2029	1.0
0	2030	1.0
0	2031	1.0
0	2032	1.0
0	2033	1.0
0	2034	1.0
0	2035	1.0
0	2036	1.0
