0	1	1.0
0	2	1.0
2	3	1.0
2	4	1.0
4	5	1.0
5	6	1.0
6	7	1.0
6	8	1.0
8	9	1.0
8	10	1.0
8	11	1.0
11	12	1.0
11	13	1.0
11	14	1.0
11	15	1.0
11	16	1.0
11	17	1.0
17	18	1.0
17	19	1.0
17	20	1.0
17	21	1.0
17	22	1.0
17	23	1.0
17	24	1.0
17	25	1.0
17	26	1.0
17	27	1.0
17	28	1.0
17	29	1.0
17	30	1.0
17	31	1.0
17	32	1.0
32	33	1.0
32	34	1.0
34	35	1.0
35	36	1.0
35	37	1.0
35	38	1.0
35	39	1.0
39	40	1.0
39	41	1.0
39	42	1.0
39	43	1.0
43	44	1.0
43	45	1.0
43	46	1.0
46	47	1.0
46	48	1.0
46	49	1.0
46	50	1.0
46	51	1.0
46	52	1.0
43	53	1.0
43	54	1.0
43	55	1.0
39	56	1.0
39	57	1.0
39	58	1.0
39	59	1.0
39	60	1.0
39	61	1.0
39	62	1.0
39	63	1.0
39	64	1.0
39	65	1.0
39	66	1.0
39	67	1.0
39	68	1.0
68	69	1.0
68	70	1.0
68	71	1.0
68	72	1.0
68	73	1.0
68	74	1.0
68	75	1.0
68	76	1.0
68	77	1.0
68	78	1.0
68	79	1.0
68	80	1.0
68	81	1.0
68	82	1.0
68	83	1.0
68	84	1.0
68	85	1.0
68	86	1.0
68	87	1.0
68	88	1.0
68	89	1.0
68	90	1.0
68	91	1.0
68	92	1.0
68	93	1.0
68	94	1.0
68	95	1.0
68	96	1.0
68	97	1.0
68	98	1.0
68	99	1.0
68	100	1.0
68	101	1.0
68	102	1.0
68	103	1.0
68	104	1.0
68	105	1.0
68	106	1.0
68	107	1.0
68	108	1.0
68	109	1.0
68	110	1.0
68	111	1.0
68	112	1.0
68	113	1.0
68	114	1.0
68	115	1.0
68	116	1.0
68	117	1.0
68	118	1.0
68	119	1.0
68	120	1.0
120	121	1.0
120	122	1.0
120	123	1.0
120	124	1.0
120	125	1.0
120	126	1.0
120	127	1.0
120	128	1.0
120	129	1.0
120	130	1.0
120	131	1.0
120	132	1.0
120	133	1.0
120	134	1.0
120	135	1.0
120	136	1.0
120	137	1.0
120	138	1.0
68	139	1.0
68	140	1.0
68	141	1.0
68	142	1.0
68	143	1.0
68	144	1.0
68	145	1.0
68	146	1.0
68	147	1.0
68	148	1.0
68	149	1.0
68	150	1.0
68	151	1.0
68	152	1.0
68	153	1.0
68	154	1.0
68	155	1.0
68	156	1.0
68	157	1.0
68	158	1.0
68	159	1.0
68	160	1.0
68	161	1.0
68	162	1.0
68	163	1.0
68	164	1.0
68	165	1.0
68	166	1.0
68	167	1.0
68	168	1.0
68	169	1.0
68	170	1.0
68	171	1.0
68	172	1.0
68	173	1.0
68	174	1.0
68	175	1.0
68	176	1.0
68	177	1.0
68	178	1.0
68	179	1.0
68	180	1.0
68	181	1.0
68	182	1.0
68	183	1.0
68	184	1.0
68	185	1.0
68	186	1.0
68	187	1.0
68	188	1.0
68	189	1.0
68	190	1.0
68	191	1.0
68	192	1.0
68	193	1.0
68	194	1.0
68	195	1.0
68	196	1.0
68	197	1.0
68	198	1.0
68	199	1.0
39	200	1.0
200	201	1.0
200	202	1.0
200	203	1.0
200	204	1.0
200	205	1.0
200	206	1.0
200	207	1.0
200	208	1.0
200	209	1.0
200	210	1.0
210	211	1.0
210	212	1.0
210	213	1.0
210	214	1.0
210	215	1.0
210	216	1.0
210	217	1.0
210	218	1.0
210	219	1.0
210	220	1.0
210	221	1.0
210	222	1.0
210	223	1.0
210	224	1.0
210	225	1.0
210	226	1.0
210	227	1.0
210	228	1.0
210	229	1.0
229	230	1.0
229	231	1.0
229	232	1.0
229	233	1.0
229	234	1.0
229	235	1.0
229	236	1.0
229	237	1.0
229	238	1.0
229	239	1.0
229	240	1.0
210	241	1.0
210	242	1.0
210	243	1.0
210	244	1.0
210	245	1.0
210	246	1.0
210	247	1.0
210	248	1.0
210	249	1.0
210	250	1.0
210	251	1.0
210	252	1.0
210	253	1.0
210	254	1.0
210	255	1.0
210	256	1.0
210	257	1.0
210	258	1.0
210	259	1.0
210	260	1.0
210	261	1.0
210	262	1.0
210	263	1.0
210	264	1.0
210	265	1.0
210	266	1.0
210	267	1.0
210	268	1.0
210	269	1.0
210	270	1.0
210	271	1.0
210	272	1.0
210	273	1.0
210	274	1.0
210	275	1.0
210	276	1.0
210	277	1.0
210	278	1.0
210	279	1.0
210	280	1.0
210	281	1.0
210	282	1.0
210	283	1.0
210	284	1.0
210	285	1.0
210	286	1.0
210	287	1.0
210	288	1.0
210	289	1.0
210	290	1.0
210	291	1.0
210	292	1.0
210	293	1.0
210	294	1.0
210	295	1.0
210	296	1.0
210	297	1.0
210	298	1.0
210	299	1.0
210	300	1.0
210	301	1.0
210	302	1.0
210	303	1.0
210	304	1.0
210	305	1.0
210	306	1.0
210	307	1.0
210	308	1.0
210	309	1.0
210	310	1.0
210	311	1.0
210	312	1.0
210	313	1.0
210	314	1.0
210	315	1.0
210	316	1.0
210	317	1.0
210	318	1.0
210	319	1.0
210	320	1.0
210	321	1.0
210	322	1.0
210	323	1.0
210	324	1.0
210	325	1.0
210	326	1.0
210	327	1.0
210	328	1.0
210	329	1.0
210	330	1.0
210	331	1.0
210	332	1.0
210	333	1.0
210	334	1.0
210	335	1.0
210	336	1.0
210	337	1.0
210	338	1.0
210	339	1.0
210	340	1.0
210	341	1.0
210	342	1.0
210	343	1.0
210	344	1.0
210	345	1.0
210	346	1.0
210	347	1.0
210	348	1.0
210	349	1.0
210	350	1.0
210	351	1.0
210	352	1.0
210	353	1.0
210	354	1.0
210	355	1.0
210	356	1.0
210	357	1.0
210	358	1.0
210	359	1.0
210	360	1.0
210	361	1.0
210	362	1.0
210	363	1.0
210	364	1.0
210	365	1.0
210	366	1.0
210	367	1.0
210	368	1.0
210	369	1.0
210	370	1.0
210	371	1.0
210	372	1.0
210	373	1.0
210	374	1.0
210	375	1.0
210	376	1.0
210	377	1.0
210	378	1.0
210	379	1.0
210	380	1.0
210	381	1.0
210	382	1.0
210	383	1.0
210	384	1.0
210	385	1.0
210	386	1.0
210	387	1.0
210	388	1.0
210	389	1.0
210	390	1.0
210	391	1.0
210	392	1.0
210	393	1.0
210	394	1.0
210	395	1.0
210	396	1.0
210	397	1.0
210	398	1.0
398	399	1.0
398	400	1.0
398	401	1.0
398	402	1.0
210	403	1.0
210	404	1.0
210	405	1.0
210	406	1.0
210	407	1.0
210	408	1.0
210	409	1.0
210	410	1.0
410	411	1.0
410	412	1.0
410	413	1.0
410	414	1.0
410	415	1.0
410	416	1.0
410	417	1.0
410	418	1.0
410	419	1.0
410	420	1.0
410	421	1.0
210	422	1.0
210	423	1.0
210	424	1.0
210	425	1.0
210	426	1.0
210	427	1.0
210	428	1.0
210	429	1.0
210	430	1.0
210	431	1.0
210	432	1.0
210	433	1.0
210	434	1.0
210	435	1.0
210	436	1.0
210	437	1.0
210	438	1.0
210	439	1.0
210	440	1.0
210	441	1.0
210	442	1.0
210	443	1.0
210	444	1.0
210	445	1.0
210	446	1.0
210	447	1.0
210	448	1.0
210	449	1.0
210	450	1.0
210	451	1.0
210	452	1.0
210	453	1.0
210	454	1.0
210	455	1.0
210	456	1.0
210	457	1.0
210	458	1.0
210	459	1.0
210	460	1.0
460	461	1.0
460	462	1.0
460	463	1.0
460	464	1.0
460	465	1.0
210	466	1.0
210	467	1.0
210	468	1.0
210	469	1.0
469	470	1.0
469	471	1.0
469	472	1.0
469	473	1.0
469	474	1.0
469	475	1.0
469	476	1.0
469	477	1.0
469	478	1.0
469	479	1.0
469	480	1.0
469	481	1.0
469	482	1.0
469	483	1.0
469	484	1.0
469	485	1.0
469	486	1.0
469	487	1.0
469	488	1.0
469	489	1.0
469	490	1.0
469	491	1.0
491	492	1.0
491	493	1.0
491	494	1.0
491	495	1.0
491	496	1.0
491	497	1.0
491	498	1.0
469	499	1.0
469	500	1.0
469	501	1.0
469	502	1.0
469	503	1.0
469	504	1.0
469	505	1.0
469	506	1.0
469	507	1.0
469	508	1.0
469	509	1.0
469	510	1.0
469	511	1.0
469	512	1.0
469	513	1.0
469	514	1.0
469	515	1.0
469	516	1.0
469	517	1.0
469	518	1.0
469	519	1.0
469	520	1.0
469	521	1.0
469	522	1.0
469	523	1.0
469	524	1.0
469	525	1.0
469	526	1.0
469	527	1.0
469	528	1.0
469	529	1.0
469	530	1.0
469	531	1.0
469	532	1.0
469	533	1.0
469	534	1.0
469	535	1.0
469	536	1.0
469	537	1.0
469	538	1.0
469	539	1.0
469	540	1.0
469	541	1.0
469	542	1.0
469	543	1.0
469	544	1.0
469	545	1.0
469	546	1.0
469	547	1.0
469	548	1.0
469	549	1.0
469	550	1.0
469	551	1.0
469	552	1.0
469	553	1.0
469	554	1.0
469	555	1.0
469	556	1.0
469	557	1.0
469	558	1.0
469	559	1.0
469	560	1.0
469	561	1.0
469	562	1.0
469	563	1.0
469	564	1.0
469	565	1.0
469	566	1.0
469	567	1.0
567	568	1.0
567	569	1.0
567	570	1.0
567	571	1.0
567	572	1.0
567	573	1.0
567	574	1.0
469	575	1.0
469	576	1.0
469	577	1.0
469	578	1.0
469	579	1.0
469	580	1.0
469	581	1.0
469	582	1.0
469	583	1.0
469	584	1.0
469	585	1.0
469	586	1.0
469	587	1.0
469	588	1.0
469	589	1.0
469	590	1.0
469	591	1.0
469	592	1.0
469	593	1.0
469	594	1.0
469	595	1.0
469	596	1.0
469	597	1.0
469	598	1.0
469	599	1.0
469	600	1.0
469	601	1.0
469	602	1.0
469	603	1.0
469	604	1.0
469	605	1.0
469	606	1.0
469	607	1.0
469	608	1.0
469	609	1.0
469	610	1.0
469	611	1.0
469	612	1.0
469	613	1.0
469	614	1.0
469	615	1.0
469	616	1.0
469	617	1.0
469	618	1.0
469	619	1.0
469	620	1.0
469	621	1.0
469	622	1.0
469	623	1.0
469	624	1.0
469	625	1.0
469	626	1.0
469	627	1.0
469	628	1.0
469	629	1.0
469	630	1.0
469	631	1.0
469	632	1.0
469	633	1.0
469	634	1.0
469	635	1.0
469	636	1.0
469	637	1.0
469	638	1.0
469	639	1.0
469	640	1.0
469	641	1.0
469	642	1.0
469	643	1.0
469	644	1.0
469	645	1.0
469	646	1.0
469	647	1.0
469	648	1.0
469	649	1.0
469	650	1.0
469	651	1.0
469	652	1.0
469	653	1.0
469	654	1.0
469	655	1.0
469	656	1.0
469	657	1.0
469	658	1.0
469	659	1.0
469	660	1.0
469	661	1.0
469	662	1.0
469	663	1.0
469	664	1.0
469	665	1.0
469	666	1.0
469	667	1.0
469	668	1.0
469	669	1.0
469	670	1.0
469	671	1.0
469	672	1.0
469	673	1.0
469	674	1.0
674	675	1.0
674	676	1.0
674	677	1.0
674	678	1.0
469	679	1.0
469	680	1.0
469	681	1.0
469	682	1.0
469	683	1.0
469	684	1.0
469	685	1.0
469	686	1.0
469	687	1.0
469	688	1.0
469	689	1.0
469	690	1.0
469	691	1.0
469	692	1.0
469	693	1.0
469	694	1.0
469	695	1.0
469	696	1.0
469	697	1.0
469	698	1.0
469	699	1.0
469	700	1.0
469	701	1.0
469	702	1.0
469	703	1.0
469	704	1.0
469	705	1.0
469	706	1.0
469	707	1.0
469	708	1.0
469	709	1.0
469	710	1.0
469	711	1.0
469	712	1.0
469	713	1.0
469	714	1.0
469	715	1.0
469	716	1.0
469	717	1.0
469	718	1.0
469	719	1.0
469	720	1.0
469	721	1.0
469	722	1.0
469	723	1.0
469	724	1.0
469	725	1.0
469	726	1.0
469	727	1.0
469	728	1.0
469	729	1.0
469	730	1.0
469	731	1.0
469	732	1.0
469	733	1.0
469	734	1.0
469	735	1.0
469	736	1.0
469	737	1.0
469	738	1.0
469	739	1.0
469	740	1.0
469	741	1.0
469	742	1.0
469	743	1.0
469	744	1.0
469	745	1.0
469	746	1.0
469	747	1.0
469	748	1.0
469	749	1.0
469	750	1.0
469	751	1.0
469	752	1.0
469	753	1.0
469	754	1.0
469	755	1.0
469	756	1.0
469	757	1.0
469	758	1.0
469	759	1.0
469	760	1.0
469	761	1.0
469	762	1.0
469	763	1.0
469	764	1.0
469	765	1.0
469	766	1.0
469	767	1.0
210	768	1.0
210	769	1.0
210	770	1.0
210	771	1.0
210	772	1.0
210	773	1.0
210	774	1.0
210	775	1.0
210	776	1.0
210	777	1.0
210	778	1.0
210	779	1.0
210	780	1.0
210	781	1.0
210	782	1.0
210	783	1.0
210	784	1.0
210	785	1.0
210	786	1.0
210	787	1.0
210	788	1.0
210	789	1.0
210	790	1.0
210	791	1.0
210	792	1.0
210	793	1.0
210	794	1.0
210	795	1.0
210	796	1.0
210	797	1.0
210	798	1.0
210	799	1.0
210	800	1.0
210	801	1.0
210	802	1.0
210	803	1.0
210	804	1.0
804	805	1.0
804	806	1.0
804	807	1.0
804	808	1.0
804	809	1.0
804	810	1.0
804	811	1.0
804	812	1.0
804	813	1.0
804	814	1.0
804	815	1.0
804	816	1.0
804	817	1.0
804	818	1.0
804	819	1.0
804	820	1.0
804	821	1.0
804	822	1.0
804	823	1.0
804	824	1.0
804	825	1.0
804	826	1.0
804	827	1.0
804	828	1.0
804	829	1.0
804	830	1.0
804	831	1.0
804	832	1.0
804	833	1.0
804	834	1.0
804	835	1.0
804	836	1.0
804	837	1.0
804	838	1.0
804	839	1.0
804	840	1.0
804	841	1.0
804	842	1.0
804	843	1.0
804	844	1.0
804	845	1.0
804	846	1.0
804	847	1.0
804	848	1.0
804	849	1.0
804	850	1.0
804	851	1.0
804	852	1.0
804	853	1.0
804	854	1.0
804	855	1.0
804	856	1.0
804	857	1.0
804	858	1.0
804	859	1.0
210	860	1.0
210	861	1.0
210	862	1.0
210	863	1.0
210	864	1.0
210	865	1.0
210	866	1.0
210	867	1.0
210	868	1.0
210	869	1.0
210	870	1.0
210	871	1.0
210	872	1.0
210	873	1.0
210	874	1.0
210	875	1.0
210	876	1.0
210	877	1.0
210	878	1.0
210	879	1.0
210	880	1.0
210	881	1.0
210	882	1.0
210	883	1.0
210	884	1.0
210	885	1.0
210	886	1.0
210	887	1.0
210	888	1.0
210	889	1.0
210	890	1.0
210	891	1.0
210	892	1.0
210	893	1.0
210	894	1.0
210	895	1.0
210	896	1.0
210	897	1.0
210	898	1.0
210	899	1.0
210	900	1.0
210	901	1.0
210	902	1.0
902	903	1.0
902	904	1.0
902	905	1.0
902	906	1.0
902	907	1.0
902	908	1.0
902	909	1.0
902	910	1.0
902	911	1.0
902	912	1.0
902	913	1.0
210	914	1.0
210	915	1.0
210	916	1.0
210	917	1.0
210	918	1.0
210	919	1.0
210	920	1.0
210	921	1.0
210	922	1.0
210	923	1.0
210	924	1.0
210	925	1.0
210	926	1.0
210	927	1.0
210	928	1.0
210	929	1.0
210	930	1.0
210	931	1.0
210	932	1.0
210	933	1.0
210	934	1.0
210	935	1.0
210	936	1.0
210	937	1.0
210	938	1.0
210	939	1.0
210	940	1.0
210	941	1.0
210	942	1.0
210	943	1.0
210	944	1.0
210	945	1.0
210	946	1.0
210	947	1.0
210	948	1.0
210	949	1.0
210	950	1.0
210	951	1.0
210	952	1.0
210	953	1.0
210	954	1.0
210	955	1.0
210	956	1.0
210	957	1.0
210	958	1.0
210	959	1.0
210	960	1.0
210	961	1.0
210	962	1.0
210	963	1.0
210	964	1.0
210	965	1.0
210	966	1.0
210	967	1.0
210	968	1.0
210	969	1.0
210	970	1.0
210	971	1.0
210	972	1.0
210	973	1.0
210	974	1.0
210	975	1.0
210	976	1.0
210	977	1.0
210	978	1.0
210	979	1.0
210	980	1.0
210	981	1.0
210	982	1.0
210	983	1.0
210	984	1.0
210	985	1.0
210	986	1.0
210	987	1.0
210	988	1.0
210	989	1.0
210	990	1.0
210	991	1.0
210	992	1.0
210	993	1.0
210	994	1.0
210	995	1.0
210	996	1.0
210	997	1.0
210	998	1.0
210	999	1.0
210	1000	1.0
210	1001	1.0
210	1002	1.0
210	1003	1.0
210	1004	1.0
210	1005	1.0
210	1006	1.0
210	1007	1.0
210	1008	1.0
210	1009	1.0
210	1010	1.0
210	1011	1.0
210	1012	1.0
210	1013	1.0
210	1014	1.0
210	1015	1.0
210	1016	1.0
210	1017	1.0
210	1018	1.0
210	1019	1.0
210	1020	1.0
210	1021	1.0
210	1022	1.0
210	1023	1.0
210	1024	1.0
210	1025	1.0
210	1026	1.0
210	1027	1.0
210	1028	1.0
210	1029	1.0
210	1030	1.0
210	1031	1.0
210	1032	1.0
210	1033	1.0
210	1034	1.0
210	1035	1.0
210	1036	1.0
210	1037	1.0
210	1038	1.0
210	1039	1.0
210	1040	1.0
210	1041	1.0
210	1042	1.0
210	1043	1.0
210	1044	1.0
210	1045	1.0
210	1046	1.0
210	1047	1.0
210	1048	1.0
210	1049	1.0
210	1050	1.0
210	1051	1.0
210	1052	1.0
210	1053	1.0
210	1054	1.0
210	1055	1.0
210	1056	1.0
210	1057	1.0
1057	1058	1.0
1057	1059	1.0
1057	1060	1.0
1057	1061	1.0
1057	1062	1.0
1057	1063	1.0
1057	1064	1.0
1057	1065	1.0
1057	1066	1.0
1057	1067	1.0
1057	1068	1.0
1057	1069	1.0
1057	1070	1.0
1057	1071	1.0
1057	1072	1.0
1057	1073	1.0
1057	1074	1.0
1057	1075	1.0
1057	1076	1.0
1057	1077	1.0
1057	1078	1.0
1057	1079	1.0
1057	1080	1.0
1057	1081	1.0
1057	1082	1.0
1057	1083	1.0
1057	1084	1.0
1057	1085	1.0
1057	1086	1.0
1057	1087	1.0
1057	1088	1.0
1057	1089	1.0
1057	1090	1.0
1057	1091	1.0
1057	1092	1.0
1057	1093	1.0
1057	1094	1.0
1057	1095	1.0
1057	1096	1.0
210	1097	1.0
210	1098	1.0
210	1099	1.0
210	1100	1.0
210	1101	1.0
210	1102	1.0
210	1103	1.0
210	1104	1.0
210	1105	1.0
210	1106	1.0
210	1107	1.0
210	1108	1.0
210	1109	1.0
210	1110	1.0
210	1111	1.0
210	1112	1.0
210	1113	1.0
210	1114	1.0
210	1115	1.0
210	1116	1.0
210	1117	1.0
210	1118	1.0
210	1119	1.0
210	1120	1.0
210	1121	1.0
210	1122	1.0
210	1123	1.0
210	1124	1.0
210	1125	1.0
210	1126	1.0
210	1127	1.0
210	1128	1.0
210	1129	1.0
210	1130	1.0
210	1131	1.0
210	1132	1.0
210	1133	1.0
210	1134	1.0
210	1135	1.0
210	1136	1.0
210	1137	1.0
210	1138	1.0
210	1139	1.0
1139	1140	1.0
1139	1141	1.0
1139	1142	1.0
1139	1143	1.0
1139	1144	1.0
1139	1145	1.0
1139	1146	1.0
1139	1147	1.0
1139	1148	1.0
1139	1149	1.0
1139	1150	1.0
1139	1151	1.0
1139	1152	1.0
1139	1153	1.0
1139	1154	1.0
1139	1155	1.0
1139	1156	1.0
1139	1157	1.0
1139	1158	1.0
210	1159	1.0
210	1160	1.0
210	1161	1.0
210	1162	1.0
210	1163	1.0
210	1164	1.0
210	1165	1.0
210	1166	1.0
210	1167	1.0
210	1168	1.0
210	1169	1.0
210	1170	1.0
210	1171	1.0
210	1172	1.0
210	1173	1.0
210	1174	1.0
210	1175	1.0
210	1176	1.0
210	1177	1.0
210	1178	1.0
210	1179	1.0
210	1180	1.0
210	1181	1.0
210	1182	1.0
210	1183	1.0
210	1184	1.0
210	1185	1.0
210	1186	1.0
210	1187	1.0
210	1188	1.0
210	1189	1.0
210	1190	1.0
210	1191	1.0
210	1192	1.0
210	1193	1.0
210	1194	1.0
210	1195	1.0
210	1196	1.0
210	1197	1.0
210	1198	1.0
210	1199	1.0
210	1200	1.0
210	1201	1.0
210	1202	1.0
210	1203	1.0
210	1204	1.0
210	1205	1.0
210	1206	1.0
210	1207	1.0
210	1208	1.0
210	1209	1.0
210	1210	1.0
210	1211	1.0
210	1212	1.0
210	1213	1.0
210	1214	1.0
210	1215	1.0
210	1216	1.0
210	1217	1.0
210	1218	1.0
210	1219	1.0
210	1220	1.0
210	1221	1.0
210	1222	1.0
210	1223	1.0
210	1224	1.0
210	1225	1.0
210	1226	1.0
210	1227	1.0
210	1228	1.0
210	1229	1.0
210	1230	1.0
210	1231	1.0
210	1232	1.0
210	1233	1.0
210	1234	1.0
210	1235	1.0
210	1236	1.0
210	1237	1.0
210	1238	1.0
210	1239	1.0
210	1240	1.0
210	1241	1.0
210	1242	1.0
210	1243	1.0
210	1244	1.0
210	1245	1.0
210	1246	1.0
210	1247	1.0
210	1248	1.0
210	1249	1.0
210	1250	1.0
210	1251	1.0
210	1252	1.0
210	1253	1.0
210	1254	1.0
1254	1255	1.0
1254	1256	1.0
1254	1257	1.0
1254	1258	1.0
1254	1259	1.0
1254	1260	1.0
1254	1261	1.0
1254	1262	1.0
1254	1263	1.0
1254	1264	1.0
1254	1265	1.0
1254	1266	1.0
210	1267	1.0
210	1268	1.0
210	1269	1.0
210	1270	1.0
210	1271	1.0
210	1272	1.0
210	1273	1.0
210	1274	1.0
210	1275	1.0
210	1276	1.0
210	1277	1.0
210	1278	1.0
210	1279	1.0
210	1280	1.0
210	1281	1.0
210	1282	1.0
210	1283	1.0
210	1284	1.0
210	1285	1.0
210	1286	1.0
210	1287	1.0
210	1288	1.0
210	1289	1.0
210	1290	1.0
210	1291	1.0
210	1292	1.0
210	1293	1.0
210	1294	1.0
210	1295	1.0
210	1296	1.0
210	1297	1.0
1297	1298	1.0
1297	1299	1.0
1297	1300	1.0
1297	1301	1.0
210	1302	1.0
210	1303	1.0
210	1304	1.0
210	1305	1.0
210	1306	1.0
210	1307	1.0
210	1308	1.0
210	1309	1.0
210	1310	1.0
210	1311	1.0
210	1312	1.0
210	1313	1.0
210	1314	1.0
210	1315	1.0
1315	1316	1.0
1315	1317	1.0
1315	1318	1.0
1315	1319	1.0
1315	1320	1.0
210	1321	1.0
210	1322	1.0
210	1323	1.0
210	1324	1.0
210	1325	1.0
210	1326	1.0
210	1327	1.0
210	1328	1.0
210	1329	1.0
210	1330	1.0
210	1331	1.0
210	1332	1.0
210	1333	1.0
210	1334	1.0
210	1335	1.0
210	1336	1.0
210	1337	1.0
210	1338	1.0
210	1339	1.0
210	1340	1.0
210	1341	1.0
210	1342	1.0
210	1343	1.0
210	1344	1.0
210	1345	1.0
210	1346	1.0
210	1347	1.0
210	1348	1.0
210	1349	1.0
210	1350	1.0
210	1351	1.0
210	1352	1.0
210	1353	1.0
210	1354	1.0
210	1355	1.0
210	1356	1.0
210	1357	1.0
210	1358	1.0
210	1359	1.0
210	1360	1.0
210	1361	1.0
210	1362	1.0
210	1363	1.0
210	1364	1.0
210	1365	1.0
210	1366	1.0
210	1367	1.0
210	1368	1.0
210	1369	1.0
210	1370	1.0
210	1371	1.0
210	1372	1.0
210	1373	1.0
210	1374	1.0
210	1375	1.0
210	1376	1.0
210	1377	1.0
210	1378	1.0
210	1379	1.0
210	1380	1.0
210	1381	1.0
210	1382	1.0
210	1383	1.0
210	1384	1.0
210	1385	1.0
210	1386	1.0
210	1387	1.0
210	1388	1.0
210	1389	1.0
210	1390	1.0
210	1391	1.0
210	1392	1.0
210	1393	1.0
210	1394	1.0
210	1395	1.0
210	1396	1.0
210	1397	1.0
210	1398	1.0
210	1399	1.0
210	1400	1.0
210	1401	1.0
210	1402	1.0
210	1403	1.0
210	1404	1.0
210	1405	1.0
210	1406	1.0
210	1407	1.0
210	1408	1.0
210	1409	1.0
210	1410	1.0
210	1411	1.0
210	1412	1.0
210	1413	1.0
210	1414	1.0
210	1415	1.0
210	1416	1.0
210	1417	1.0
210	1418	1.0
210	1419	1.0
210	1420	1.0
210	1421	1.0
210	1422	1.0
210	1423	1.0
210	1424	1.0
210	1425	1.0
210	1426	1.0
210	1427	1.0
210	1428	1.0
210	1429	1.0
210	1430	1.0
210	1431	1.0
210	1432	1.0
210	1433	1.0
210	1434	1.0
210	1435	1.0
210	1436	1.0
210	1437	1.0
210	1438	1.0
210	1439	1.0
210	1440	1.0
210	1441	1.0
210	1442	1.0
210	1443	1.0
210	1444	1.0
210	1445	1.0
210	1446	1.0
210	1447	1.0
210	1448	1.0
210	1449	1.0
210	1450	1.0
210	1451	1.0
210	1452	1.0
210	1453	1.0
210	1454	1.0
210	1455	1.0
210	1456	1.0
210	1457	1.0
210	1458	1.0
210	1459	1.0
210	1460	1.0
210	1461	1.0
210	1462	1.0
210	1463	1.0
210	1464	1.0
210	1465	1.0
210	1466	1.0
210	1467	1.0
210	1468	1.0
210	1469	1.0
210	1470	1.0
210	1471	1.0
210	1472	1.0
210	1473	1.0
210	1474	1.0
210	1475	1.0
210	1476	1.0
210	1477	1.0
210	1478	1.0
210	1479	1.0
210	1480	1.0
210	1481	1.0
210	1482	1.0
210	1483	1.0
210	1484	1.0
210	1485	1.0
210	1486	1.0
210	1487	1.0
210	1488	1.0
210	1489	1.0
210	1490	1.0
210	1491	1.0
210	1492	1.0
210	1493	1.0
210	1494	1.0
210	1495	1.0
210	1496	1.0
210	1497	1.0
210	1498	1.0
210	1499	1.0
210	1500	1.0
210	1501	1.0
210	1502	1.0
210	1503	1.0
210	1504	1.0
210	1505	1.0
210	1506	1.0
210	1507	1.0
210	1508	1.0
210	1509	1.0
210	1510	1.0
210	1511	1.0
210	1512	1.0
210	1513	1.0
210	1514	1.0
210	1515	1.0
210	1516	1.0
210	1517	1.0
210	1518	1.0
1518	1519	1.0
1518	1520	1.0
1518	1521	1.0
1518	1522	1.0
1518	1523	1.0
1518	1524	1.0
1518	1525	1.0
1518	1526	1.0
1518	1527	1.0
1518	1528	1.0
1518	1529	1.0
1518	1530	1.0
1518	1531	1.0
1518	1532	1.0
210	1533	1.0
210	1534	1.0
210	1535	1.0
210	1536	1.0
210	1537	1.0
210	1538	1.0
210	1539	1.0
210	1540	1.0
210	1541	1.0
210	1542	1.0
210	1543	1.0
210	1544	1.0
210	1545	1.0
210	1546	1.0
210	1547	1.0
210	1548	1.0
210	1549	1.0
210	1550	1.0
210	1551	1.0
210	1552	1.0
210	1553	1.0
210	1554	1.0
210	1555	1.0
210	1556	1.0
210	1557	1.0
210	1558	1.0
210	1559	1.0
210	1560	1.0
210	1561	1.0
210	1562	1.0
210	1563	1.0
210	1564	1.0
210	1565	1.0
210	1566	1.0
210	1567	1.0
210	1568	1.0
210	1569	1.0
210	1570	1.0
210	1571	1.0
210	1572	1.0
210	1573	1.0
210	1574	1.0
210	1575	1.0
210	1576	1.0
210	1577	1.0
210	1578	1.0
210	1579	1.0
210	1580	1.0
210	1581	1.0
210	1582	1.0
210	1583	1.0
210	1584	1.0
210	1585	1.0
210	1586	1.0
210	1587	1.0
210	1588	1.0
210	1589	1.0
210	1590	1.0
210	1591	1.0
210	1592	1.0
210	1593	1.0
210	1594	1.0
210	1595	1.0
210	1596	1.0
210	1597	1.0
210	1598	1.0
210	1599	1.0
210	1600	1.0
210	1601	1.0
210	1602	1.0
210	1603	1.0
210	1604	1.0
210	1605	1.0
210	1606	1.0
210	1607	1.0
210	1608	1.0
210	1609	1.0
210	1610	1.0
210	1611	1.0
210	1612	1.0
210	1613	1.0
210	1614	1.0
210	1615	1.0
210	1616	1.0
210	1617	1.0
210	1618	1.0
210	1619	1.0
210	1620	1.0
210	1621	1.0
210	1622	1.0
210	1623	1.0
210	1624	1.0
210	1625	1.0
210	1626	1.0
210	1627	1.0
210	1628	1.0
210	1629	1.0
210	1630	1.0
210	1631	1.0
210	1632	1.0
210	1633	1.0
210	1634	1.0
210	1635	1.0
210	1636	1.0
210	1637	1.0
210	1638	1.0
210	1639	1.0
210	1640	1.0
210	1641	1.0
210	1642	1.0
210	1643	1.0
210	1644	1.0
210	1645	1.0
210	1646	1.0
210	1647	1.0
210	1648	1.0
210	1649	1.0
210	1650	1.0
210	1651	1.0
210	1652	1.0
210	1653	1.0
210	1654	1.0
210	1655	1.0
210	1656	1.0
210	1657	1.0
210	1658	1.0
210	1659	1.0
210	1660	1.0
1660	1661	1.0
1660	1662	1.0
1660	1663	1.0
1660	1664	1.0
210	1665	1.0
210	1666	1.0
210	1667	1.0
210	1668	1.0
210	1669	1.0
210	1670	1.0
210	1671	1.0
210	1672	1.0
210	1673	1.0
210	1674	1.0
210	1675	1.0
210	1676	1.0
210	1677	1.0
210	1678	1.0
210	1679	1.0
210	1680	1.0
210	1681	1.0
210	1682	1.0
210	1683	1.0
210	1684	1.0
210	1685	1.0
210	1686	1.0
210	1687	1.0
210	1688	1.0
210	1689	1.0
210	1690	1.0
210	1691	1.0
210	1692	1.0
210	1693	1.0
210	1694	1.0
210	1695	1.0
210	1696	1.0
210	1697	1.0
210	1698	1.0
210	1699	1.0
210	1700	1.0
210	1701	1.0
210	1702	1.0
210	1703	1.0
210	1704	1.0
210	1705	1.0
210	1706	1.0
210	1707	1.0
210	1708	1.0
210	1709	1.0
210	1710	1.0
210	1711	1.0
210	1712	1.0
210	1713	1.0
210	1714	1.0
210	1715	1.0
210	1716	1.0
210	1717	1.0
210	1718	1.0
210	1719	1.0
210	1720	1.0
210	1721	1.0
210	1722	1.0
210	1723	1.0
210	1724	1.0
210	1725	1.0
210	1726	1.0
210	1727	1.0
210	1728	1.0
210	1729	1.0
210	1730	1.0
210	1731	1.0
210	1732	1.0
210	1733	1.0
210	1734	1.0
210	1735	1.0
210	1736	1.0
210	1737	1.0
210	1738	1.0
210	1739	1.0
210	1740	1.0
210	1741	1.0
210	1742	1.0
210	1743	1.0
210	1744	1.0
210	1745	1.0
210	1746	1.0
210	1747	1.0
210	1748	1.0
210	1749	1.0
210	1750	1.0
210	1751	1.0
210	1752	1.0
210	1753	1.0
210	1754	1.0
210	1755	1.0
210	1756	1.0
210	1757	1.0
210	1758	1.0
210	1759	1.0
210	1760	1.0
210	1761	1.0
210	1762	1.0
210	1763	1.0
210	1764	1.0
210	1765	1.0
210	1766	1.0
210	1767	1.0
210	1768	1.0
210	1769	1.0
210	1770	1.0
210	1771	1.0
210	1772	1.0
210	1773	1.0
210	1774	1.0
210	1775	1.0
210	1776	1.0
210	1777	1.0
210	1778	1.0
210	1779	1.0
210	1780	1.0
210	1781	1.0
210	1782	1.0
210	1783	1.0
210	1784	1.0
210	1785	1.0
210	1786	1.0
210	1787	1.0
210	1788	1.0
210	1789	1.0
210	1790	1.0
210	1791	1.0
210	1792	1.0
210	1793	1.0
210	1794	1.0
210	1795	1.0
210	1796	1.0
210	1797	1.0
210	1798	1.0
210	1799	1.0
210	1800	1.0
210	1801	1.0
210	1802	1.0
210	1803	1.0
210	1804	1.0
210	1805	1.0
210	1806	1.0
210	1807	1.0
210	1808	1.0
210	1809	1.0
210	1810	1.0
210	1811	1.0
210	1812	1.0
210	1813	1.0
210	1814	1.0
210	1815	1.0
210	1816	1.0
210	1817	1.0
210	1818	1.0
210	1819	1.0
210	1820	1.0
210	1821	1.0
210	1822	1.0
210	1823	1.0
210	1824	1.0
210	1825	1.0
210	1826	1.0
210	1827	1.0
210	1828	1.0
210	1829	1.0
210	1830	1.0
210	1831	1.0
210	1832	1.0
210	1833	1.0
210	1834	1.0
210	1835	1.0
210	1836	1.0
210	1837	1.0
210	1838	1.0
210	1839	1.0
210	1840	1.0
210	1841	1.0
210	1842	1.0
210	1843	1.0
210	1844	1.0
200	1845	1.0
200	1846	1.0
200	1847	1.0
200	1848	1.0
200	1849	1.0
200	1850	1.0
200	1851	1.0
200	1852	1.0
200	1853	1.0
200	1854	1.0
200	1855	1.0
200	1856	1.0
200	1857	1.0
200	1858	1.0
200	1859	1.0
200	1860	1.0
200	1861	1.0
200	1862	1.0
200	1863	1.0
200	1864	1.0
200	1865	1.0
200	1866	1.0
200	1867	1.0
200	1868	1.0
200	1869	1.0
200	1870	1.0
200	1871	1.0
200	1872	1.0
200	1873	1.0
200	1874	1.0
200	1875	1.0
200	1876	1.0
200	1877	1.0
200	1878	1.0
200	1879	1.0
200	1880	1.0
200	1881	1.0
200	1882	1.0
200	1883	1.0
200	1884	1.0
200	1885	1.0
200	1886	1.0
1886	1887	1.0
1886	1888	1.0
1886	1889	1.0
1886	1890	1.0
1886	1891	1.0
1886	1892	1.0
1886	1893	1.0
1886	1894	1.0
1886	1895	1.0
1886	1896	1.0
1886	1897	1.0
1886	1898	1.0
1886	1899	1.0
200	1900	1.0
200	1901	1.0
200	1902	1.0
200	1903	1.0
200	1904	1.0
200	1905	1.0
200	1906	1.0
200	1907	1.0
200	1908	1.0
200	1909	1.0
200	1910	1.0
200	1911	1.0
200	1912	1.0
200	1913	1.0
200	1914	1.0
200	1915	1.0
200	1916	1.0
200	1917	1.0
200	1918	1.0
200	1919	1.0
200	1920	1.0
200	1921	1.0
200	1922	1.0
200	1923	1.0
200	1924	1.0
200	1925	1.0
200	1926	1.0
200	1927	1.0
200	1928	1.0
200	1929	1.0
200	1930	1.0
200	1931	1.0
200	1932	1.0
200	1933	1.0
200	1934	1.0
200	1935	1.0
200	1936	1.0
200	1937	1.0
200	1938	1.0
200	1939	1.0
200	1940	1.0
200	1941	1.0
200	1942	1.0
200	1943	1.0
200	1944	1.0
200	1945	1.0
200	1946	1.0
200	1947	1.0
200	1948	1.0
200	1949	1.0
200	1950	1.0
200	1951	1.0
200	1952	1.0
200	1953	1.0
200	1954	1.0
200	1955	1.0
200	1956	1.0
200	1957	1.0
200	1958	1.0
200	1959	1.0
200	1960	1.0
200	1961	1.0
200	1962	1.0
200	1963	1.0
200	1964	1.0
200	1965	1.0
200	1966	1.0
200	1967	1.0
200	1968	1.0
200	1969	1.0
200	1970	1.0
200	1971	1.0
200	1972	1.0
200	1973	1.0
200	1974	1.0
200	1975	1.0
200	1976	1.0
200	1977	1.0
200	1978	1.0
200	1979	1.0
200	1980	1.0
1980	1981	1.0
1980	1982	1.0
1980	1983	1.0
1980	1984	1.0
1980	1985	1.0
200	1986	1.0
200	1987	1.0
200	1988	1.0
200	1989	1.0
200	1990	1.0
200	1991	1.0
200	1992	1.0
200	1993	1.0
200	1994	1.0
200	1995	1.0
200	1996	1.0
1996	1997	1.0
1996	1998	1.0
1996	1999	1.0
1996	2000	1.0
1996	2001	1.0
1996	2002	1.0
1996	2003	1.0
34	2004	1.0
34	2005	1.0
34	2006	1.0
17	2007	1.0
17	2008	1.0
17	2009	1.0
17	2010	1.0
17	2011	1.0
17	2012	1.0
17	2013	1.0
17	2014	1.0
17	2015	1.0
17	2016	1.0
17	2017	1.0
17	2018	1.0
17	2019	1.0
17	2020	1.0
17	2021	1.0
17	2022	1.0
17	2023	1.0
17	2024	1.0
17	2025	1.0
17	2026	1.0
17	2027	1.0
17	2028	1.0
17	2029	1.0
17	2030	1.0
8	2031	1.0
8	2032	1.0
5	2033	1.0
5	2034	1.0
5	2035	1.0
5	2036	1.0
4	2037	1.0
