0	1	1.0
0	2	1.0
0	3	1.0
0	4	1.0
0	5	1.0
0	6	1.0
0	7	1.0
0	8	1.0
0	9	1.0
0	10	1.0
0	11	1.0
0	12	1.0
0	13	1.0
0	14	1.0
0	15	1.0
0	16	1.0
0	17	1.0
0	18	1.0
0	19	1.0
0	20	1.0
0	21	1.0
0	22	1.0
0	23	1.0
0	24	1.0
0	25	1.0
0	26	1.0
0	27	1.0
0	28	1.0
0	29	1.0
0	30	1.0
0	31	1.0
0	32	1.0
0	33	1.0
0	34	1.0
0	35	1.0
0	36	1.0
0	37	1.0
37	38	1.0
37	39	1.0
37	40	1.0
37	41	1.0
37	42	1.0
37	43	1.0
37	44	1.0
37	45	1.0
37	46	1.0
37	47	1.0
37	48	1.0
37	49	1.0
37	50	1.0
37	51	1.0
37	52	1.0
0	53	1.0
0	54	1.0
0	55	1.0
0	56	1.0
0	57	1.0
0	58	1.0
0	59	1.0
0	60	1.0
0	61	1.0
0	62	1.0
0	63	1.0
0	64	1.0
0	65	1.0
0	66	1.0
0	67	1.0
0	68	1.0
0	69	1.0
0	70	1.0
0	71	1.0
0	72	1.0
0	73	1.0
0	74	1.0
0	75	1.0
0	76	1.0
0	77	1.0
0	78	1.0
0	79	1.0
0	80	1.0
0	81	1.0
0	82	1.0
0	83	1.0
0	84	1.0
0	85	1.0
0	86	1.0
0	87	1.0
0	88	1.0
0	89	1.0
0	90	1.0
0	91	1.0
0	92	1.0
0	93	1.0
0	94	1.0
0	95	1.0
0	96	1.0
0	97	1.0
97	98	1.0
97	99	1.0
97	100	1.0
97	101	1.0
97	102	1.0
97	103	1.0
97	104	1.0
97	105	1.0
97	106	1.0
97	107	1.0
97	108	1.0
97	109	1.0
97	110	1.0
97	111	1.0
97	112	1.0
97	113	1.0
97	114	1.0
97	115	1.0
97	116	1.0
97	117	1.0
97	118	1.0
97	119	1.0
97	120	1.0
97	121	1.0
97	122	1.0
97	123	1.0
97	124	1.0
97	125	1.0
97	126	1.0
97	127	1.0
97	128	1.0
97	129	1.0
97	130	1.0
97	131	1.0
97	132	1.0
97	133	1.0
97	134	1.0
97	135	1.0
97	136	1.0
97	137	1.0
97	138	1.0
97	139	1.0
97	140	1.0
97	141	1.0
97	142	1.0
97	143	1.0
97	144	1.0
97	145	1.0
97	146	1.0
97	147	1.0
97	148	1.0
97	149	1.0
97	150	1.0
97	151	1.0
97	152	1.0
97	153	1.0
97	154	1.0
97	155	1.0
97	156	1.0
97	157	1.0
97	158	1.0
97	159	1.0
97	160	1.0
97	161	1.0
97	162	1.0
97	163	1.0
97	164	1.0
97	165	1.0
97	166	1.0
166	167	1.0
166	168	1.0
166	169	1.0
166	170	1.0
166	171	1.0
166	172	1.0
97	173	1.0
97	174	1.0
97	175	1.0
97	176	1.0
97	177	1.0
177	178	1.0
177	179	1.0
177	180	1.0
177	181	1.0
97	182	1.0
97	183	1.0
97	184	1.0
97	185	1.0
97	186	1.0
97	187	1.0
97	188	1.0
97	189	1.0
97	190	1.0
97	191	1.0
97	192	1.0
97	193	1.0
97	194	1.0
97	195	1.0
97	196	1.0
97	197	1.0
97	198	1.0
198	199	1.0
198	200	1.0
198	201	1.0
198	202	1.0
198	203	1.0
198	204	1.0
97	205	1.0
97	206	1.0
97	207	1.0
97	208	1.0
97	209	1.0
97	210	1.0
97	211	1.0
97	212	1.0
97	213	1.0
97	214	1.0
97	215	1.0
97	216	1.0
97	217	1.0
97	218	1.0
97	219	1.0
97	220	1.0
97	221	1.0
97	222	1.0
97	223	1.0
97	224	1.0
97	225	1.0
97	226	1.0
97	227	1.0
97	228	1.0
97	229	1.0
97	230	1.0
97	231	1.0
97	232	1.0
97	233	1.0
97	234	1.0
97	235	1.0
97	236	1.0
97	237	1.0
97	238	1.0
97	239	1.0
97	240	1.0
97	241	1.0
97	242	1.0
97	243	1.0
97	244	1.0
97	245	1.0
97	246	1.0
97	247	1.0
97	248	1.0
97	249	1.0
97	250	1.0
97	251	1.0
97	252	1.0
97	253	1.0
97	254	1.0
97	255	1.0
97	256	1.0
97	257	1.0
97	258	1.0
97	259	1.0
97	260	1.0
97	261	1.0
261	262	1.0
261	263	1.0
261	264	1.0
261	265	1.0
97	266	1.0
97	267	1.0
97	268	1.0
97	269	1.0
97	270	1.0
97	271	1.0
97	272	1.0
97	273	1.0
97	274	1.0
97	275	1.0
97	276	1.0
97	277	1.0
97	278	1.0
97	279	1.0
97	280	1.0
97	281	1.0
97	282	1.0
97	283	1.0
97	284	1.0
97	285	1.0
97	286	1.0
97	287	1.0
97	288	1.0
97	289	1.0
97	290	1.0
97	291	1.0
97	292	1.0
292	293	1.0
292	294	1.0
292	295	1.0
292	296	1.0
292	297	1.0
292	298	1.0
292	299	1.0
292	300	1.0
97	301	1.0
97	302	1.0
97	303	1.0
97	304	1.0
97	305	1.0
97	306	1.0
97	307	1.0
97	308	1.0
97	309	1.0
97	310	1.0
97	311	1.0
97	312	1.0
97	313	1.0
97	314	1.0
97	315	1.0
97	316	1.0
97	317	1.0
97	318	1.0
97	319	1.0
97	320	1.0
97	321	1.0
97	322	1.0
97	323	1.0
97	324	1.0
97	325	1.0
97	326	1.0
97	327	1.0
97	328	1.0
97	329	1.0
97	330	1.0
97	331	1.0
97	332	1.0
97	333	1.0
97	334	1.0
97	335	1.0
97	336	1.0
97	337	1.0
97	338	1.0
97	339	1.0
97	340	1.0
97	341	1.0
97	342	1.0
97	343	1.0
97	344	1.0
97	345	1.0
97	346	1.0
97	347	1.0
97	348	1.0
97	349	1.0
97	350	1.0
97	351	1.0
97	352	1.0
97	353	1.0
97	354	1.0
97	355	1.0
97	356	1.0
97	357	1.0
97	358	1.0
97	359	1.0
97	360	1.0
97	361	1.0
97	362	1.0
97	363	1.0
97	364	1.0
97	365	1.0
97	366	1.0
97	367	1.0
97	368	1.0
97	369	1.0
97	370	1.0
97	371	1.0
97	372	1.0
97	373	1.0
97	374	1.0
97	375	1.0
97	376	1.0
97	377	1.0
97	378	1.0
97	379	1.0
97	380	1.0
97	381	1.0
97	382	1.0
97	383	1.0
97	384	1.0
97	385	1.0
97	386	1.0
97	387	1.0
97	388	1.0
97	389	1.0
97	390	1.0
97	391	1.0
97	392	1.0
97	393	1.0
97	394	1.0
97	395	1.0
97	396	1.0
97	397	1.0
97	398	1.0
97	399	1.0
97	400	1.0
97	401	1.0
97	402	1.0
97	403	1.0
97	404	1.0
97	405	1.0
97	406	1.0
97	407	1.0
97	408	1.0
97	409	1.0
97	410	1.0
97	411	1.0
97	412	1.0
97	413	1.0
97	414	1.0
97	415	1.0
97	416	1.0
97	417	1.0
97	418	1.0
97	419	1.0
97	420	1.0
97	421	1.0
97	422	1.0
97	423	1.0
97	424	1.0
97	425	1.0
97	426	1.0
97	427	1.0
97	428	1.0
97	429	1.0
97	430	1.0
97	431	1.0
97	432	1.0
97	433	1.0
97	434	1.0
97	435	1.0
97	436	1.0
97	437	1.0
97	438	1.0
97	439	1.0
97	440	1.0
97	441	1.0
97	442	1.0
97	443	1.0
97	444	1.0
97	445	1.0
97	446	1.0
97	447	1.0
97	448	1.0
97	449	1.0
97	450	1.0
97	451	1.0
97	452	1.0
97	453	1.0
97	454	1.0
97	455	1.0
97	456	1.0
97	457	1.0
97	458	1.0
97	459	1.0
97	460	1.0
97	461	1.0
97	462	1.0
97	463	1.0
97	464	1.0
97	465	1.0
97	466	1.0
97	467	1.0
97	468	1.0
97	469	1.0
97	470	1.0
97	471	1.0
97	472	1.0
97	473	1.0
97	474	1.0
97	475	1.0
97	476	1.0
97	477	1.0
97	478	1.0
97	479	1.0
97	480	1.0
97	481	1.0
97	482	1.0
97	483	1.0
97	484	1.0
97	485	1.0
97	486	1.0
97	487	1.0
97	488	1.0
97	489	1.0
97	490	1.0
97	491	1.0
97	492	1.0
97	493	1.0
97	494	1.0
97	495	1.0
97	496	1.0
97	497	1.0
97	498	1.0
97	499	1.0
97	500	1.0
97	501	1.0
97	502	1.0
97	503	1.0
97	504	1.0
97	505	1.0
97	506	1.0
97	507	1.0
97	508	1.0
97	509	1.0
97	510	1.0
97	511	1.0
97	512	1.0
97	513	1.0
97	514	1.0
97	515	1.0
97	516	1.0
97	517	1.0
517	518	1.0
517	519	1.0
517	520	1.0
517	521	1.0
517	522	1.0
517	523	1.0
97	524	1.0
97	525	1.0
97	526	1.0
526	527	1.0
526	528	1.0
526	529	1.0
526	530	1.0
97	531	1.0
531	532	1.0
531	533	1.0
531	534	1.0
531	535	1.0
531	536	1.0
531	537	1.0
531	538	1.0
531	539	1.0
97	540	1.0
97	541	1.0
97	542	1.0
97	543	1.0
97	544	1.0
97	545	1.0
97	546	1.0
97	547	1.0
97	548	1.0
97	549	1.0
97	550	1.0
550	551	1.0
550	552	1.0
550	553	1.0
550	554	1.0
97	555	1.0
97	556	1.0
97	557	1.0
97	558	1.0
97	559	1.0
97	560	1.0
97	561	1.0
97	562	1.0
97	563	1.0
97	564	1.0
97	565	1.0
97	566	1.0
97	567	1.0
97	568	1.0
97	569	1.0
97	570	1.0
97	571	1.0
97	572	1.0
97	573	1.0
97	574	1.0
97	575	1.0
97	576	1.0
97	577	1.0
97	578	1.0
97	579	1.0
97	580	1.0
97	581	1.0
97	582	1.0
97	583	1.0
97	584	1.0
97	585	1.0
97	586	1.0
97	587	1.0
97	588	1.0
97	589	1.0
97	590	1.0
97	591	1.0
97	592	1.0
97	593	1.0
97	594	1.0
97	595	1.0
97	596	1.0
97	597	1.0
97	598	1.0
97	599	1.0
97	600	1.0
97	601	1.0
97	602	1.0
97	603	1.0
97	604	1.0
97	605	1.0
97	606	1.0
97	607	1.0
97	608	1.0
97	609	1.0
97	610	1.0
97	611	1.0
97	612	1.0
97	613	1.0
97	614	1.0
97	615	1.0
97	616	1.0
97	617	1.0
97	618	1.0
97	619	1.0
97	620	1.0
97	621	1.0
97	622	1.0
97	623	1.0
97	624	1.0
97	625	1.0
97	626	1.0
97	627	1.0
97	628	1.0
97	629	1.0
97	630	1.0
97	631	1.0
97	632	1.0
97	633	1.0
97	634	1.0
97	635	1.0
97	636	1.0
97	637	1.0
97	638	1.0
97	639	1.0
97	640	1.0
97	641	1.0
97	642	1.0
97	643	1.0
97	644	1.0
97	645	1.0
97	646	1.0
97	647	1.0
647	648	1.0
647	649	1.0
647	650	1.0
647	651	1.0
647	652	1.0
647	653	1.0
647	654	1.0
647	655	1.0
647	656	1.0
647	657	1.0
647	658	1.0
647	659	1.0
647	660	1.0
647	661	1.0
647	662	1.0
647	663	1.0
647	664	1.0
647	665	1.0
647	666	1.0
647	667	1.0
647	668	1.0
647	669	1.0
647	670	1.0
647	671	1.0
647	672	1.0
647	673	1.0
647	674	1.0
647	675	1.0
647	676	1.0
647	677	1.0
647	678	1.0
647	679	1.0
647	680	1.0
647	681	1.0
647	682	1.0
647	683	1.0
647	684	1.0
647	685	1.0
647	686	1.0
647	687	1.0
647	688	1.0
647	689	1.0
647	690	1.0
647	691	1.0
647	692	1.0
647	693	1.0
647	694	1.0
647	695	1.0
647	696	1.0
647	697	1.0
647	698	1.0
647	699	1.0
647	700	1.0
647	701	1.0
647	702	1.0
647	703	1.0
647	704	1.0
647	705	1.0
647	706	1.0
647	707	1.0
647	708	1.0
647	709	1.0
647	710	1.0
647	711	1.0
647	712	1.0
647	713	1.0
647	714	1.0
647	715	1.0
647	716	1.0
647	717	1.0
647	718	1.0
647	719	1.0
647	720	1.0
647	721	1.0
647	722	1.0
647	723	1.0
647	724	1.0
647	725	1.0
647	726	1.0
647	727	1.0
647	728	1.0
647	729	1.0
647	730	1.0
647	731	1.0
647	732	1.0
647	733	1.0
647	734	1.0
647	735	1.0
647	736	1.0
647	737	1.0
647	738	1.0
647	739	1.0
647	740	1.0
647	741	1.0
647	742	1.0
647	743	1.0
647	744	1.0
647	745	1.0
647	746	1.0
647	747	1.0
647	748	1.0
647	749	1.0
647	750	1.0
647	751	1.0
647	752	1.0
647	753	1.0
647	754	1.0
647	755	1.0
647	756	1.0
647	757	1.0
647	758	1.0
647	759	1.0
647	760	1.0
647	761	1.0
647	762	1.0
647	763	1.0
647	764	1.0
647	765	1.0
647	766	1.0
647	767	1.0
647	768	1.0
647	769	1.0
647	770	1.0
647	771	1.0
647	772	1.0
647	773	1.0
647	774	1.0
647	775	1.0
647	776	1.0
647	777	1.0
647	778	1.0
647	779	1.0
647	780	1.0
647	781	1.0
647	782	1.0
647	783	1.0
647	784	1.0
647	785	1.0
647	786	1.0
647	787	1.0
647	788	1.0
647	789	1.0
647	790	1.0
647	791	1.0
647	792	1.0
647	793	1.0
647	794	1.0
647	795	1.0
647	796	1.0
647	797	1.0
647	798	1.0
647	799	1.0
647	800	1.0
647	801	1.0
647	802	1.0
647	803	1.0
647	804	1.0
647	805	1.0
647	806	1.0
647	807	1.0
647	808	1.0
647	809	1.0
647	810	1.0
647	811	1.0
647	812	1.0
647	813	1.0
647	814	1.0
647	815	1.0
647	816	1.0
647	817	1.0
647	818	1.0
647	819	1.0
647	820	1.0
647	821	1.0
647	822	1.0
647	823	1.0
647	824	1.0
647	825	1.0
647	826	1.0
647	827	1.0
647	828	1.0
647	829	1.0
647	830	1.0
647	831	1.0
647	832	1.0
647	833	1.0
647	834	1.0
647	835	1.0
647	836	1.0
647	837	1.0
647	838	1.0
647	839	1.0
647	840	1.0
647	841	1.0
647	842	1.0
647	843	1.0
647	844	1.0
647	845	1.0
647	846	1.0
647	847	1.0
647	848	1.0
647	849	1.0
647	850	1.0
647	851	1.0
647	852	1.0
647	853	1.0
647	854	1.0
647	855	1.0
647	856	1.0
647	857	1.0
647	858	1.0
647	859	1.0
647	860	1.0
647	861	1.0
647	862	1.0
647	863	1.0
647	864	1.0
647	865	1.0
647	866	1.0
647	867	1.0
647	868	1.0
647	869	1.0
647	870	1.0
647	871	1.0
647	872	1.0
647	873	1.0
97	874	1.0
97	875	1.0
97	876	1.0
97	877	1.0
97	878	1.0
97	879	1.0
97	880	1.0
97	881	1.0
97	882	1.0
97	883	1.0
97	884	1.0
97	885	1.0
97	886	1.0
97	887	1.0
97	888	1.0
97	889	1.0
97	890	1.0
97	891	1.0
97	892	1.0
97	893	1.0
97	894	1.0
97	895	1.0
97	896	1.0
97	897	1.0
97	898	1.0
97	899	1.0
97	900	1.0
97	901	1.0
97	902	1.0
97	903	1.0
97	904	1.0
97	905	1.0
97	906	1.0
97	907	1.0
97	908	1.0
97	909	1.0
97	910	1.0
97	911	1.0
97	912	1.0
97	913	1.0
97	914	1.0
97	915	1.0
97	916	1.0
97	917	1.0
97	918	1.0
97	919	1.0
97	920	1.0
97	921	1.0
97	922	1.0
97	923	1.0
97	924	1.0
97	925	1.0
97	926	1.0
97	927	1.0
97	928	1.0
97	929	1.0
97	930	1.0
97	931	1.0
97	932	1.0
97	933	1.0
97	934	1.0
97	935	1.0
97	936	1.0
97	937	1.0
97	938	1.0
97	939	1.0
97	940	1.0
97	941	1.0
97	942	1.0
97	943	1.0
97	944	1.0
97	945	1.0
97	946	1.0
97	947	1.0
97	948	1.0
97	949	1.0
97	950	1.0
97	951	1.0
97	952	1.0
97	953	1.0
97	954	1.0
97	955	1.0
97	956	1.0
97	957	1.0
97	958	1.0
97	959	1.0
97	960	1.0
97	961	1.0
97	962	1.0
97	963	1.0
97	964	1.0
97	965	1.0
97	966	1.0
97	967	1.0
97	968	1.0
97	969	1.0
97	970	1.0
97	971	1.0
97	972	1.0
97	973	1.0
97	974	1.0
97	975	1.0
97	976	1.0
97	977	1.0
97	978	1.0
97	979	1.0
97	980	1.0
97	981	1.0
97	982	1.0
97	983	1.0
97	984	1.0
97	985	1.0
97	986	1.0
97	987	1.0
97	988	1.0
97	989	1.0
97	990	1.0
97	991	1.0
97	992	1.0
97	993	1.0
97	994	1.0
97	995	1.0
97	996	1.0
97	997	1.0
97	998	1.0
97	999	1.0
97	1000	1.0
97	1001	1.0
97	1002	1.0
97	1003	1.0
97	1004	1.0
97	1005	1.0
97	1006	1.0
97	1007	1.0
97	1008	1.0
97	1009	1.0
97	1010	1.0
97	1011	1.0
97	1012	1.0
97	1013	1.0
97	1014	1.0
97	1015	1.0
97	1016	1.0
97	1017	1.0
97	1018	1.0
97	1019	1.0
97	1020	1.0
97	1021	1.0
97	1022	1.0
97	1023	1.0
97	1024	1.0
97	1025	1.0
97	1026	1.0
97	1027	1.0
97	1028	1.0
97	1029	1.0
97	1030	1.0
97	1031	1.0
97	1032	1.0
97	1033	1.0
97	1034	1.0
97	1035	1.0
97	1036	1.0
97	1037	1.0
97	1038	1.0
97	1039	1.0
97	1040	1.0
97	1041	1.0
97	1042	1.0
97	1043	1.0
97	1044	1.0
97	1045	1.0
97	1046	1.0
97	1047	1.0
97	1048	1.0
97	1049	1.0
97	1050	1.0
1050	1051	1.0
1050	1052	1.0
1050	1053	1.0
1050	1054	1.0
1050	1055	1.0
97	1056	1.0
97	1057	1.0
97	1058	1.0
97	1059	1.0
97	1060	1.0
97	1061	1.0
1061	1062	1.0
1061	1063	1.0
1061	1064	1.0
1061	1065	1.0
1061	1066	1.0
1061	1067	1.0
1061	1068	1.0
1061	1069	1.0
1061	1070	1.0
1061	1071	1.0
1061	1072	1.0
1061	1073	1.0
97	1074	1.0
97	1075	1.0
97	1076	1.0
97	1077	1.0
97	1078	1.0
97	1079	1.0
97	1080	1.0
97	1081	1.0
97	1082	1.0
1082	1083	1.0
1082	1084	1.0
1082	1085	1.0
1082	1086	1.0
97	1087	1.0
97	1088	1.0
97	1089	1.0
97	1090	1.0
97	1091	1.0
97	1092	1.0
97	1093	1.0
97	1094	1.0
97	1095	1.0
97	1096	1.0
97	1097	1.0
97	1098	1.0
97	1099	1.0
97	1100	1.0
97	1101	1.0
97	1102	1.0
97	1103	1.0
97	1104	1.0
97	1105	1.0
97	1106	1.0
97	1107	1.0
97	1108	1.0
97	1109	1.0
97	1110	1.0
97	1111	1.0
97	1112	1.0
97	1113	1.0
97	1114	1.0
97	1115	1.0
97	1116	1.0
1116	1117	1.0
1116	1118	1.0
1116	1119	1.0
1116	1120	1.0
1116	1121	1.0
97	1122	1.0
97	1123	1.0
97	1124	1.0
97	1125	1.0
97	1126	1.0
97	1127	1.0
97	1128	1.0
97	1129	1.0
97	1130	1.0
97	1131	1.0
97	1132	1.0
97	1133	1.0
97	1134	1.0
97	1135	1.0
97	1136	1.0
97	1137	1.0
97	1138	1.0
97	1139	1.0
97	1140	1.0
97	1141	1.0
97	1142	1.0
97	1143	1.0
97	1144	1.0
97	1145	1.0
97	1146	1.0
97	1147	1.0
1147	1148	1.0
1147	1149	1.0
1147	1150	1.0
1147	1151	1.0
97	1152	1.0
97	1153	1.0
97	1154	1.0
97	1155	1.0
97	1156	1.0
97	1157	1.0
97	1158	1.0
97	1159	1.0
97	1160	1.0
97	1161	1.0
97	1162	1.0
97	1163	1.0
97	1164	1.0
97	1165	1.0
97	1166	1.0
97	1167	1.0
97	1168	1.0
97	1169	1.0
97	1170	1.0
97	1171	1.0
97	1172	1.0
97	1173	1.0
97	1174	1.0
97	1175	1.0
97	1176	1.0
97	1177	1.0
97	1178	1.0
97	1179	1.0
97	1180	1.0
97	1181	1.0
97	1182	1.0
97	1183	1.0
97	1184	1.0
97	1185	1.0
97	1186	1.0
97	1187	1.0
97	1188	1.0
97	1189	1.0
97	1190	1.0
97	1191	1.0
97	1192	1.0
97	1193	1.0
97	1194	1.0
97	1195	1.0
97	1196	1.0
97	1197	1.0
97	1198	1.0
97	1199	1.0
97	1200	1.0
97	1201	1.0
97	1202	1.0
97	1203	1.0
97	1204	1.0
97	1205	1.0
97	1206	1.0
97	1207	1.0
97	1208	1.0
97	1209	1.0
97	1210	1.0
97	1211	1.0
97	1212	1.0
97	1213	1.0
97	1214	1.0
97	1215	1.0
97	1216	1.0
97	1217	1.0
97	1218	1.0
97	1219	1.0
97	1220	1.0
97	1221	1.0
97	1222	1.0
97	1223	1.0
97	1224	1.0
97	1225	1.0
97	1226	1.0
97	1227	1.0
97	1228	1.0
97	1229	1.0
97	1230	1.0
97	1231	1.0
97	1232	1.0
97	1233	1.0
97	1234	1.0
97	1235	1.0
97	1236	1.0
97	1237	1.0
97	1238	1.0
97	1239	1.0
97	1240	1.0
97	1241	1.0
97	1242	1.0
97	1243	1.0
97	1244	1.0
97	1245	1.0
97	1246	1.0
97	1247	1.0
97	1248	1.0
97	1249	1.0
97	1250	1.0
97	1251	1.0
97	1252	1.0
97	1253	1.0
97	1254	1.0
97	1255	1.0
97	1256	1.0
97	1257	1.0
97	1258	1.0
97	1259	1.0
97	1260	1.0
97	1261	1.0
97	1262	1.0
97	1263	1.0
97	1264	1.0
97	1265	1.0
97	1266	1.0
97	1267	1.0
97	1268	1.0
97	1269	1.0
97	1270	1.0
97	1271	1.0
97	1272	1.0
97	1273	1.0
97	1274	1.0
97	1275	1.0
97	1276	1.0
97	1277	1.0
97	1278	1.0
97	1279	1.0
97	1280	1.0
97	1281	1.0
1281	1282	1.0
1281	1283	1.0
1281	1284	1.0
1281	1285	1.0
97	1286	1.0
97	1287	1.0
97	1288	1.0
97	1289	1.0
97	1290	1.0
97	1291	1.0
97	1292	1.0
97	1293	1.0
97	1294	1.0
97	1295	1.0
97	1296	1.0
97	1297	1.0
97	1298	1.0
97	1299	1.0
97	1300	1.0
97	1301	1.0
97	1302	1.0
97	1303	1.0
97	1304	1.0
97	1305	1.0
97	1306	1.0
97	1307	1.0
97	1308	1.0
97	1309	1.0
97	1310	1.0
97	1311	1.0
97	1312	1.0
97	1313	1.0
97	1314	1.0
97	1315	1.0
97	1316	1.0
97	1317	1.0
1317	1318	1.0
1317	1319	1.0
1317	1320	1.0
1317	1321	1.0
1317	1322	1.0
1317	1323	1.0
1317	1324	1.0
1317	1325	1.0
1317	1326	1.0
1317	1327	1.0
1317	1328	1.0
1328	1329	1.0
1328	1330	1.0
1328	1331	1.0
1328	1332	1.0
1328	1333	1.0
1328	1334	1.0
1328	1335	1.0
1328	1336	1.0
1328	1337	1.0
1328	1338	1.0
1328	1339	1.0
1339	1340	1.0
1339	1341	1.0
1339	1342	1.0
1339	1343	1.0
1339	1344	1.0
1328	1345	1.0
1328	1346	1.0
1328	1347	1.0
1328	1348	1.0
1328	1349	1.0
1328	1350	1.0
1328	1351	1.0
1328	1352	1.0
1328	1353	1.0
1328	1354	1.0
1328	1355	1.0
1328	1356	1.0
1328	1357	1.0
1328	1358	1.0
1328	1359	1.0
1328	1360	1.0
1328	1361	1.0
1328	1362	1.0
1328	1363	1.0
1328	1364	1.0
1328	1365	1.0
1328	1366	1.0
1328	1367	1.0
1328	1368	1.0
1328	1369	1.0
1328	1370	1.0
1328	1371	1.0
1328	1372	1.0
1328	1373	1.0
1328	1374	1.0
1328	1375	1.0
1317	1376	1.0
1317	1377	1.0
1317	1378	1.0
1317	1379	1.0
1317	1380	1.0
1317	1381	1.0
1317	1382	1.0
1317	1383	1.0
1317	1384	1.0
1317	1385	1.0
1317	1386	1.0
1317	1387	1.0
1317	1388	1.0
1317	1389	1.0
1317	1390	1.0
1317	1391	1.0
1317	1392	1.0
1317	1393	1.0
1317	1394	1.0
1317	1395	1.0
97	1396	1.0
97	1397	1.0
97	1398	1.0
97	1399	1.0
1399	1400	1.0
1399	1401	1.0
1399	1402	1.0
1399	1403	1.0
1399	1404	1.0
97	1405	1.0
97	1406	1.0
97	1407	1.0
97	1408	1.0
97	1409	1.0
97	1410	1.0
97	1411	1.0
97	1412	1.0
97	1413	1.0
97	1414	1.0
97	1415	1.0
97	1416	1.0
97	1417	1.0
97	1418	1.0
97	1419	1.0
97	1420	1.0
97	1421	1.0
97	1422	1.0
97	1423	1.0
97	1424	1.0
97	1425	1.0
97	1426	1.0
97	1427	1.0
97	1428	1.0
97	1429	1.0
97	1430	1.0
97	1431	1.0
97	1432	1.0
97	1433	1.0
97	1434	1.0
97	1435	1.0
97	1436	1.0
97	1437	1.0
97	1438	1.0
97	1439	1.0
97	1440	1.0
97	1441	1.0
97	1442	1.0
97	1443	1.0
97	1444	1.0
97	1445	1.0
97	1446	1.0
97	1447	1.0
97	1448	1.0
97	1449	1.0
97	1450	1.0
97	1451	1.0
97	1452	1.0
97	1453	1.0
97	1454	1.0
97	1455	1.0
97	1456	1.0
97	1457	1.0
97	1458	1.0
97	1459	1.0
97	1460	1.0
97	1461	1.0
97	1462	1.0
97	1463	1.0
97	1464	1.0
97	1465	1.0
97	1466	1.0
97	1467	1.0
97	1468	1.0
97	1469	1.0
97	1470	1.0
97	1471	1.0
97	1472	1.0
97	1473	1.0
97	1474	1.0
97	1475	1.0
97	1476	1.0
97	1477	1.0
97	1478	1.0
97	1479	1.0
97	1480	1.0
97	1481	1.0
97	1482	1.0
97	1483	1.0
97	1484	1.0
97	1485	1.0
97	1486	1.0
97	1487	1.0
97	1488	1.0
97	1489	1.0
97	1490	1.0
97	1491	1.0
97	1492	1.0
97	1493	1.0
97	1494	1.0
97	1495	1.0
97	1496	1.0
97	1497	1.0
1497	1498	1.0
1497	1499	1.0
1497	1500	1.0
1497	1501	1.0
97	1502	1.0
97	1503	1.0
97	1504	1.0
97	1505	1.0
97	1506	1.0
97	1507	1.0
97	1508	1.0
97	1509	1.0
97	1510	1.0
97	1511	1.0
97	1512	1.0
97	1513	1.0
1513	1514	1.0
1513	1515	1.0
1513	1516	1.0
1513	1517	1.0
1513	1518	1.0
1513	1519	1.0
1513	1520	1.0
1513	1521	1.0
1513	1522	1.0
97	1523	1.0
0	1524	1.0
0	1525	1.0
0	1526	1.0
0	1527	1.0
0	1528	1.0
0	1529	1.0
0	1530	1.0
0	1531	1.0
0	1532	1.0
0	1533	1.0
0	1534	1.0
0	1535	1.0
0	1536	1.0
0	1537	1.0
0	1538	1.0
0	1539	1.0
0	1540	1.0
0	1541	1.0
0	1542	1.0
0	1543	1.0
0	1544	1.0
0	1545	1.0
0	1546	1.0
0	1547	1.0
0	1548	1.0
0	1549	1.0
0	1550	1.0
0	1551	1.0
0	1552	1.0
0	1553	1.0
0	1554	1.0
0	1555	1.0
0	1556	1.0
0	1557	1.0
0	1558	1.0
0	1559	1.0
0	1560	1.0
1560	1561	1.0
1560	1562	1.0
1560	1563	1.0
1560	1564	1.0
1560	1565	1.0
1560	1566	1.0
1560	1567	1.0
1560	1568	1.0
1560	1569	1.0
1560	1570	1.0
1560	1571	1.0
1560	1572	1.0
1560	1573	1.0
1560	1574	1.0
1560	1575	1.0
1560	1576	1.0
1560	1577	1.0
0	1578	1.0
0	1579	1.0
0	1580	1.0
0	1581	1.0
0	1582	1.0
0	1583	1.0
0	1584	1.0
0	1585	1.0
0	1586	1.0
0	1587	1.0
0	1588	1.0
0	1589	1.0
0	1590	1.0
0	1591	1.0
0	1592	1.0
0	1593	1.0
0	1594	1.0
0	1595	1.0
0	1596	1.0
0	1597	1.0
0	1598	1.0
0	1599	1.0
0	1600	1.0
0	1601	1.0
0	1602	1.0
0	1603	1.0
0	1604	1.0
0	1605	1.0
0	1606	1.0
0	1607	1.0
0	1608	1.0
0	1609	1.0
0	1610	1.0
0	1611	1.0
0	1612	1.0
0	1613	1.0
0	1614	1.0
0	1615	1.0
0	1616	1.0
0	1617	1.0
0	1618	1.0
0	1619	1.0
0	1620	1.0
0	1621	1.0
0	1622	1.0
0	1623	1.0
0	1624	1.0
0	1625	1.0
0	1626	1.0
0	1627	1.0
0	1628	1.0
0	1629	1.0
0	1630	1.0
0	1631	1.0
0	1632	1.0
0	1633	1.0
0	1634	1.0
0	1635	1.0
0	1636	1.0
0	1637	1.0
0	1638	1.0
0	1639	1.0
0	1640	1.0
0	1641	1.0
0	1642	1.0
0	1643	1.0
0	1644	1.0
0	1645	1.0
0	1646	1.0
0	1647	1.0
0	1648	1.0
0	1649	1.0
0	1650	1.0
0	1651	1.0
0	1652	1.0
0	1653	1.0
0	1654	1.0
0	1655	1.0
0	1656	1.0
0	1657	1.0
0	1658	1.0
0	1659	1.0
0	1660	1.0
1660	1661	1.0
1660	1662	1.0
1660	1663	1.0
1660	1664	1.0
1660	1665	1.0
1660	1666	1.0
1660	1667	1.0
1660	1668	1.0
1660	1669	1.0
1669	1670	1.0
1669	1671	1.0
1669	1672	1.0
1669	1673	1.0
1669	1674	1.0
1669	1675	1.0
1669	1676	1.0
1669	1677	1.0
1669	1678	1.0
1669	1679	1.0
1669	1680	1.0
1669	1681	1.0
1669	1682	1.0
1669	1683	1.0
1669	1684	1.0
1669	1685	1.0
1669	1686	1.0
1669	1687	1.0
1669	1688	1.0
1669	1689	1.0
1669	1690	1.0
1669	1691	1.0
1669	1692	1.0
1669	1693	1.0
1669	1694	1.0
1669	1695	1.0
1669	1696	1.0
1669	1697	1.0
1669	1698	1.0
1669	1699	1.0
1669	1700	1.0
1669	1701	1.0
1669	1702	1.0
1669	1703	1.0
1669	1704	1.0
1669	1705	1.0
1669	1706	1.0
1669	1707	1.0
1669	1708	1.0
1669	1709	1.0
1669	1710	1.0
1669	1711	1.0
1669	1712	1.0
1669	1713	1.0
1669	1714	1.0
1669	1715	1.0
1669	1716	1.0
1669	1717	1.0
1669	1718	1.0
1669	1719	1.0
1669	1720	1.0
1669	1721	1.0
1669	1722	1.0
1669	1723	1.0
1669	1724	1.0
1669	1725	1.0
1669	1726	1.0
1669	1727	1.0
1669	1728	1.0
1669	1729	1.0
1669	1730	1.0
1669	1731	1.0
1669	1732	1.0
1669	1733	1.0
1669	1734	1.0
1669	1735	1.0
1669	1736	1.0
1669	1737	1.0
1669	1738	1.0
1669	1739	1.0
1669	1740	1.0
1669	1741	1.0
1669	1742	1.0
1669	1743	1.0
1669	1744	1.0
1669	1745	1.0
1669	1746	1.0
1669	1747	1.0
1669	1748	1.0
1669	1749	1.0
1669	1750	1.0
1669	1751	1.0
1669	1752	1.0
1669	1753	1.0
1669	1754	1.0
1669	1755	1.0
1669	1756	1.0
1669	1757	1.0
1669	1758	1.0
1669	1759	1.0
1669	1760	1.0
1669	1761	1.0
1669	1762	1.0
1669	1763	1.0
1669	1764	1.0
1669	1765	1.0
1669	1766	1.0
1669	1767	1.0
1669	1768	1.0
1669	1769	1.0
1669	1770	1.0
1669	1771	1.0
1669	1772	1.0
1669	1773	1.0
1669	1774	1.0
1669	1775	1.0
1669	1776	1.0
1669	1777	1.0
1669	1778	1.0
1669	1779	1.0
1660	1780	1.0
1660	1781	1.0
1660	1782	1.0
1660	1783	1.0
1660	1784	1.0
1660	1785	1.0
1660	1786	1.0
1660	1787	1.0
1660	1788	1.0
1660	1789	1.0
1660	1790	1.0
1660	1791	1.0
1660	1792	1.0
1660	1793	1.0
1660	1794	1.0
1660	1795	1.0
1660	1796	1.0
1660	1797	1.0
1660	1798	1.0
1660	1799	1.0
1660	1800	1.0
1660	1801	1.0
1660	1802	1.0
1660	1803	1.0
1660	1804	1.0
1660	1805	1.0
1660	1806	1.0
1660	1807	1.0
1660	1808	1.0
1660	1809	1.0
1660	1810	1.0
1660	1811	1.0
1660	1812	1.0
1660	1813	1.0
0	1814	1.0
0	1815	1.0
0	1816	1.0
0	1817	1.0
0	1818	1.0
0	1819	1.0
0	1820	1.0
0	1821	1.0
0	1822	1.0
0	1823	1.0
0	1824	1.0
0	1825	1.0
0	1826	1.0
0	1827	1.0
0	1828	1.0
0	1829	1.0
0	1830	1.0
0	1831	1.0
0	1832	1.0
0	1833	1.0
0	1834	1.0
0	1835	1.0
0	1836	1.0
0	1837	1.0
0	1838	1.0
0	1839	1.0
0	1840	1.0
0	1841	1.0
0	1842	1.0
0	1843	1.0
0	1844	1.0
0	1845	1.0
0	1846	1.0
0	1847	1.0
0	1848	1.0
0	1849	1.0
0	1850	1.0
0	1851	1.0
0	1852	1.0
0	1853	1.0
0	1854	1.0
0	1855	1.0
0	1856	1.0
0	1857	1.0
0	1858	1.0
0	1859	1.0
0	1860	1.0
0	1861	1.0
0	1862	1.0
0	1863	1.0
0	1864	1.0
0	1865	1.0
0	1866	1.0
0	1867	1.0
0	1868	1.0
0	1869	1.0
0	1870	1.0
0	1871	1.0
0	1872	1.0
0	1873	1.0
0	1874	1.0
0	1875	1.0
0	1876	1.0
0	1877	1.0
0	1878	1.0
0	1879	1.0
0	1880	1.0
0	1881	1.0
0	1882	1.0
0	1883	1.0
0	1884	1.0
0	1885	1.0
0	1886	1.0
0	1887	1.0
0	1888	1.0
0	1889	1.0
0	1890	1.0
0	1891	1.0
0	1892	1.0
0	1893	1.0
0	1894	1.0
0	1895	1.0
0	1896	1.0
0	1897	1.0
0	1898	1.0
0	1899	1.0
0	1900	1.0
0	1901	1.0
0	1902	1.0
0	1903	1.0
0	1904	1.0
0	1905	1.0
0	1906	1.0
0	1907	1.0
0	1908	1.0
0	1909	1.0
0	1910	1.0
0	1911	1.0
0	1912	1.0
0	1913	1.0
0	1914	1.0
0	1915	1.0
0	1916	1.0
0	1917	1.0
0	1918	1.0
0	1919	1.0
0	1920	1.0
1920	1921	1.0
1920	1922	1.0
1920	1923	1.0
1920	1924	1.0
1920	1925	1.0
1920	1926	1.0
1920	1927	1.0
1920	1928	1.0
1920	1929	1.0
1920	1930	1.0
1920	1931	1.0
1920	1932	1.0
1920	1933	1.0
1920	1934	1.0
1920	1935	1.0
1920	1936	1.0
1920	1937	1.0
1920	1938	1.0
1920	1939	1.0
1920	1940	1.0
0	1941	1.0
0	1942	1.0
0	1943	1.0
0	1944	1.0
0	1945	1.0
0	1946	1.0
0	1947	1.0
0	1948	1.0
0	1949	1.0
0	1950	1.0
0	1951	1.0
0	1952	1.0
0	1953	1.0
0	1954	1.0
0	1955	1.0
0	1956	1.0
0	1957	1.0
0	1958	1.0
0	1959	1.0
0	1960	1.0
0	1961	1.0
0	1962	1.0
0	1963	1.0
0	1964	1.0
0	1965	1.0
0	1966	1.0
0	1967	1.0
0	1968	1.0
0	1969	1.0
0	1970	1.0
0	1971	1.0
0	1972	1.0
0	1973	1.0
0	1974	1.0
0	1975	1.0
0	1976	1.0
0	1977	1.0
0	1978	1.0
0	1979	1.0
0	1980	1.0
0	1981	1.0
0	1982	1.0
0	1983	1.0
0	1984	1.0
0	1985	1.0
0	1986	1.0
0	1987	1.0
0	1988	1.0
0	1989	1.0
0	1990	1.0
0	1991	1.0
0	1992	1.0
0	1993	1.0
0	1994	1.0
0	1995	1.0
0	1996	1.0
0	1997	1.0
0	1998	1.0
0	1999	1.0
0	2000	1.0
0	2001	1.0
0	2002	1.0
0	2003	1.0
0	2004	1.0
0	2005	1.0
0	2006	1.0
0	2007	1.0
0	2008	1.0
0	2009	1.0
0	2010	1.0
0	2011	1.0
0	2012	1.0
0	2013	1.0
0	2014	1.0
0	2015	1.0
0	2016	1.0
0	2017	1.0
0	2018	1.0
0	2019	1.0
0	2020	1.0
0	2021	1.0
0	2022	1.0
0	2023	1.0
0	2024	1.0
0	2025	1.0
0	2026	1.0
0	2027	1.0
0	2028	1.0
