0	1	1.0
1	2	1.0
1	3	1.0
3	4	1.0
3	5	1.0
5	6	1.0
5	7	1.0
7	8	1.0
7	9	1.0
7	10	1.0
10	11	1.0
10	12	1.0
10	13	1.0
13	14	1.0
13	15	1.0
13	16	1.0
13	17	1.0
17	18	1.0
17	19	1.0
17	20	1.0
17	21	1.0
17	22	1.0
17	23	1.0
17	24	1.0
17	25	1.0
17	26	1.0
17	27	1.0
17	28	1.0
17	29	1.0
17	30	1.0
30	31	1.0
30	32	1.0
30	33	1.0
30	34	1.0
30	35	1.0
30	36	1.0
30	37	1.0
30	38	1.0
30	39	1.0
30	40	1.0
30	41	1.0
30	42	1.0
30	43	1.0
30	44	1.0
30	45	1.0
30	46	1.0
30	47	1.0
30	48	1.0
30	49	1.0
30	50	1.0
30	51	1.0
30	52	1.0
30	53	1.0
30	54	1.0
30	55	1.0
30	56	1.0
30	57	1.0
30	58	1.0
30	59	1.0
30	60	1.0
30	61	1.0
30	62	1.0
30	63	1.0
30	64	1.0
30	65	1.0
30	66	1.0
66	67	1.0
66	68	1.0
66	69	1.0
69	70	1.0
70	71	1.0
70	72	1.0
70	73	1.0
70	74	1.0
70	75	1.0
70	76	1.0
70	77	1.0
70	78	1.0
70	79	1.0
70	80	1.0
80	81	1.0
80	82	1.0
80	83	1.0
80	84	1.0
80	85	1.0
80	86	1.0
70	87	1.0
70	88	1.0
70	89	1.0
70	90	1.0
70	91	1.0
70	92	1.0
70	93	1.0
70	94	1.0
70	95	1.0
70	96	1.0
70	97	1.0
70	98	1.0
70	99	1.0
70	100	1.0
70	101	1.0
70	102	1.0
70	103	1.0
70	104	1.0
70	105	1.0
70	106	1.0
70	107	1.0
70	108	1.0
70	109	1.0
70	110	1.0
70	111	1.0
70	112	1.0
70	113	1.0
70	114	1.0
70	115	1.0
70	116	1.0
70	117	1.0
70	118	1.0
70	119	1.0
70	120	1.0
70	121	1.0
70	122	1.0
70	123	1.0
70	124	1.0
70	125	1.0
70	126	1.0
70	127	1.0
70	128	1.0
70	129	1.0
70	130	1.0
70	131	1.0
70	132	1.0
70	133	1.0
70	134	1.0
70	135	1.0
70	136	1.0
70	137	1.0
70	138	1.0
70	139	1.0
70	140	1.0
70	141	1.0
70	142	1.0
70	143	1.0
70	144	1.0
70	145	1.0
70	146	1.0
70	147	1.0
70	148	1.0
70	149	1.0
70	150	1.0
70	151	1.0
70	152	1.0
70	153	1.0
70	154	1.0
70	155	1.0
70	156	1.0
70	157	1.0
70	158	1.0
70	159	1.0
70	160	1.0
70	161	1.0
70	162	1.0
70	163	1.0
70	164	1.0
70	165	1.0
70	166	1.0
70	167	1.0
70	168	1.0
70	169	1.0
70	170	1.0
70	171	1.0
70	172	1.0
70	173	1.0
70	174	1.0
70	175	1.0
70	176	1.0
70	177	1.0
70	178	1.0
70	179	1.0
70	180	1.0
70	181	1.0
70	182	1.0
70	183	1.0
70	184	1.0
70	185	1.0
70	186	1.0
70	187	1.0
70	188	1.0
188	189	1.0
188	190	1.0
188	191	1.0
188	192	1.0
192	193	1.0
192	194	1.0
192	195	1.0
192	196	1.0
188	197	1.0
188	198	1.0
188	199	1.0
199	200	1.0
199	201	1.0
199	202	1.0
199	203	1.0
188	204	1.0
188	205	1.0
188	206	1.0
188	207	1.0
70	208	1.0
70	209	1.0
70	210	1.0
70	211	1.0
70	212	1.0
70	213	1.0
70	214	1.0
70	215	1.0
70	216	1.0
70	217	1.0
70	218	1.0
70	219	1.0
70	220	1.0
70	221	1.0
70	222	1.0
70	223	1.0
70	224	1.0
70	225	1.0
70	226	1.0
70	227	1.0
70	228	1.0
70	229	1.0
70	230	1.0
70	231	1.0
70	232	1.0
70	233	1.0
70	234	1.0
70	235	1.0
70	236	1.0
70	237	1.0
70	238	1.0
70	239	1.0
70	240	1.0
70	241	1.0
70	242	1.0
70	243	1.0
70	244	1.0
70	245	1.0
70	246	1.0
70	247	1.0
70	248	1.0
70	249	1.0
70	250	1.0
70	251	1.0
70	252	1.0
70	253	1.0
70	254	1.0
70	255	1.0
70	256	1.0
70	257	1.0
70	258	1.0
70	259	1.0
70	260	1.0
70	261	1.0
70	262	1.0
70	263	1.0
70	264	1.0
70	265	1.0
70	266	1.0
70	267	1.0
70	268	1.0
70	269	1.0
70	270	1.0
70	271	1.0
70	272	1.0
70	273	1.0
70	274	1.0
70	275	1.0
70	276	1.0
70	277	1.0
70	278	1.0
70	279	1.0
70	280	1.0
70	281	1.0
70	282	1.0
70	283	1.0
70	284	1.0
70	285	1.0
70	286	1.0
70	287	1.0
70	288	1.0
70	289	1.0
70	290	1.0
70	291	1.0
70	292	1.0
70	293	1.0
70	294	1.0
70	295	1.0
70	296	1.0
70	297	1.0
70	298	1.0
70	299	1.0
70	300	1.0
70	301	1.0
70	302	1.0
70	303	1.0
70	304	1.0
70	305	1.0
70	306	1.0
70	307	1.0
70	308	1.0
70	309	1.0
70	310	1.0
70	311	1.0
70	312	1.0
70	313	1.0
70	314	1.0
70	315	1.0
70	316	1.0
70	317	1.0
70	318	1.0
70	319	1.0
70	320	1.0
70	321	1.0
70	322	1.0
70	323	1.0
70	324	1.0
70	325	1.0
70	326	1.0
70	327	1.0
327	328	1.0
327	329	1.0
327	330	1.0
327	331	1.0
327	332	1.0
327	333	1.0
327	334	1.0
327	335	1.0
327	336	1.0
327	337	1.0
327	338	1.0
327	339	1.0
327	340	1.0
327	341	1.0
327	342	1.0
70	343	1.0
70	344	1.0
70	345	1.0
70	346	1.0
70	347	1.0
70	348	1.0
70	349	1.0
70	350	1.0
70	351	1.0
70	352	1.0
70	353	1.0
70	354	1.0
70	355	1.0
70	356	1.0
70	357	1.0
70	358	1.0
70	359	1.0
70	360	1.0
360	361	1.0
360	362	1.0
360	363	1.0
360	364	1.0
360	365	1.0
360	366	1.0
70	367	1.0
70	368	1.0
70	369	1.0
70	370	1.0
70	371	1.0
70	372	1.0
70	373	1.0
70	374	1.0
70	375	1.0
70	376	1.0
70	377	1.0
70	378	1.0
70	379	1.0
70	380	1.0
70	381	1.0
70	382	1.0
70	383	1.0
70	384	1.0
70	385	1.0
70	386	1.0
70	387	1.0
70	388	1.0
70	389	1.0
70	390	1.0
70	391	1.0
70	392	1.0
70	393	1.0
70	394	1.0
70	395	1.0
70	396	1.0
70	397	1.0
70	398	1.0
70	399	1.0
70	400	1.0
70	401	1.0
70	402	1.0
70	403	1.0
70	404	1.0
70	405	1.0
70	406	1.0
70	407	1.0
407	408	1.0
407	409	1.0
407	410	1.0
407	411	1.0
407	412	1.0
407	413	1.0
407	414	1.0
407	415	1.0
407	416	1.0
407	417	1.0
407	418	1.0
407	419	1.0
407	420	1.0
407	421	1.0
407	422	1.0
407	423	1.0
407	424	1.0
407	425	1.0
407	426	1.0
407	427	1.0
407	428	1.0
407	429	1.0
407	430	1.0
407	431	1.0
407	432	1.0
407	433	1.0
407	434	1.0
407	435	1.0
407	436	1.0
407	437	1.0
407	438	1.0
407	439	1.0
407	440	1.0
407	441	1.0
407	442	1.0
407	443	1.0
407	444	1.0
407	445	1.0
407	446	1.0
407	447	1.0
407	448	1.0
407	449	1.0
407	450	1.0
407	451	1.0
407	452	1.0
407	453	1.0
407	454	1.0
407	455	1.0
407	456	1.0
407	457	1.0
407	458	1.0
407	459	1.0
407	460	1.0
407	461	1.0
407	462	1.0
407	463	1.0
407	464	1.0
407	465	1.0
407	466	1.0
407	467	1.0
407	468	1.0
407	469	1.0
407	470	1.0
407	471	1.0
407	472	1.0
407	473	1.0
407	474	1.0
407	475	1.0
407	476	1.0
407	477	1.0
407	478	1.0
407	479	1.0
407	480	1.0
407	481	1.0
407	482	1.0
407	483	1.0
407	484	1.0
70	485	1.0
70	486	1.0
70	487	1.0
70	488	1.0
70	489	1.0
70	490	1.0
70	491	1.0
70	492	1.0
70	493	1.0
70	494	1.0
70	495	1.0
70	496	1.0
70	497	1.0
70	498	1.0
70	499	1.0
70	500	1.0
70	501	1.0
70	502	1.0
70	503	1.0
70	504	1.0
70	505	1.0
70	506	1.0
70	507	1.0
70	508	1.0
70	509	1.0
70	510	1.0
70	511	1.0
70	512	1.0
70	513	1.0
70	514	1.0
70	515	1.0
70	516	1.0
70	517	1.0
70	518	1.0
70	519	1.0
70	520	1.0
70	521	1.0
70	522	1.0
70	523	1.0
70	524	1.0
70	525	1.0
70	526	1.0
70	527	1.0
70	528	1.0
70	529	1.0
70	530	1.0
70	531	1.0
70	532	1.0
70	533	1.0
70	534	1.0
70	535	1.0
70	536	1.0
70	537	1.0
70	538	1.0
538	539	1.0
538	540	1.0
538	541	1.0
538	542	1.0
70	543	1.0
70	544	1.0
70	545	1.0
70	546	1.0
70	547	1.0
70	548	1.0
70	549	1.0
70	550	1.0
70	551	1.0
70	552	1.0
70	553	1.0
70	554	1.0
70	555	1.0
70	556	1.0
70	557	1.0
70	558	1.0
70	559	1.0
70	560	1.0
70	561	1.0
70	562	1.0
70	563	1.0
70	564	1.0
70	565	1.0
70	566	1.0
70	567	1.0
70	568	1.0
70	569	1.0
70	570	1.0
70	571	1.0
70	572	1.0
70	573	1.0
70	574	1.0
70	575	1.0
70	576	1.0
70	577	1.0
70	578	1.0
70	579	1.0
70	580	1.0
70	581	1.0
70	582	1.0
70	583	1.0
70	584	1.0
70	585	1.0
70	586	1.0
70	587	1.0
70	588	1.0
70	589	1.0
70	590	1.0
70	591	1.0
70	592	1.0
70	593	1.0
70	594	1.0
70	595	1.0
70	596	1.0
70	597	1.0
70	598	1.0
70	599	1.0
70	600	1.0
70	601	1.0
70	602	1.0
70	603	1.0
70	604	1.0
70	605	1.0
70	606	1.0
70	607	1.0
70	608	1.0
70	609	1.0
70	610	1.0
70	611	1.0
70	612	1.0
70	613	1.0
70	614	1.0
70	615	1.0
70	616	1.0
70	617	1.0
70	618	1.0
70	619	1.0
70	620	1.0
70	621	1.0
70	622	1.0
70	623	1.0
70	624	1.0
70	625	1.0
70	626	1.0
70	627	1.0
70	628	1.0
70	629	1.0
70	630	1.0
70	631	1.0
70	632	1.0
70	633	1.0
70	634	1.0
70	635	1.0
70	636	1.0
70	637	1.0
70	638	1.0
70	639	1.0
70	640	1.0
70	641	1.0
70	642	1.0
70	643	1.0
70	644	1.0
70	645	1.0
70	646	1.0
70	647	1.0
70	648	1.0
70	649	1.0
70	650	1.0
70	651	1.0
70	652	1.0
70	653	1.0
70	654	1.0
70	655	1.0
70	656	1.0
70	657	1.0
70	658	1.0
70	659	1.0
70	660	1.0
70	661	1.0
70	662	1.0
70	663	1.0
70	664	1.0
70	665	1.0
70	666	1.0
70	667	1.0
70	668	1.0
70	669	1.0
70	670	1.0
70	671	1.0
70	672	1.0
672	673	1.0
672	674	1.0
672	675	1.0
672	676	1.0
672	677	1.0
672	678	1.0
672	679	1.0
672	680	1.0
672	681	1.0
672	682	1.0
672	683	1.0
672	684	1.0
672	685	1.0
672	686	1.0
672	687	1.0
672	688	1.0
672	689	1.0
672	690	1.0
672	691	1.0
672	692	1.0
672	693	1.0
672	694	1.0
672	695	1.0
672	696	1.0
672	697	1.0
672	698	1.0
672	699	1.0
672	700	1.0
672	701	1.0
672	702	1.0
672	703	1.0
672	704	1.0
672	705	1.0
672	706	1.0
672	707	1.0
672	708	1.0
672	709	1.0
672	710	1.0
672	711	1.0
672	712	1.0
672	713	1.0
672	714	1.0
672	715	1.0
672	716	1.0
672	717	1.0
672	718	1.0
672	719	1.0
672	720	1.0
672	721	1.0
672	722	1.0
672	723	1.0
672	724	1.0
672	725	1.0
672	726	1.0
672	727	1.0
672	728	1.0
672	729	1.0
672	730	1.0
672	731	1.0
672	732	1.0
672	733	1.0
672	734	1.0
672	735	1.0
672	736	1.0
672	737	1.0
672	738	1.0
672	739	1.0
672	740	1.0
672	741	1.0
672	742	1.0
672	743	1.0
672	744	1.0
672	745	1.0
672	746	1.0
672	747	1.0
672	748	1.0
672	749	1.0
672	750	1.0
672	751	1.0
672	752	1.0
672	753	1.0
672	754	1.0
754	755	1.0
754	756	1.0
756	757	1.0
756	758	1.0
756	759	1.0
756	760	1.0
756	761	1.0
756	762	1.0
756	763	1.0
754	764	1.0
754	765	1.0
672	766	1.0
672	767	1.0
672	768	1.0
672	769	1.0
672	770	1.0
672	771	1.0
672	772	1.0
672	773	1.0
672	774	1.0
672	775	1.0
672	776	1.0
672	777	1.0
672	778	1.0
672	779	1.0
672	780	1.0
672	781	1.0
672	782	1.0
672	783	1.0
672	784	1.0
672	785	1.0
672	786	1.0
672	787	1.0
672	788	1.0
672	789	1.0
672	790	1.0
672	791	1.0
672	792	1.0
672	793	1.0
672	794	1.0
672	795	1.0
672	796	1.0
672	797	1.0
672	798	1.0
672	799	1.0
672	800	1.0
672	801	1.0
672	802	1.0
672	803	1.0
672	804	1.0
672	805	1.0
672	806	1.0
672	807	1.0
672	808	1.0
672	809	1.0
672	810	1.0
672	811	1.0
672	812	1.0
672	813	1.0
672	814	1.0
672	815	1.0
672	816	1.0
672	817	1.0
672	818	1.0
672	819	1.0
672	820	1.0
672	821	1.0
672	822	1.0
672	823	1.0
672	824	1.0
672	825	1.0
672	826	1.0
672	827	1.0
672	828	1.0
672	829	1.0
672	830	1.0
672	831	1.0
672	832	1.0
672	833	1.0
672	834	1.0
672	835	1.0
672	836	1.0
672	837	1.0
672	838	1.0
672	839	1.0
672	840	1.0
672	841	1.0
672	842	1.0
672	843	1.0
672	844	1.0
672	845	1.0
672	846	1.0
672	847	1.0
672	848	1.0
672	849	1.0
672	850	1.0
672	851	1.0
672	852	1.0
672	853	1.0
672	854	1.0
672	855	1.0
672	856	1.0
672	857	1.0
672	858	1.0
672	859	1.0
672	860	1.0
672	861	1.0
672	862	1.0
672	863	1.0
672	864	1.0
672	865	1.0
672	866	1.0
672	867	1.0
672	868	1.0
672	869	1.0
672	870	1.0
672	871	1.0
672	872	1.0
672	873	1.0
672	874	1.0
672	875	1.0
672	876	1.0
876	877	1.0
876	878	1.0
876	879	1.0
876	880	1.0
876	881	1.0
876	882	1.0
876	883	1.0
876	884	1.0
876	885	1.0
876	886	1.0
876	887	1.0
876	888	1.0
876	889	1.0
876	890	1.0
876	891	1.0
876	892	1.0
876	893	1.0
876	894	1.0
876	895	1.0
876	896	1.0
876	897	1.0
876	898	1.0
876	899	1.0
876	900	1.0
876	901	1.0
876	902	1.0
876	903	1.0
876	904	1.0
876	905	1.0
876	906	1.0
876	907	1.0
876	908	1.0
876	909	1.0
876	910	1.0
876	911	1.0
876	912	1.0
876	913	1.0
876	914	1.0
876	915	1.0
876	916	1.0
876	917	1.0
876	918	1.0
876	919	1.0
876	920	1.0
876	921	1.0
876	922	1.0
876	923	1.0
876	924	1.0
876	925	1.0
876	926	1.0
876	927	1.0
876	928	1.0
876	929	1.0
876	930	1.0
876	931	1.0
876	932	1.0
876	933	1.0
876	934	1.0
876	935	1.0
876	936	1.0
876	937	1.0
876	938	1.0
876	939	1.0
876	940	1.0
876	941	1.0
876	942	1.0
876	943	1.0
876	944	1.0
876	945	1.0
672	946	1.0
672	947	1.0
672	948	1.0
672	949	1.0
672	950	1.0
672	951	1.0
672	952	1.0
672	953	1.0
672	954	1.0
672	955	1.0
672	956	1.0
672	957	1.0
672	958	1.0
672	959	1.0
672	960	1.0
672	961	1.0
672	962	1.0
672	963	1.0
672	964	1.0
672	965	1.0
672	966	1.0
672	967	1.0
672	968	1.0
672	969	1.0
969	970	1.0
969	971	1.0
969	972	1.0
969	973	1.0
969	974	1.0
672	975	1.0
672	976	1.0
672	977	1.0
672	978	1.0
672	979	1.0
672	980	1.0
672	981	1.0
672	982	1.0
672	983	1.0
672	984	1.0
672	985	1.0
672	986	1.0
672	987	1.0
672	988	1.0
672	989	1.0
672	990	1.0
672	991	1.0
672	992	1.0
672	993	1.0
672	994	1.0
672	995	1.0
672	996	1.0
672	997	1.0
672	998	1.0
672	999	1.0
672	1000	1.0
672	1001	1.0
672	1002	1.0
672	1003	1.0
672	1004	1.0
672	1005	1.0
672	1006	1.0
672	1007	1.0
672	1008	1.0
672	1009	1.0
672	1010	1.0
672	1011	1.0
672	1012	1.0
672	1013	1.0
672	1014	1.0
672	1015	1.0
672	1016	1.0
672	1017	1.0
672	1018	1.0
672	1019	1.0
672	1020	1.0
672	1021	1.0
672	1022	1.0
672	1023	1.0
672	1024	1.0
672	1025	1.0
672	1026	1.0
672	1027	1.0
672	1028	1.0
672	1029	1.0
672	1030	1.0
672	1031	1.0
672	1032	1.0
672	1033	1.0
672	1034	1.0
672	1035	1.0
672	1036	1.0
672	1037	1.0
672	1038	1.0
672	1039	1.0
672	1040	1.0
672	1041	1.0
672	1042	1.0
672	1043	1.0
672	1044	1.0
672	1045	1.0
672	1046	1.0
672	1047	1.0
672	1048	1.0
672	1049	1.0
672	1050	1.0
672	1051	1.0
672	1052	1.0
672	1053	1.0
672	1054	1.0
672	1055	1.0
672	1056	1.0
672	1057	1.0
672	1058	1.0
672	1059	1.0
672	1060	1.0
672	1061	1.0
672	1062	1.0
672	1063	1.0
672	1064	1.0
672	1065	1.0
672	1066	1.0
672	1067	1.0
672	1068	1.0
672	1069	1.0
672	1070	1.0
1070	1071	1.0
1070	1072	1.0
1070	1073	1.0
1070	1074	1.0
672	1075	1.0
672	1076	1.0
672	1077	1.0
672	1078	1.0
672	1079	1.0
672	1080	1.0
672	1081	1.0
672	1082	1.0
672	1083	1.0
672	1084	1.0
1084	1085	1.0
1084	1086	1.0
1084	1087	1.0
1084	1088	1.0
1084	1089	1.0
1084	1090	1.0
1084	1091	1.0
1084	1092	1.0
1084	1093	1.0
1084	1094	1.0
1084	1095	1.0
1084	1096	1.0
1084	1097	1.0
672	1098	1.0
672	1099	1.0
672	1100	1.0
672	1101	1.0
672	1102	1.0
672	1103	1.0
672	1104	1.0
672	1105	1.0
672	1106	1.0
672	1107	1.0
672	1108	1.0
672	1109	1.0
672	1110	1.0
672	1111	1.0
672	1112	1.0
672	1113	1.0
672	1114	1.0
672	1115	1.0
672	1116	1.0
672	1117	1.0
672	1118	1.0
672	1119	1.0
672	1120	1.0
672	1121	1.0
672	1122	1.0
672	1123	1.0
672	1124	1.0
672	1125	1.0
672	1126	1.0
672	1127	1.0
672	1128	1.0
672	1129	1.0
672	1130	1.0
672	1131	1.0
672	1132	1.0
672	1133	1.0
672	1134	1.0
672	1135	1.0
672	1136	1.0
672	1137	1.0
672	1138	1.0
672	1139	1.0
672	1140	1.0
672	1141	1.0
672	1142	1.0
672	1143	1.0
672	1144	1.0
672	1145	1.0
672	1146	1.0
672	1147	1.0
672	1148	1.0
672	1149	1.0
672	1150	1.0
672	1151	1.0
672	1152	1.0
672	1153	1.0
672	1154	1.0
672	1155	1.0
672	1156	1.0
672	1157	1.0
672	1158	1.0
672	1159	1.0
672	1160	1.0
672	1161	1.0
672	1162	1.0
672	1163	1.0
672	1164	1.0
672	1165	1.0
672	1166	1.0
672	1167	1.0
672	1168	1.0
672	1169	1.0
672	1170	1.0
672	1171	1.0
672	1172	1.0
672	1173	1.0
672	1174	1.0
672	1175	1.0
672	1176	1.0
672	1177	1.0
672	1178	1.0
672	1179	1.0
672	1180	1.0
672	1181	1.0
672	1182	1.0
672	1183	1.0
672	1184	1.0
672	1185	1.0
672	1186	1.0
672	1187	1.0
672	1188	1.0
672	1189	1.0
672	1190	1.0
672	1191	1.0
672	1192	1.0
672	1193	1.0
672	1194	1.0
672	1195	1.0
672	1196	1.0
672	1197	1.0
672	1198	1.0
672	1199	1.0
672	1200	1.0
672	1201	1.0
672	1202	1.0
672	1203	1.0
672	1204	1.0
672	1205	1.0
672	1206	1.0
672	1207	1.0
672	1208	1.0
672	1209	1.0
672	1210	1.0
672	1211	1.0
672	1212	1.0
672	1213	1.0
672	1214	1.0
672	1215	1.0
672	1216	1.0
672	1217	1.0
672	1218	1.0
672	1219	1.0
672	1220	1.0
672	1221	1.0
672	1222	1.0
672	1223	1.0
672	1224	1.0
672	1225	1.0
672	1226	1.0
672	1227	1.0
672	1228	1.0
672	1229	1.0
672	1230	1.0
672	1231	1.0
672	1232	1.0
672	1233	1.0
672	1234	1.0
672	1235	1.0
672	1236	1.0
672	1237	1.0
672	1238	1.0
672	1239	1.0
672	1240	1.0
672	1241	1.0
672	1242	1.0
672	1243	1.0
672	1244	1.0
672	1245	1.0
672	1246	1.0
672	1247	1.0
672	1248	1.0
672	1249	1.0
672	1250	1.0
672	1251	1.0
672	1252	1.0
672	1253	1.0
672	1254	1.0
672	1255	1.0
672	1256	1.0
672	1257	1.0
672	1258	1.0
672	1259	1.0
672	1260	1.0
672	1261	1.0
672	1262	1.0
672	1263	1.0
672	1264	1.0
672	1265	1.0
672	1266	1.0
672	1267	1.0
672	1268	1.0
672	1269	1.0
672	1270	1.0
672	1271	1.0
672	1272	1.0
672	1273	1.0
672	1274	1.0
672	1275	1.0
672	1276	1.0
672	1277	1.0
672	1278	1.0
672	1279	1.0
672	1280	1.0
672	1281	1.0
672	1282	1.0
672	1283	1.0
672	1284	1.0
672	1285	1.0
672	1286	1.0
672	1287	1.0
672	1288	1.0
672	1289	1.0
672	1290	1.0
672	1291	1.0
672	1292	1.0
672	1293	1.0
672	1294	1.0
672	1295	1.0
672	1296	1.0
672	1297	1.0
672	1298	1.0
672	1299	1.0
672	1300	1.0
672	1301	1.0
672	1302	1.0
672	1303	1.0
672	1304	1.0
672	1305	1.0
672	1306	1.0
672	1307	1.0
70	1308	1.0
70	1309	1.0
70	1310	1.0
70	1311	1.0
70	1312	1.0
70	1313	1.0
70	1314	1.0
70	1315	1.0
70	1316	1.0
70	1317	1.0
70	1318	1.0
70	1319	1.0
70	1320	1.0
70	1321	1.0
70	1322	1.0
70	1323	1.0
70	1324	1.0
70	1325	1.0
70	1326	1.0
70	1327	1.0
70	1328	1.0
70	1329	1.0
70	1330	1.0
70	1331	1.0
70	1332	1.0
70	1333	1.0
70	1334	1.0
70	1335	1.0
70	1336	1.0
70	1337	1.0
70	1338	1.0
70	1339	1.0
70	1340	1.0
70	1341	1.0
70	1342	1.0
70	1343	1.0
70	1344	1.0
70	1345	1.0
70	1346	1.0
70	1347	1.0
70	1348	1.0
70	1349	1.0
70	1350	1.0
70	1351	1.0
70	1352	1.0
70	1353	1.0
70	1354	1.0
70	1355	1.0
70	1356	1.0
70	1357	1.0
70	1358	1.0
70	1359	1.0
70	1360	1.0
70	1361	1.0
70	1362	1.0
70	1363	1.0
70	1364	1.0
70	1365	1.0
70	1366	1.0
70	1367	1.0
70	1368	1.0
70	1369	1.0
70	1370	1.0
70	1371	1.0
70	1372	1.0
70	1373	1.0
70	1374	1.0
70	1375	1.0
70	1376	1.0
70	1377	1.0
70	1378	1.0
1378	1379	1.0
1378	1380	1.0
1378	1381	1.0
1378	1382	1.0
1378	1383	1.0
1378	1384	1.0
1378	1385	1.0
1378	1386	1.0
1378	1387	1.0
1378	1388	1.0
1378	1389	1.0
1378	1390	1.0
1378	1391	1.0
1378	1392	1.0
1378	1393	1.0
1378	1394	1.0
1378	1395	1.0
1378	1396	1.0
70	1397	1.0
70	1398	1.0
70	1399	1.0
70	1400	1.0
70	1401	1.0
70	1402	1.0
70	1403	1.0
70	1404	1.0
70	1405	1.0
70	1406	1.0
70	1407	1.0
70	1408	1.0
70	1409	1.0
70	1410	1.0
70	1411	1.0
70	1412	1.0
70	1413	1.0
70	1414	1.0
70	1415	1.0
70	1416	1.0
70	1417	1.0
70	1418	1.0
70	1419	1.0
70	1420	1.0
70	1421	1.0
70	1422	1.0
70	1423	1.0
70	1424	1.0
70	1425	1.0
70	1426	1.0
70	1427	1.0
70	1428	1.0
70	1429	1.0
70	1430	1.0
70	1431	1.0
70	1432	1.0
70	1433	1.0
70	1434	1.0
70	1435	1.0
70	1436	1.0
70	1437	1.0
70	1438	1.0
70	1439	1.0
70	1440	1.0
70	1441	1.0
70	1442	1.0
70	1443	1.0
70	1444	1.0
70	1445	1.0
70	1446	1.0
70	1447	1.0
70	1448	1.0
70	1449	1.0
70	1450	1.0
70	1451	1.0
70	1452	1.0
70	1453	1.0
1453	1454	1.0
1453	1455	1.0
1453	1456	1.0
1453	1457	1.0
1453	1458	1.0
70	1459	1.0
70	1460	1.0
70	1461	1.0
70	1462	1.0
70	1463	1.0
70	1464	1.0
70	1465	1.0
70	1466	1.0
70	1467	1.0
70	1468	1.0
70	1469	1.0
70	1470	1.0
70	1471	1.0
70	1472	1.0
70	1473	1.0
70	1474	1.0
70	1475	1.0
70	1476	1.0
70	1477	1.0
70	1478	1.0
70	1479	1.0
70	1480	1.0
70	1481	1.0
70	1482	1.0
70	1483	1.0
70	1484	1.0
70	1485	1.0
70	1486	1.0
70	1487	1.0
70	1488	1.0
70	1489	1.0
70	1490	1.0
70	1491	1.0
70	1492	1.0
70	1493	1.0
70	1494	1.0
70	1495	1.0
70	1496	1.0
70	1497	1.0
70	1498	1.0
70	1499	1.0
70	1500	1.0
70	1501	1.0
70	1502	1.0
70	1503	1.0
70	1504	1.0
70	1505	1.0
70	1506	1.0
1506	1507	1.0
1506	1508	1.0
1506	1509	1.0
1506	1510	1.0
70	1511	1.0
70	1512	1.0
70	1513	1.0
70	1514	1.0
70	1515	1.0
70	1516	1.0
70	1517	1.0
70	1518	1.0
70	1519	1.0
70	1520	1.0
70	1521	1.0
70	1522	1.0
70	1523	1.0
70	1524	1.0
1524	1525	1.0
1524	1526	1.0
1524	1527	1.0
1524	1528	1.0
1524	1529	1.0
1524	1530	1.0
1524	1531	1.0
1524	1532	1.0
1524	1533	1.0
1524	1534	1.0
1524	1535	1.0
1524	1536	1.0
1524	1537	1.0
70	1538	1.0
70	1539	1.0
70	1540	1.0
70	1541	1.0
70	1542	1.0
70	1543	1.0
70	1544	1.0
70	1545	1.0
70	1546	1.0
70	1547	1.0
70	1548	1.0
70	1549	1.0
70	1550	1.0
70	1551	1.0
70	1552	1.0
70	1553	1.0
70	1554	1.0
70	1555	1.0
70	1556	1.0
70	1557	1.0
70	1558	1.0
70	1559	1.0
70	1560	1.0
70	1561	1.0
70	1562	1.0
70	1563	1.0
70	1564	1.0
70	1565	1.0
70	1566	1.0
70	1567	1.0
70	1568	1.0
70	1569	1.0
70	1570	1.0
70	1571	1.0
70	1572	1.0
70	1573	1.0
70	1574	1.0
70	1575	1.0
70	1576	1.0
70	1577	1.0
70	1578	1.0
70	1579	1.0
70	1580	1.0
70	1581	1.0
70	1582	1.0
70	1583	1.0
70	1584	1.0
70	1585	1.0
70	1586	1.0
70	1587	1.0
70	1588	1.0
70	1589	1.0
70	1590	1.0
70	1591	1.0
70	1592	1.0
70	1593	1.0
70	1594	1.0
70	1595	1.0
70	1596	1.0
70	1597	1.0
70	1598	1.0
70	1599	1.0
70	1600	1.0
70	1601	1.0
70	1602	1.0
70	1603	1.0
70	1604	1.0
70	1605	1.0
70	1606	1.0
70	1607	1.0
70	1608	1.0
70	1609	1.0
70	1610	1.0
70	1611	1.0
70	1612	1.0
70	1613	1.0
70	1614	1.0
70	1615	1.0
70	1616	1.0
70	1617	1.0
70	1618	1.0
70	1619	1.0
70	1620	1.0
70	1621	1.0
70	1622	1.0
70	1623	1.0
70	1624	1.0
70	1625	1.0
70	1626	1.0
70	1627	1.0
70	1628	1.0
70	1629	1.0
70	1630	1.0
70	1631	1.0
70	1632	1.0
70	1633	1.0
70	1634	1.0
70	1635	1.0
70	1636	1.0
70	1637	1.0
70	1638	1.0
70	1639	1.0
70	1640	1.0
70	1641	1.0
70	1642	1.0
70	1643	1.0
70	1644	1.0
70	1645	1.0
70	1646	1.0
70	1647	1.0
70	1648	1.0
70	1649	1.0
70	1650	1.0
70	1651	1.0
70	1652	1.0
70	1653	1.0
70	1654	1.0
70	1655	1.0
70	1656	1.0
70	1657	1.0
70	1658	1.0
70	1659	1.0
70	1660	1.0
70	1661	1.0
70	1662	1.0
70	1663	1.0
70	1664	1.0
70	1665	1.0
70	1666	1.0
70	1667	1.0
70	1668	1.0
70	1669	1.0
70	1670	1.0
70	1671	1.0
70	1672	1.0
70	1673	1.0
70	1674	1.0
70	1675	1.0
70	1676	1.0
70	1677	1.0
1677	1678	1.0
1677	1679	1.0
1677	1680	1.0
1677	1681	1.0
1677	1682	1.0
70	1683	1.0
70	1684	1.0
70	1685	1.0
70	1686	1.0
70	1687	1.0
70	1688	1.0
70	1689	1.0
70	1690	1.0
70	1691	1.0
70	1692	1.0
70	1693	1.0
70	1694	1.0
70	1695	1.0
70	1696	1.0
70	1697	1.0
70	1698	1.0
70	1699	1.0
70	1700	1.0
70	1701	1.0
70	1702	1.0
70	1703	1.0
70	1704	1.0
70	1705	1.0
70	1706	1.0
70	1707	1.0
70	1708	1.0
70	1709	1.0
70	1710	1.0
70	1711	1.0
70	1712	1.0
70	1713	1.0
70	1714	1.0
70	1715	1.0
70	1716	1.0
70	1717	1.0
70	1718	1.0
70	1719	1.0
70	1720	1.0
70	1721	1.0
70	1722	1.0
70	1723	1.0
70	1724	1.0
70	1725	1.0
70	1726	1.0
70	1727	1.0
70	1728	1.0
70	1729	1.0
70	1730	1.0
70	1731	1.0
70	1732	1.0
1732	1733	1.0
1732	1734	1.0
1732	1735	1.0
1732	1736	1.0
1732	1737	1.0
1732	1738	1.0
1732	1739	1.0
1732	1740	1.0
1732	1741	1.0
1732	1742	1.0
1732	1743	1.0
1732	1744	1.0
70	1745	1.0
70	1746	1.0
70	1747	1.0
70	1748	1.0
70	1749	1.0
70	1750	1.0
70	1751	1.0
70	1752	1.0
70	1753	1.0
70	1754	1.0
70	1755	1.0
70	1756	1.0
70	1757	1.0
70	1758	1.0
70	1759	1.0
70	1760	1.0
70	1761	1.0
70	1762	1.0
70	1763	1.0
70	1764	1.0
70	1765	1.0
70	1766	1.0
70	1767	1.0
70	1768	1.0
70	1769	1.0
70	1770	1.0
70	1771	1.0
70	1772	1.0
70	1773	1.0
70	1774	1.0
70	1775	1.0
70	1776	1.0
70	1777	1.0
70	1778	1.0
70	1779	1.0
70	1780	1.0
70	1781	1.0
1781	1782	1.0
1781	1783	1.0
1781	1784	1.0
1781	1785	1.0
1781	1786	1.0
1781	1787	1.0
1781	1788	1.0
1781	1789	1.0
1781	1790	1.0
1781	1791	1.0
1781	1792	1.0
1781	1793	1.0
1781	1794	1.0
70	1795	1.0
70	1796	1.0
70	1797	1.0
70	1798	1.0
70	1799	1.0
70	1800	1.0
70	1801	1.0
70	1802	1.0
70	1803	1.0
70	1804	1.0
70	1805	1.0
70	1806	1.0
70	1807	1.0
70	1808	1.0
70	1809	1.0
70	1810	1.0
70	1811	1.0
70	1812	1.0
70	1813	1.0
70	1814	1.0
70	1815	1.0
70	1816	1.0
70	1817	1.0
70	1818	1.0
70	1819	1.0
70	1820	1.0
70	1821	1.0
70	1822	1.0
70	1823	1.0
70	1824	1.0
70	1825	1.0
70	1826	1.0
70	1827	1.0
70	1828	1.0
70	1829	1.0
70	1830	1.0
70	1831	1.0
70	1832	1.0
70	1833	1.0
70	1834	1.0
70	1835	1.0
70	1836	1.0
70	1837	1.0
70	1838	1.0
70	1839	1.0
70	1840	1.0
70	1841	1.0
70	1842	1.0
70	1843	1.0
70	1844	1.0
70	1845	1.0
70	1846	1.0
70	1847	1.0
70	1848	1.0
70	1849	1.0
70	1850	1.0
70	1851	1.0
70	1852	1.0
70	1853	1.0
70	1854	1.0
70	1855	1.0
70	1856	1.0
70	1857	1.0
70	1858	1.0
1858	1859	1.0
1858	1860	1.0
1858	1861	1.0
1858	1862	1.0
70	1863	1.0
70	1864	1.0
70	1865	1.0
70	1866	1.0
70	1867	1.0
70	1868	1.0
70	1869	1.0
70	1870	1.0
70	1871	1.0
70	1872	1.0
70	1873	1.0
70	1874	1.0
70	1875	1.0
70	1876	1.0
70	1877	1.0
70	1878	1.0
70	1879	1.0
70	1880	1.0
70	1881	1.0
70	1882	1.0
70	1883	1.0
70	1884	1.0
70	1885	1.0
70	1886	1.0
70	1887	1.0
70	1888	1.0
70	1889	1.0
70	1890	1.0
69	1891	1.0
66	1892	1.0
66	1893	1.0
66	1894	1.0
66	1895	1.0
66	1896	1.0
66	1897	1.0
66	1898	1.0
66	1899	1.0
66	1900	1.0
66	1901	1.0
30	1902	1.0
30	1903	1.0
17	1904	1.0
17	1905	1.0
17	1906	1.0
17	1907	1.0
17	1908	1.0
17	1909	1.0
17	1910	1.0
17	1911	1.0
17	1912	1.0
17	1913	1.0
17	1914	1.0
17	1915	1.0
17	1916	1.0
17	1917	1.0
17	1918	1.0
17	1919	1.0
17	1920	1.0
17	1921	1.0
17	1922	1.0
17	1923	1.0
17	1924	1.0
17	1925	1.0
17	1926	1.0
17	1927	1.0
17	1928	1.0
17	1929	1.0
17	1930	1.0
17	1931	1.0
17	1932	1.0
17	1933	1.0
17	1934	1.0
17	1935	1.0
17	1936	1.0
17	1937	1.0
17	1938	1.0
17	1939	1.0
17	1940	1.0
17	1941	1.0
17	1942	1.0
17	1943	1.0
17	1944	1.0
17	1945	1.0
17	1946	1.0
17	1947	1.0
17	1948	1.0
17	1949	1.0
17	1950	1.0
17	1951	1.0
17	1952	1.0
17	1953	1.0
17	1954	1.0
17	1955	1.0
17	1956	1.0
17	1957	1.0
17	1958	1.0
17	1959	1.0
17	1960	1.0
17	1961	1.0
17	1962	1.0
17	1963	1.0
17	1964	1.0
17	1965	1.0
17	1966	1.0
17	1967	1.0
17	1968	1.0
17	1969	1.0
17	1970	1.0
17	1971	1.0
17	1972	1.0
17	1973	1.0
17	1974	1.0
17	1975	1.0
17	1976	1.0
17	1977	1.0
17	1978	1.0
17	1979	1.0
17	1980	1.0
17	1981	1.0
17	1982	1.0
17	1983	1.0
17	1984	1.0
17	1985	1.0
17	1986	1.0
17	1987	1.0
17	1988	1.0
17	1989	1.0
17	1990	1.0
17	1991	1.0
17	1992	1.0
17	1993	1.0
17	1994	1.0
17	1995	1.0
17	1996	1.0
17	1997	1.0
17	1998	1.0
17	1999	1.0
17	2000	1.0
17	2001	1.0
17	2002	1.0
17	2003	1.0
17	2004	1.0
17	2005	1.0
17	2006	1.0
17	2007	1.0
17	2008	1.0
17	2009	1.0
17	2010	1.0
17	2011	1.0
17	2012	1.0
17	2013	1.0
17	2014	1.0
17	2015	1.0
17	2016	1.0
17	2017	1.0
17	2018	1.0
17	2019	1.0
17	2020	1.0
17	2021	1.0
17	2022	1.0
17	2023	1.0
17	2024	1.0
17	2025	1.0
17	2026	1.0
17	2027	1.0
17	2028	1.0
17	2029	1.0
13	2030	1.0
13	2031	1.0
10	2032	1.0
5	2033	1.0
0	2034	1.0
