0	1	1.0
1	2	1.0
2	3	1.0
3	4	1.0
3	5	1.0
5	6	1.0
5	7	1.0
5	8	1.0
5	9	1.0
5	10	1.0
5	11	1.0
11	12	1.0
11	13	1.0
13	14	1.0
14	15	1.0
14	16	1.0
14	17	1.0
14	18	1.0
14	19	1.0
14	20	1.0
14	21	1.0
21	22	1.0
21	23	1.0
23	24	1.0
24	25	1.0
25	26	1.0
25	27	1.0
25	28	1.0
25	29	1.0
25	30	1.0
25	31	1.0
25	32	1.0
25	33	1.0
25	34	1.0
25	35	1.0
25	36	1.0
36	37	1.0
36	38	1.0
36	39	1.0
36	40	1.0
36	41	1.0
36	42	1.0
36	43	1.0
36	44	1.0
36	45	1.0
36	46	1.0
36	47	1.0
36	48	1.0
36	49	1.0
36	50	1.0
36	51	1.0
36	52	1.0
36	53	1.0
36	54	1.0
36	55	1.0
36	56	1.0
56	57	1.0
56	58	1.0
56	59	1.0
56	60	1.0
56	61	1.0
56	62	1.0
56	63	1.0
63	64	1.0
63	65	1.0
63	66	1.0
63	67	1.0
56	68	1.0
56	69	1.0
56	70	1.0
56	71	1.0
56	72	1.0
56	73	1.0
56	74	1.0
56	75	1.0
56	76	1.0
56	77	1.0
56	78	1.0
56	79	1.0
36	80	1.0
36	81	1.0
36	82	1.0
36	83	1.0
36	84	1.0
36	85	1.0
36	86	1.0
36	87	1.0
36	88	1.0
36	89	1.0
36	90	1.0
90	91	1.0
90	92	1.0
90	93	1.0
90	94	1.0
90	95	1.0
90	96	1.0
90	97	1.0
90	98	1.0
90	99	1.0
90	100	1.0
90	101	1.0
90	102	1.0
90	103	1.0
90	104	1.0
90	105	1.0
90	106	1.0
90	107	1.0
90	108	1.0
90	109	1.0
90	110	1.0
90	111	1.0
90	112	1.0
90	113	1.0
90	114	1.0
90	115	1.0
90	116	1.0
90	117	1.0
90	118	1.0
90	119	1.0
90	120	1.0
90	121	1.0
90	122	1.0
90	123	1.0
90	124	1.0
90	125	1.0
90	126	1.0
90	127	1.0
90	128	1.0
90	129	1.0
90	130	1.0
90	131	1.0
90	132	1.0
90	133	1.0
90	134	1.0
90	135	1.0
90	136	1.0
90	137	1.0
90	138	1.0
90	139	1.0
90	140	1.0
140	141	1.0
140	142	1.0
140	143	1.0
140	144	1.0
140	145	1.0
90	146	1.0
90	147	1.0
90	148	1.0
90	149	1.0
90	150	1.0
90	151	1.0
90	152	1.0
90	153	1.0
90	154	1.0
90	155	1.0
90	156	1.0
90	157	1.0
90	158	1.0
158	159	1.0
158	160	1.0
158	161	1.0
158	162	1.0
158	163	1.0
158	164	1.0
158	165	1.0
158	166	1.0
158	167	1.0
158	168	1.0
158	169	1.0
169	170	1.0
169	171	1.0
169	172	1.0
169	173	1.0
158	174	1.0
158	175	1.0
158	176	1.0
158	177	1.0
158	178	1.0
158	179	1.0
158	180	1.0
158	181	1.0
158	182	1.0
158	183	1.0
158	184	1.0
90	185	1.0
185	186	1.0
185	187	1.0
185	188	1.0
185	189	1.0
185	190	1.0
90	191	1.0
90	192	1.0
90	193	1.0
90	194	1.0
90	195	1.0
90	196	1.0
90	197	1.0
90	198	1.0
90	199	1.0
90	200	1.0
36	201	1.0
36	202	1.0
36	203	1.0
36	204	1.0
36	205	1.0
36	206	1.0
36	207	1.0
36	208	1.0
36	209	1.0
36	210	1.0
36	211	1.0
36	212	1.0
36	213	1.0
36	214	1.0
36	215	1.0
36	216	1.0
36	217	1.0
36	218	1.0
36	219	1.0
36	220	1.0
36	221	1.0
36	222	1.0
36	223	1.0
36	224	1.0
36	225	1.0
36	226	1.0
36	227	1.0
36	228	1.0
36	229	1.0
36	230	1.0
36	231	1.0
36	232	1.0
36	233	1.0
36	234	1.0
36	235	1.0
36	236	1.0
36	237	1.0
36	238	1.0
36	239	1.0
36	240	1.0
36	241	1.0
36	242	1.0
36	243	1.0
36	244	1.0
36	245	1.0
36	246	1.0
36	247	1.0
36	248	1.0
36	249	1.0
36	250	1.0
36	251	1.0
36	252	1.0
36	253	1.0
36	254	1.0
36	255	1.0
36	256	1.0
36	257	1.0
36	258	1.0
36	259	1.0
36	260	1.0
36	261	1.0
36	262	1.0
36	263	1.0
36	264	1.0
36	265	1.0
36	266	1.0
36	267	1.0
36	268	1.0
36	269	1.0
36	270	1.0
36	271	1.0
36	272	1.0
36	273	1.0
36	274	1.0
36	275	1.0
36	276	1.0
36	277	1.0
36	278	1.0
36	279	1.0
279	280	1.0
279	281	1.0
279	282	1.0
279	283	1.0
279	284	1.0
279	285	1.0
279	286	1.0
279	287	1.0
279	288	1.0
279	289	1.0
279	290	1.0
279	291	1.0
36	292	1.0
36	293	1.0
36	294	1.0
36	295	1.0
36	296	1.0
36	297	1.0
36	298	1.0
36	299	1.0
36	300	1.0
36	301	1.0
36	302	1.0
36	303	1.0
36	304	1.0
36	305	1.0
36	306	1.0
36	307	1.0
36	308	1.0
36	309	1.0
36	310	1.0
36	311	1.0
36	312	1.0
36	313	1.0
36	314	1.0
36	315	1.0
36	316	1.0
36	317	1.0
36	318	1.0
36	319	1.0
36	320	1.0
36	321	1.0
36	322	1.0
36	323	1.0
36	324	1.0
36	325	1.0
36	326	1.0
36	327	1.0
36	328	1.0
36	329	1.0
36	330	1.0
36	331	1.0
36	332	1.0
36	333	1.0
36	334	1.0
36	335	1.0
36	336	1.0
36	337	1.0
36	338	1.0
36	339	1.0
36	340	1.0
36	341	1.0
36	342	1.0
36	343	1.0
36	344	1.0
36	345	1.0
36	346	1.0
36	347	1.0
36	348	1.0
36	349	1.0
36	350	1.0
36	351	1.0
36	352	1.0
36	353	1.0
36	354	1.0
36	355	1.0
36	356	1.0
36	357	1.0
36	358	1.0
36	359	1.0
36	360	1.0
360	361	1.0
360	362	1.0
360	363	1.0
360	364	1.0
360	365	1.0
360	366	1.0
360	367	1.0
360	368	1.0
360	369	1.0
360	370	1.0
360	371	1.0
360	372	1.0
360	373	1.0
360	374	1.0
360	375	1.0
360	376	1.0
360	377	1.0
360	378	1.0
360	379	1.0
360	380	1.0
360	381	1.0
360	382	1.0
360	383	1.0
360	384	1.0
360	385	1.0
360	386	1.0
360	387	1.0
360	388	1.0
360	389	1.0
360	390	1.0
360	391	1.0
360	392	1.0
360	393	1.0
360	394	1.0
360	395	1.0
360	396	1.0
360	397	1.0
360	398	1.0
360	399	1.0
399	400	1.0
399	401	1.0
399	402	1.0
399	403	1.0
399	404	1.0
399	405	1.0
399	406	1.0
399	407	1.0
399	408	1.0
399	409	1.0
399	410	1.0
399	411	1.0
399	412	1.0
399	413	1.0
399	414	1.0
399	415	1.0
399	416	1.0
399	417	1.0
399	418	1.0
399	419	1.0
399	420	1.0
399	421	1.0
399	422	1.0
399	423	1.0
399	424	1.0
399	425	1.0
399	426	1.0
399	427	1.0
399	428	1.0
399	429	1.0
399	430	1.0
399	431	1.0
399	432	1.0
399	433	1.0
399	434	1.0
399	435	1.0
399	436	1.0
436	437	1.0
436	438	1.0
436	439	1.0
436	440	1.0
436	441	1.0
436	442	1.0
436	443	1.0
436	444	1.0
436	445	1.0
436	446	1.0
436	447	1.0
436	448	1.0
436	449	1.0
436	450	1.0
436	451	1.0
436	452	1.0
436	453	1.0
436	454	1.0
436	455	1.0
436	456	1.0
436	457	1.0
436	458	1.0
436	459	1.0
436	460	1.0
436	461	1.0
436	462	1.0
436	463	1.0
436	464	1.0
436	465	1.0
436	466	1.0
436	467	1.0
436	468	1.0
436	469	1.0
436	470	1.0
436	471	1.0
436	472	1.0
436	473	1.0
436	474	1.0
436	475	1.0
436	476	1.0
436	477	1.0
436	478	1.0
436	479	1.0
399	480	1.0
399	481	1.0
399	482	1.0
399	483	1.0
399	484	1.0
399	485	1.0
399	486	1.0
399	487	1.0
399	488	1.0
399	489	1.0
399	490	1.0
399	491	1.0
399	492	1.0
399	493	1.0
399	494	1.0
399	495	1.0
399	496	1.0
399	497	1.0
399	498	1.0
399	499	1.0
399	500	1.0
399	501	1.0
399	502	1.0
399	503	1.0
399	504	1.0
399	505	1.0
399	506	1.0
399	507	1.0
399	508	1.0
399	509	1.0
399	510	1.0
399	511	1.0
399	512	1.0
399	513	1.0
399	514	1.0
399	515	1.0
399	516	1.0
399	517	1.0
399	518	1.0
399	519	1.0
399	520	1.0
399	521	1.0
521	522	1.0
521	523	1.0
521	524	1.0
521	525	1.0
521	526	1.0
521	527	1.0
521	528	1.0
521	529	1.0
521	530	1.0
521	531	1.0
521	532	1.0
521	533	1.0
521	534	1.0
521	535	1.0
521	536	1.0
521	537	1.0
521	538	1.0
521	539	1.0
521	540	1.0
521	541	1.0
521	542	1.0
521	543	1.0
521	544	1.0
521	545	1.0
521	546	1.0
521	547	1.0
521	548	1.0
521	549	1.0
521	550	1.0
521	551	1.0
521	552	1.0
521	553	1.0
553	554	1.0
553	555	1.0
553	556	1.0
553	557	1.0
553	558	1.0
553	559	1.0
553	560	1.0
553	561	1.0
553	562	1.0
553	563	1.0
553	564	1.0
553	565	1.0
553	566	1.0
553	567	1.0
553	568	1.0
553	569	1.0
553	570	1.0
553	571	1.0
553	572	1.0
553	573	1.0
553	574	1.0
553	575	1.0
553	576	1.0
553	577	1.0
553	578	1.0
553	579	1.0
553	580	1.0
553	581	1.0
553	582	1.0
553	583	1.0
553	584	1.0
553	585	1.0
553	586	1.0
521	587	1.0
521	588	1.0
521	589	1.0
521	590	1.0
521	591	1.0
521	592	1.0
521	593	1.0
521	594	1.0
521	595	1.0
521	596	1.0
521	597	1.0
521	598	1.0
521	599	1.0
521	600	1.0
521	601	1.0
521	602	1.0
521	603	1.0
603	604	1.0
603	605	1.0
603	606	1.0
603	607	1.0
603	608	1.0
603	609	1.0
603	610	1.0
603	611	1.0
603	612	1.0
521	613	1.0
521	614	1.0
521	615	1.0
521	616	1.0
521	617	1.0
521	618	1.0
521	619	1.0
521	620	1.0
521	621	1.0
521	622	1.0
521	623	1.0
521	624	1.0
521	625	1.0
521	626	1.0
626	627	1.0
626	628	1.0
626	629	1.0
626	630	1.0
626	631	1.0
521	632	1.0
521	633	1.0
521	634	1.0
521	635	1.0
521	636	1.0
521	637	1.0
521	638	1.0
521	639	1.0
521	640	1.0
521	641	1.0
521	642	1.0
521	643	1.0
521	644	1.0
521	645	1.0
521	646	1.0
521	647	1.0
521	648	1.0
521	649	1.0
521	650	1.0
521	651	1.0
521	652	1.0
521	653	1.0
521	654	1.0
521	655	1.0
521	656	1.0
521	657	1.0
521	658	1.0
521	659	1.0
521	660	1.0
521	661	1.0
521	662	1.0
521	663	1.0
521	664	1.0
521	665	1.0
521	666	1.0
521	667	1.0
521	668	1.0
521	669	1.0
521	670	1.0
521	671	1.0
521	672	1.0
521	673	1.0
521	674	1.0
521	675	1.0
521	676	1.0
521	677	1.0
521	678	1.0
521	679	1.0
521	680	1.0
521	681	1.0
521	682	1.0
521	683	1.0
521	684	1.0
684	685	1.0
684	686	1.0
684	687	1.0
684	688	1.0
684	689	1.0
684	690	1.0
684	691	1.0
521	692	1.0
521	693	1.0
521	694	1.0
521	695	1.0
521	696	1.0
521	697	1.0
521	698	1.0
521	699	1.0
521	700	1.0
521	701	1.0
521	702	1.0
521	703	1.0
521	704	1.0
521	705	1.0
521	706	1.0
521	707	1.0
521	708	1.0
521	709	1.0
521	710	1.0
521	711	1.0
521	712	1.0
521	713	1.0
521	714	1.0
521	715	1.0
521	716	1.0
521	717	1.0
521	718	1.0
521	719	1.0
521	720	1.0
521	721	1.0
521	722	1.0
521	723	1.0
521	724	1.0
521	725	1.0
725	726	1.0
725	727	1.0
725	728	1.0
725	729	1.0
521	730	1.0
521	731	1.0
521	732	1.0
521	733	1.0
521	734	1.0
521	735	1.0
521	736	1.0
521	737	1.0
521	738	1.0
521	739	1.0
521	740	1.0
521	741	1.0
521	742	1.0
521	743	1.0
521	744	1.0
521	745	1.0
521	746	1.0
521	747	1.0
521	748	1.0
521	749	1.0
521	750	1.0
521	751	1.0
521	752	1.0
521	753	1.0
521	754	1.0
521	755	1.0
521	756	1.0
521	757	1.0
521	758	1.0
521	759	1.0
521	760	1.0
521	761	1.0
521	762	1.0
521	763	1.0
763	764	1.0
763	765	1.0
763	766	1.0
763	767	1.0
763	768	1.0
763	769	1.0
763	770	1.0
763	771	1.0
763	772	1.0
763	773	1.0
763	774	1.0
763	775	1.0
763	776	1.0
763	777	1.0
763	778	1.0
763	779	1.0
763	780	1.0
763	781	1.0
763	782	1.0
763	783	1.0
763	784	1.0
763	785	1.0
763	786	1.0
763	787	1.0
763	788	1.0
763	789	1.0
763	790	1.0
763	791	1.0
763	792	1.0
763	793	1.0
763	794	1.0
763	795	1.0
763	796	1.0
763	797	1.0
763	798	1.0
763	799	1.0
763	800	1.0
763	801	1.0
763	802	1.0
763	803	1.0
763	804	1.0
763	805	1.0
763	806	1.0
763	807	1.0
763	808	1.0
763	809	1.0
763	810	1.0
763	811	1.0
763	812	1.0
763	813	1.0
763	814	1.0
763	815	1.0
763	816	1.0
763	817	1.0
763	818	1.0
763	819	1.0
819	820	1.0
819	821	1.0
819	822	1.0
819	823	1.0
819	824	1.0
819	825	1.0
819	826	1.0
819	827	1.0
763	828	1.0
763	829	1.0
763	830	1.0
763	831	1.0
763	832	1.0
763	833	1.0
763	834	1.0
763	835	1.0
763	836	1.0
763	837	1.0
763	838	1.0
763	839	1.0
763	840	1.0
763	841	1.0
763	842	1.0
763	843	1.0
521	844	1.0
521	845	1.0
521	846	1.0
521	847	1.0
521	848	1.0
521	849	1.0
521	850	1.0
521	851	1.0
521	852	1.0
521	853	1.0
521	854	1.0
521	855	1.0
521	856	1.0
521	857	1.0
521	858	1.0
521	859	1.0
521	860	1.0
521	861	1.0
521	862	1.0
521	863	1.0
521	864	1.0
521	865	1.0
521	866	1.0
521	867	1.0
521	868	1.0
521	869	1.0
521	870	1.0
521	871	1.0
521	872	1.0
521	873	1.0
521	874	1.0
521	875	1.0
521	876	1.0
521	877	1.0
521	878	1.0
521	879	1.0
521	880	1.0
521	881	1.0
521	882	1.0
521	883	1.0
521	884	1.0
521	885	1.0
521	886	1.0
521	887	1.0
521	888	1.0
521	889	1.0
521	890	1.0
521	891	1.0
521	892	1.0
521	893	1.0
521	894	1.0
521	895	1.0
521	896	1.0
521	897	1.0
521	898	1.0
521	899	1.0
521	900	1.0
521	901	1.0
521	902	1.0
521	903	1.0
521	904	1.0
521	905	1.0
521	906	1.0
521	907	1.0
521	908	1.0
521	909	1.0
521	910	1.0
521	911	1.0
521	912	1.0
521	913	1.0
521	914	1.0
521	915	1.0
521	916	1.0
521	917	1.0
521	918	1.0
521	919	1.0
521	920	1.0
521	921	1.0
521	922	1.0
521	923	1.0
521	924	1.0
521	925	1.0
521	926	1.0
521	927	1.0
521	928	1.0
521	929	1.0
521	930	1.0
521	931	1.0
521	932	1.0
521	933	1.0
521	934	1.0
521	935	1.0
521	936	1.0
521	937	1.0
521	938	1.0
521	939	1.0
521	940	1.0
521	941	1.0
521	942	1.0
521	943	1.0
521	944	1.0
521	945	1.0
521	946	1.0
521	947	1.0
521	948	1.0
521	949	1.0
521	950	1.0
521	951	1.0
521	952	1.0
521	953	1.0
521	954	1.0
521	955	1.0
521	956	1.0
521	957	1.0
521	958	1.0
521	959	1.0
521	960	1.0
521	961	1.0
521	962	1.0
521	963	1.0
521	964	1.0
521	965	1.0
521	966	1.0
521	967	1.0
521	968	1.0
968	969	1.0
968	970	1.0
968	971	1.0
968	972	1.0
968	973	1.0
968	974	1.0
968	975	1.0
968	976	1.0
968	977	1.0
521	978	1.0
521	979	1.0
521	980	1.0
521	981	1.0
521	982	1.0
521	983	1.0
521	984	1.0
521	985	1.0
521	986	1.0
521	987	1.0
521	988	1.0
521	989	1.0
521	990	1.0
521	991	1.0
521	992	1.0
521	993	1.0
521	994	1.0
521	995	1.0
521	996	1.0
521	997	1.0
521	998	1.0
521	999	1.0
521	1000	1.0
521	1001	1.0
521	1002	1.0
521	1003	1.0
521	1004	1.0
521	1005	1.0
521	1006	1.0
521	1007	1.0
521	1008	1.0
521	1009	1.0
521	1010	1.0
521	1011	1.0
521	1012	1.0
521	1013	1.0
521	1014	1.0
521	1015	1.0
521	1016	1.0
521	1017	1.0
521	1018	1.0
1018	1019	1.0
1018	1020	1.0
1018	1021	1.0
1018	1022	1.0
1018	1023	1.0
1018	1024	1.0
1018	1025	1.0
1018	1026	1.0
1018	1027	1.0
1018	1028	1.0
1018	1029	1.0
1018	1030	1.0
1018	1031	1.0
1018	1032	1.0
1018	1033	1.0
1018	1034	1.0
1018	1035	1.0
521	1036	1.0
521	1037	1.0
521	1038	1.0
521	1039	1.0
521	1040	1.0
521	1041	1.0
521	1042	1.0
521	1043	1.0
521	1044	1.0
521	1045	1.0
521	1046	1.0
521	1047	1.0
521	1048	1.0
521	1049	1.0
521	1050	1.0
521	1051	1.0
521	1052	1.0
521	1053	1.0
1053	1054	1.0
1053	1055	1.0
1053	1056	1.0
1053	1057	1.0
1053	1058	1.0
1053	1059	1.0
1053	1060	1.0
1053	1061	1.0
1053	1062	1.0
1053	1063	1.0
1053	1064	1.0
1053	1065	1.0
1053	1066	1.0
1053	1067	1.0
1053	1068	1.0
1053	1069	1.0
1053	1070	1.0
1053	1071	1.0
1053	1072	1.0
1053	1073	1.0
1053	1074	1.0
1053	1075	1.0
1053	1076	1.0
1053	1077	1.0
1053	1078	1.0
1053	1079	1.0
1053	1080	1.0
1053	1081	1.0
1053	1082	1.0
1053	1083	1.0
1053	1084	1.0
1053	1085	1.0
1053	1086	1.0
1053	1087	1.0
1053	1088	1.0
1053	1089	1.0
1053	1090	1.0
1053	1091	1.0
1053	1092	1.0
1053	1093	1.0
1053	1094	1.0
1053	1095	1.0
1053	1096	1.0
1053	1097	1.0
1053	1098	1.0
1053	1099	1.0
1053	1100	1.0
1053	1101	1.0
1053	1102	1.0
1053	1103	1.0
1053	1104	1.0
1053	1105	1.0
1053	1106	1.0
1053	1107	1.0
1053	1108	1.0
1053	1109	1.0
1053	1110	1.0
1053	1111	1.0
1053	1112	1.0
1053	1113	1.0
1053	1114	1.0
1053	1115	1.0
1053	1116	1.0
1053	1117	1.0
1053	1118	1.0
1053	1119	1.0
1053	1120	1.0
1053	1121	1.0
1053	1122	1.0
1053	1123	1.0
1053	1124	1.0
1053	1125	1.0
1053	1126	1.0
1053	1127	1.0
1053	1128	1.0
1053	1129	1.0
1053	1130	1.0
1053	1131	1.0
1053	1132	1.0
1053	1133	1.0
1053	1134	1.0
1053	1135	1.0
1053	1136	1.0
1053	1137	1.0
1053	1138	1.0
1053	1139	1.0
1053	1140	1.0
1053	1141	1.0
1053	1142	1.0
1053	1143	1.0
1053	1144	1.0
1053	1145	1.0
1053	1146	1.0
1053	1147	1.0
1053	1148	1.0
1053	1149	1.0
1053	1150	1.0
1150	1151	1.0
1150	1152	1.0
1150	1153	1.0
1150	1154	1.0
1150	1155	1.0
1150	1156	1.0
1150	1157	1.0
1150	1158	1.0
1150	1159	1.0
1150	1160	1.0
1150	1161	1.0
1150	1162	1.0
1150	1163	1.0
1150	1164	1.0
1150	1165	1.0
1150	1166	1.0
1150	1167	1.0
1150	1168	1.0
1150	1169	1.0
1150	1170	1.0
1150	1171	1.0
1150	1172	1.0
1150	1173	1.0
1150	1174	1.0
1150	1175	1.0
1150	1176	1.0
1150	1177	1.0
1150	1178	1.0
1150	1179	1.0
1150	1180	1.0
1150	1181	1.0
1150	1182	1.0
1150	1183	1.0
1150	1184	1.0
1150	1185	1.0
1150	1186	1.0
1150	1187	1.0
1150	1188	1.0
1150	1189	1.0
1150	1190	1.0
1150	1191	1.0
1150	1192	1.0
1150	1193	1.0
1150	1194	1.0
1150	1195	1.0
1150	1196	1.0
1150	1197	1.0
1150	1198	1.0
1150	1199	1.0
1150	1200	1.0
1150	1201	1.0
1150	1202	1.0
1150	1203	1.0
1150	1204	1.0
1150	1205	1.0
1150	1206	1.0
1150	1207	1.0
1150	1208	1.0
1150	1209	1.0
1150	1210	1.0
1150	1211	1.0
1150	1212	1.0
1150	1213	1.0
1150	1214	1.0
1150	1215	1.0
1150	1216	1.0
1216	1217	1.0
1216	1218	1.0
1216	1219	1.0
1216	1220	1.0
1150	1221	1.0
1150	1222	1.0
1150	1223	1.0
1150	1224	1.0
1150	1225	1.0
1150	1226	1.0
1150	1227	1.0
1150	1228	1.0
1150	1229	1.0
1150	1230	1.0
1150	1231	1.0
1150	1232	1.0
1150	1233	1.0
1150	1234	1.0
1150	1235	1.0
1150	1236	1.0
1150	1237	1.0
1150	1238	1.0
1150	1239	1.0
1150	1240	1.0
1150	1241	1.0
1150	1242	1.0
1150	1243	1.0
1150	1244	1.0
1150	1245	1.0
1150	1246	1.0
1150	1247	1.0
1150	1248	1.0
1150	1249	1.0
1150	1250	1.0
1150	1251	1.0
1150	1252	1.0
1150	1253	1.0
1150	1254	1.0
1150	1255	1.0
1150	1256	1.0
1150	1257	1.0
1150	1258	1.0
1150	1259	1.0
1150	1260	1.0
1150	1261	1.0
1150	1262	1.0
1150	1263	1.0
1150	1264	1.0
1150	1265	1.0
1150	1266	1.0
1150	1267	1.0
1150	1268	1.0
1150	1269	1.0
1150	1270	1.0
1150	1271	1.0
1150	1272	1.0
1150	1273	1.0
1150	1274	1.0
1150	1275	1.0
1150	1276	1.0
1150	1277	1.0
1150	1278	1.0
1150	1279	1.0
1150	1280	1.0
1150	1281	1.0
1150	1282	1.0
1150	1283	1.0
1150	1284	1.0
1150	1285	1.0
1150	1286	1.0
1150	1287	1.0
1150	1288	1.0
1150	1289	1.0
1150	1290	1.0
1150	1291	1.0
1150	1292	1.0
1150	1293	1.0
1150	1294	1.0
1150	1295	1.0
1150	1296	1.0
1150	1297	1.0
1150	1298	1.0
1150	1299	1.0
1150	1300	1.0
1150	1301	1.0
1150	1302	1.0
1150	1303	1.0
1150	1304	1.0
1150	1305	1.0
1150	1306	1.0
1150	1307	1.0
1150	1308	1.0
1150	1309	1.0
1150	1310	1.0
1150	1311	1.0
1150	1312	1.0
1150	1313	1.0
1150	1314	1.0
1150	1315	1.0
1150	1316	1.0
1150	1317	1.0
1150	1318	1.0
1150	1319	1.0
1150	1320	1.0
1150	1321	1.0
1150	1322	1.0
1150	1323	1.0
1150	1324	1.0
1150	1325	1.0
1150	1326	1.0
1150	1327	1.0
1150	1328	1.0
1150	1329	1.0
1150	1330	1.0
1150	1331	1.0
1150	1332	1.0
1150	1333	1.0
1150	1334	1.0
1150	1335	1.0
1150	1336	1.0
1150	1337	1.0
1150	1338	1.0
1150	1339	1.0
1150	1340	1.0
1150	1341	1.0
1150	1342	1.0
1150	1343	1.0
1150	1344	1.0
1150	1345	1.0
1150	1346	1.0
1150	1347	1.0
1150	1348	1.0
1053	1349	1.0
1053	1350	1.0
1053	1351	1.0
1053	1352	1.0
1053	1353	1.0
1053	1354	1.0
1053	1355	1.0
1053	1356	1.0
1053	1357	1.0
1053	1358	1.0
1053	1359	1.0
1053	1360	1.0
1053	1361	1.0
1053	1362	1.0
1053	1363	1.0
1053	1364	1.0
1053	1365	1.0
1053	1366	1.0
1053	1367	1.0
1053	1368	1.0
1053	1369	1.0
1053	1370	1.0
1053	1371	1.0
1053	1372	1.0
1053	1373	1.0
1053	1374	1.0
1053	1375	1.0
1053	1376	1.0
1053	1377	1.0
1053	1378	1.0
1053	1379	1.0
1053	1380	1.0
1053	1381	1.0
1053	1382	1.0
1053	1383	1.0
1053	1384	1.0
1053	1385	1.0
1053	1386	1.0
1053	1387	1.0
1053	1388	1.0
1053	1389	1.0
1053	1390	1.0
1053	1391	1.0
1053	1392	1.0
1053	1393	1.0
1053	1394	1.0
1053	1395	1.0
1053	1396	1.0
1053	1397	1.0
1053	1398	1.0
1053	1399	1.0
1053	1400	1.0
1053	1401	1.0
1053	1402	1.0
1053	1403	1.0
1053	1404	1.0
1053	1405	1.0
1053	1406	1.0
1053	1407	1.0
1053	1408	1.0
1053	1409	1.0
1053	1410	1.0
1053	1411	1.0
1053	1412	1.0
1053	1413	1.0
1053	1414	1.0
1053	1415	1.0
1053	1416	1.0
1053	1417	1.0
1053	1418	1.0
1053	1419	1.0
1053	1420	1.0
1053	1421	1.0
1053	1422	1.0
1053	1423	1.0
1053	1424	1.0
1053	1425	1.0
1053	1426	1.0
1053	1427	1.0
1053	1428	1.0
1053	1429	1.0
1053	1430	1.0
1053	1431	1.0
1053	1432	1.0
1053	1433	1.0
1053	1434	1.0
1053	1435	1.0
1053	1436	1.0
1053	1437	1.0
1053	1438	1.0
1053	1439	1.0
1053	1440	1.0
1053	1441	1.0
1053	1442	1.0
1053	1443	1.0
1053	1444	1.0
1053	1445	1.0
1053	1446	1.0
1053	1447	1.0
1053	1448	1.0
1053	1449	1.0
1053	1450	1.0
1053	1451	1.0
1053	1452	1.0
1053	1453	1.0
1053	1454	1.0
1053	1455	1.0
1053	1456	1.0
1053	1457	1.0
1053	1458	1.0
1053	1459	1.0
1053	1460	1.0
1053	1461	1.0
1053	1462	1.0
1053	1463	1.0
1053	1464	1.0
1053	1465	1.0
1053	1466	1.0
1053	1467	1.0
1053	1468	1.0
1053	1469	1.0
1053	1470	1.0
1053	1471	1.0
1053	1472	1.0
1053	1473	1.0
1053	1474	1.0
1053	1475	1.0
1053	1476	1.0
1053	1477	1.0
1053	1478	1.0
1053	1479	1.0
1053	1480	1.0
1053	1481	1.0
1053	1482	1.0
1053	1483	1.0
1053	1484	1.0
1053	1485	1.0
1053	1486	1.0
521	1487	1.0
521	1488	1.0
521	1489	1.0
521	1490	1.0
521	1491	1.0
521	1492	1.0
521	1493	1.0
521	1494	1.0
521	1495	1.0
521	1496	1.0
521	1497	1.0
521	1498	1.0
521	1499	1.0
521	1500	1.0
521	1501	1.0
521	1502	1.0
521	1503	1.0
521	1504	1.0
521	1505	1.0
521	1506	1.0
521	1507	1.0
521	1508	1.0
521	1509	1.0
521	1510	1.0
521	1511	1.0
521	1512	1.0
521	1513	1.0
521	1514	1.0
521	1515	1.0
521	1516	1.0
521	1517	1.0
521	1518	1.0
521	1519	1.0
521	1520	1.0
521	1521	1.0
521	1522	1.0
521	1523	1.0
521	1524	1.0
521	1525	1.0
521	1526	1.0
521	1527	1.0
521	1528	1.0
521	1529	1.0
521	1530	1.0
521	1531	1.0
521	1532	1.0
521	1533	1.0
521	1534	1.0
521	1535	1.0
521	1536	1.0
521	1537	1.0
521	1538	1.0
521	1539	1.0
521	1540	1.0
521	1541	1.0
521	1542	1.0
521	1543	1.0
521	1544	1.0
521	1545	1.0
521	1546	1.0
521	1547	1.0
521	1548	1.0
521	1549	1.0
521	1550	1.0
521	1551	1.0
521	1552	1.0
521	1553	1.0
521	1554	1.0
521	1555	1.0
521	1556	1.0
521	1557	1.0
521	1558	1.0
521	1559	1.0
521	1560	1.0
521	1561	1.0
521	1562	1.0
521	1563	1.0
521	1564	1.0
521	1565	1.0
521	1566	1.0
521	1567	1.0
521	1568	1.0
521	1569	1.0
521	1570	1.0
521	1571	1.0
521	1572	1.0
521	1573	1.0
521	1574	1.0
521	1575	1.0
521	1576	1.0
521	1577	1.0
521	1578	1.0
521	1579	1.0
521	1580	1.0
1580	1581	1.0
1580	1582	1.0
1580	1583	1.0
1580	1584	1.0
1580	1585	1.0
1580	1586	1.0
1580	1587	1.0
1580	1588	1.0
1580	1589	1.0
1580	1590	1.0
1580	1591	1.0
1580	1592	1.0
1580	1593	1.0
1580	1594	1.0
521	1595	1.0
521	1596	1.0
521	1597	1.0
521	1598	1.0
521	1599	1.0
521	1600	1.0
521	1601	1.0
521	1602	1.0
521	1603	1.0
521	1604	1.0
521	1605	1.0
521	1606	1.0
521	1607	1.0
521	1608	1.0
521	1609	1.0
521	1610	1.0
521	1611	1.0
521	1612	1.0
521	1613	1.0
521	1614	1.0
521	1615	1.0
521	1616	1.0
521	1617	1.0
521	1618	1.0
521	1619	1.0
521	1620	1.0
521	1621	1.0
521	1622	1.0
521	1623	1.0
521	1624	1.0
521	1625	1.0
521	1626	1.0
521	1627	1.0
521	1628	1.0
521	1629	1.0
521	1630	1.0
521	1631	1.0
521	1632	1.0
1632	1633	1.0
1632	1634	1.0
1632	1635	1.0
1632	1636	1.0
1632	1637	1.0
1632	1638	1.0
1632	1639	1.0
1632	1640	1.0
521	1641	1.0
521	1642	1.0
521	1643	1.0
521	1644	1.0
521	1645	1.0
521	1646	1.0
521	1647	1.0
521	1648	1.0
521	1649	1.0
521	1650	1.0
521	1651	1.0
521	1652	1.0
521	1653	1.0
521	1654	1.0
521	1655	1.0
521	1656	1.0
521	1657	1.0
1657	1658	1.0
1657	1659	1.0
1657	1660	1.0
1657	1661	1.0
521	1662	1.0
521	1663	1.0
521	1664	1.0
521	1665	1.0
1665	1666	1.0
1665	1667	1.0
1665	1668	1.0
1665	1669	1.0
521	1670	1.0
521	1671	1.0
521	1672	1.0
521	1673	1.0
521	1674	1.0
521	1675	1.0
521	1676	1.0
521	1677	1.0
521	1678	1.0
521	1679	1.0
521	1680	1.0
521	1681	1.0
521	1682	1.0
521	1683	1.0
521	1684	1.0
521	1685	1.0
521	1686	1.0
521	1687	1.0
521	1688	1.0
521	1689	1.0
521	1690	1.0
521	1691	1.0
521	1692	1.0
521	1693	1.0
521	1694	1.0
521	1695	1.0
521	1696	1.0
521	1697	1.0
521	1698	1.0
521	1699	1.0
521	1700	1.0
521	1701	1.0
521	1702	1.0
521	1703	1.0
521	1704	1.0
521	1705	1.0
521	1706	1.0
1706	1707	1.0
1706	1708	1.0
1706	1709	1.0
1706	1710	1.0
1706	1711	1.0
1706	1712	1.0
1706	1713	1.0
1706	1714	1.0
1706	1715	1.0
521	1716	1.0
521	1717	1.0
521	1718	1.0
521	1719	1.0
521	1720	1.0
521	1721	1.0
521	1722	1.0
521	1723	1.0
521	1724	1.0
521	1725	1.0
521	1726	1.0
521	1727	1.0
521	1728	1.0
521	1729	1.0
521	1730	1.0
521	1731	1.0
521	1732	1.0
521	1733	1.0
521	1734	1.0
521	1735	1.0
521	1736	1.0
521	1737	1.0
521	1738	1.0
521	1739	1.0
521	1740	1.0
521	1741	1.0
521	1742	1.0
521	1743	1.0
521	1744	1.0
521	1745	1.0
521	1746	1.0
521	1747	1.0
521	1748	1.0
521	1749	1.0
521	1750	1.0
521	1751	1.0
521	1752	1.0
521	1753	1.0
521	1754	1.0
521	1755	1.0
521	1756	1.0
521	1757	1.0
521	1758	1.0
521	1759	1.0
521	1760	1.0
521	1761	1.0
521	1762	1.0
521	1763	1.0
521	1764	1.0
521	1765	1.0
521	1766	1.0
521	1767	1.0
521	1768	1.0
521	1769	1.0
521	1770	1.0
521	1771	1.0
521	1772	1.0
521	1773	1.0
521	1774	1.0
521	1775	1.0
521	1776	1.0
521	1777	1.0
521	1778	1.0
521	1779	1.0
521	1780	1.0
521	1781	1.0
521	1782	1.0
521	1783	1.0
521	1784	1.0
521	1785	1.0
521	1786	1.0
521	1787	1.0
521	1788	1.0
521	1789	1.0
521	1790	1.0
521	1791	1.0
521	1792	1.0
521	1793	1.0
521	1794	1.0
521	1795	1.0
521	1796	1.0
521	1797	1.0
521	1798	1.0
521	1799	1.0
521	1800	1.0
521	1801	1.0
521	1802	1.0
521	1803	1.0
521	1804	1.0
521	1805	1.0
521	1806	1.0
521	1807	1.0
521	1808	1.0
521	1809	1.0
521	1810	1.0
521	1811	1.0
521	1812	1.0
521	1813	1.0
521	1814	1.0
521	1815	1.0
521	1816	1.0
521	1817	1.0
521	1818	1.0
521	1819	1.0
521	1820	1.0
521	1821	1.0
1821	1822	1.0
1821	1823	1.0
1821	1824	1.0
1821	1825	1.0
1821	1826	1.0
1821	1827	1.0
521	1828	1.0
521	1829	1.0
521	1830	1.0
521	1831	1.0
521	1832	1.0
521	1833	1.0
521	1834	1.0
521	1835	1.0
521	1836	1.0
521	1837	1.0
521	1838	1.0
521	1839	1.0
521	1840	1.0
521	1841	1.0
521	1842	1.0
521	1843	1.0
521	1844	1.0
521	1845	1.0
521	1846	1.0
521	1847	1.0
521	1848	1.0
521	1849	1.0
521	1850	1.0
521	1851	1.0
521	1852	1.0
521	1853	1.0
521	1854	1.0
521	1855	1.0
521	1856	1.0
521	1857	1.0
521	1858	1.0
521	1859	1.0
521	1860	1.0
521	1861	1.0
521	1862	1.0
521	1863	1.0
521	1864	1.0
521	1865	1.0
521	1866	1.0
521	1867	1.0
521	1868	1.0
521	1869	1.0
521	1870	1.0
521	1871	1.0
521	1872	1.0
521	1873	1.0
521	1874	1.0
521	1875	1.0
521	1876	1.0
521	1877	1.0
521	1878	1.0
521	1879	1.0
521	1880	1.0
521	1881	1.0
521	1882	1.0
521	1883	1.0
521	1884	1.0
521	1885	1.0
521	1886	1.0
521	1887	1.0
521	1888	1.0
521	1889	1.0
521	1890	1.0
521	1891	1.0
521	1892	1.0
521	1893	1.0
521	1894	1.0
521	1895	1.0
521	1896	1.0
521	1897	1.0
521	1898	1.0
521	1899	1.0
521	1900	1.0
521	1901	1.0
521	1902	1.0
521	1903	1.0
521	1904	1.0
521	1905	1.0
521	1906	1.0
521	1907	1.0
521	1908	1.0
521	1909	1.0
521	1910	1.0
521	1911	1.0
521	1912	1.0
521	1913	1.0
521	1914	1.0
521	1915	1.0
521	1916	1.0
521	1917	1.0
521	1918	1.0
521	1919	1.0
521	1920	1.0
521	1921	1.0
521	1922	1.0
521	1923	1.0
521	1924	1.0
521	1925	1.0
521	1926	1.0
521	1927	1.0
521	1928	1.0
521	1929	1.0
521	1930	1.0
521	1931	1.0
521	1932	1.0
521	1933	1.0
521	1934	1.0
521	1935	1.0
521	1936	1.0
521	1937	1.0
521	1938	1.0
521	1939	1.0
521	1940	1.0
521	1941	1.0
521	1942	1.0
521	1943	1.0
521	1944	1.0
521	1945	1.0
521	1946	1.0
521	1947	1.0
521	1948	1.0
521	1949	1.0
521	1950	1.0
521	1951	1.0
521	1952	1.0
521	1953	1.0
521	1954	1.0
521	1955	1.0
521	1956	1.0
399	1957	1.0
399	1958	1.0
399	1959	1.0
399	1960	1.0
399	1961	1.0
399	1962	1.0
399	1963	1.0
399	1964	1.0
399	1965	1.0
399	1966	1.0
399	1967	1.0
399	1968	1.0
399	1969	1.0
399	1970	1.0
399	1971	1.0
399	1972	1.0
399	1973	1.0
399	1974	1.0
399	1975	1.0
399	1976	1.0
399	1977	1.0
399	1978	1.0
399	1979	1.0
399	1980	1.0
399	1981	1.0
399	1982	1.0
399	1983	1.0
399	1984	1.0
399	1985	1.0
399	1986	1.0
399	1987	1.0
399	1988	1.0
399	1989	1.0
399	1990	1.0
36	1991	1.0
36	1992	1.0
25	1993	1.0
25	1994	1.0
25	1995	1.0
25	1996	1.0
25	1997	1.0
25	1998	1.0
1998	1999	1.0
1998	2000	1.0
1998	2001	1.0
1998	2002	1.0
1998	2003	1.0
1998	2004	1.0
1998	2005	1.0
1998	2006	1.0
1998	2007	1.0
1998	2008	1.0
1998	2009	1.0
25	2010	1.0
25	2011	1.0
25	2012	1.0
25	2013	1.0
25	2014	1.0
24	2015	1.0
24	2016	1.0
24	2017	1.0
24	2018	1.0
24	2019	1.0
24	2020	1.0
24	2021	1.0
24	2022	1.0
24	2023	1.0
24	2024	1.0
24	2025	1.0
24	2026	1.0
24	2027	1.0
24	2028	1.0
23	2029	1.0
23	2030	1.0
23	2031	1.0
23	2032	1.0
23	2033	1.0
21	2034	1.0
21	2035	1.0
14	2036	1.0
14	2037	1.0
13	2038	1.0
13	2039	1.0
13	2040	1.0
2	2041	1.0
1	2042	1.0
0	2043	1.0
