0	1	1.0
1	2	1.0
1	3	1.0
1	4	1.0
4	5	1.0
4	6	1.0
4	7	1.0
4	8	1.0
4	9	1.0
4	10	1.0
4	11	1.0
4	12	1.0
4	13	1.0
4	14	1.0
4	15	1.0
4	16	1.0
4	17	1.0
4	18	1.0
4	19	1.0
4	20	1.0
4	21	1.0
4	22	1.0
4	23	1.0
4	24	1.0
4	25	1.0
4	26	1.0
4	27	1.0
4	28	1.0
4	29	1.0
4	30	1.0
4	31	1.0
4	32	1.0
4	33	1.0
4	34	1.0
4	35	1.0
4	36	1.0
4	37	1.0
4	38	1.0
4	39	1.0
4	40	1.0
4	41	1.0
4	42	1.0
4	43	1.0
4	44	1.0
4	45	1.0
4	46	1.0
4	47	1.0
4	48	1.0
4	49	1.0
4	50	1.0
4	51	1.0
4	52	1.0
4	53	1.0
4	54	1.0
4	55	1.0
4	56	1.0
4	57	1.0
4	58	1.0
4	59	1.0
4	60	1.0
4	61	1.0
4	62	1.0
4	63	1.0
4	64	1.0
4	65	1.0
4	66	1.0
4	67	1.0
4	68	1.0
4	69	1.0
4	70	1.0
4	71	1.0
4	72	1.0
4	73	1.0
4	74	1.0
4	75	1.0
4	76	1.0
4	77	1.0
4	78	1.0
4	79	1.0
4	80	1.0
4	81	1.0
4	82	1.0
4	83	1.0
4	84	1.0
4	85	1.0
4	86	1.0
86	87	1.0
86	88	1.0
86	89	1.0
86	90	1.0
86	91	1.0
4	92	1.0
4	93	1.0
4	94	1.0
4	95	1.0
4	96	1.0
4	97	1.0
4	98	1.0
4	99	1.0
4	100	1.0
4	101	1.0
4	102	1.0
4	103	1.0
4	104	1.0
4	105	1.0
4	106	1.0
4	107	1.0
4	108	1.0
4	109	1.0
4	110	1.0
4	111	1.0
4	112	1.0
4	113	1.0
4	114	1.0
4	115	1.0
4	116	1.0
4	117	1.0
4	118	1.0
4	119	1.0
4	120	1.0
4	121	1.0
4	122	1.0
4	123	1.0
4	124	1.0
4	125	1.0
4	126	1.0
4	127	1.0
4	128	1.0
4	129	1.0
4	130	1.0
4	131	1.0
4	132	1.0
4	133	1.0
4	134	1.0
4	135	1.0
4	136	1.0
4	137	1.0
4	138	1.0
4	139	1.0
4	140	1.0
4	141	1.0
4	142	1.0
4	143	1.0
4	144	1.0
4	145	1.0
4	146	1.0
4	147	1.0
4	148	1.0
4	149	1.0
4	150	1.0
4	151	1.0
151	152	1.0
151	153	1.0
151	154	1.0
151	155	1.0
151	156	1.0
151	157	1.0
151	158	1.0
151	159	1.0
151	160	1.0
151	161	1.0
151	162	1.0
151	163	1.0
151	164	1.0
151	165	1.0
151	166	1.0
151	167	1.0
151	168	1.0
151	169	1.0
151	170	1.0
151	171	1.0
151	172	1.0
151	173	1.0
151	174	1.0
151	175	1.0
151	176	1.0
151	177	1.0
151	178	1.0
151	179	1.0
151	180	1.0
151	181	1.0
151	182	1.0
151	183	1.0
151	184	1.0
151	185	1.0
151	186	1.0
151	187	1.0
151	188	1.0
151	189	1.0
151	190	1.0
151	191	1.0
151	192	1.0
151	193	1.0
151	194	1.0
151	195	1.0
151	196	1.0
151	197	1.0
151	198	1.0
151	199	1.0
151	200	1.0
151	201	1.0
151	202	1.0
151	203	1.0
151	204	1.0
151	205	1.0
151	206	1.0
151	207	1.0
151	208	1.0
151	209	1.0
151	210	1.0
151	211	1.0
151	212	1.0
151	213	1.0
151	214	1.0
151	215	1.0
151	216	1.0
151	217	1.0
151	218	1.0
151	219	1.0
151	220	1.0
151	221	1.0
151	222	1.0
151	223	1.0
151	224	1.0
151	225	1.0
151	226	1.0
151	227	1.0
151	228	1.0
151	229	1.0
151	230	1.0
151	231	1.0
151	232	1.0
151	233	1.0
151	234	1.0
151	235	1.0
151	236	1.0
151	237	1.0
151	238	1.0
151	239	1.0
151	240	1.0
151	241	1.0
151	242	1.0
151	243	1.0
151	244	1.0
151	245	1.0
151	246	1.0
151	247	1.0
151	248	1.0
151	249	1.0
151	250	1.0
151	251	1.0
151	252	1.0
151	253	1.0
151	254	1.0
151	255	1.0
151	256	1.0
151	257	1.0
151	258	1.0
151	259	1.0
151	260	1.0
151	261	1.0
151	262	1.0
151	263	1.0
151	264	1.0
151	265	1.0
151	266	1.0
151	267	1.0
151	268	1.0
151	269	1.0
151	270	1.0
151	271	1.0
151	272	1.0
151	273	1.0
151	274	1.0
151	275	1.0
151	276	1.0
276	277	1.0
276	278	1.0
276	279	1.0
276	280	1.0
276	281	1.0
276	282	1.0
276	283	1.0
276	284	1.0
276	285	1.0
276	286	1.0
276	287	1.0
276	288	1.0
276	289	1.0
276	290	1.0
276	291	1.0
276	292	1.0
276	293	1.0
276	294	1.0
276	295	1.0
276	296	1.0
276	297	1.0
276	298	1.0
276	299	1.0
276	300	1.0
276	301	1.0
276	302	1.0
276	303	1.0
276	304	1.0
276	305	1.0
276	306	1.0
276	307	1.0
276	308	1.0
276	309	1.0
276	310	1.0
276	311	1.0
276	312	1.0
276	313	1.0
276	314	1.0
276	315	1.0
276	316	1.0
276	317	1.0
276	318	1.0
276	319	1.0
276	320	1.0
276	321	1.0
276	322	1.0
276	323	1.0
276	324	1.0
276	325	1.0
276	326	1.0
276	327	1.0
276	328	1.0
276	329	1.0
276	330	1.0
276	331	1.0
276	332	1.0
276	333	1.0
276	334	1.0
276	335	1.0
276	336	1.0
276	337	1.0
276	338	1.0
276	339	1.0
276	340	1.0
276	341	1.0
276	342	1.0
276	343	1.0
276	344	1.0
151	345	1.0
151	346	1.0
151	347	1.0
151	348	1.0
151	349	1.0
151	350	1.0
151	351	1.0
151	352	1.0
151	353	1.0
151	354	1.0
151	355	1.0
151	356	1.0
151	357	1.0
151	358	1.0
151	359	1.0
151	360	1.0
151	361	1.0
151	362	1.0
151	363	1.0
151	364	1.0
151	365	1.0
151	366	1.0
151	367	1.0
151	368	1.0
151	369	1.0
151	370	1.0
151	371	1.0
151	372	1.0
372	373	1.0
372	374	1.0
372	375	1.0
372	376	1.0
372	377	1.0
151	378	1.0
151	379	1.0
151	380	1.0
151	381	1.0
151	382	1.0
151	383	1.0
151	384	1.0
151	385	1.0
151	386	1.0
151	387	1.0
151	388	1.0
151	389	1.0
151	390	1.0
151	391	1.0
151	392	1.0
151	393	1.0
151	394	1.0
151	395	1.0
151	396	1.0
151	397	1.0
151	398	1.0
151	399	1.0
151	400	1.0
151	401	1.0
151	402	1.0
151	403	1.0
151	404	1.0
151	405	1.0
151	406	1.0
151	407	1.0
151	408	1.0
151	409	1.0
151	410	1.0
151	411	1.0
151	412	1.0
151	413	1.0
151	414	1.0
151	415	1.0
151	416	1.0
151	417	1.0
151	418	1.0
151	419	1.0
151	420	1.0
151	421	1.0
151	422	1.0
151	423	1.0
151	424	1.0
151	425	1.0
151	426	1.0
151	427	1.0
151	428	1.0
151	429	1.0
151	430	1.0
151	431	1.0
151	432	1.0
151	433	1.0
151	434	1.0
151	435	1.0
151	436	1.0
151	437	1.0
151	438	1.0
151	439	1.0
151	440	1.0
151	441	1.0
151	442	1.0
151	443	1.0
151	444	1.0
151	445	1.0
151	446	1.0
151	447	1.0
151	448	1.0
151	449	1.0
151	450	1.0
151	451	1.0
151	452	1.0
151	453	1.0
151	454	1.0
151	455	1.0
151	456	1.0
151	457	1.0
151	458	1.0
151	459	1.0
151	460	1.0
151	461	1.0
151	462	1.0
151	463	1.0
151	464	1.0
151	465	1.0
151	466	1.0
151	467	1.0
151	468	1.0
151	469	1.0
151	470	1.0
151	471	1.0
151	472	1.0
151	473	1.0
151	474	1.0
151	475	1.0
475	476	1.0
475	477	1.0
475	478	1.0
475	479	1.0
475	480	1.0
475	481	1.0
475	482	1.0
475	483	1.0
475	484	1.0
475	485	1.0
475	486	1.0
475	487	1.0
475	488	1.0
475	489	1.0
475	490	1.0
475	491	1.0
475	492	1.0
475	493	1.0
475	494	1.0
475	495	1.0
475	496	1.0
475	497	1.0
475	498	1.0
475	499	1.0
475	500	1.0
475	501	1.0
475	502	1.0
502	503	1.0
502	504	1.0
502	505	1.0
502	506	1.0
502	507	1.0
502	508	1.0
502	509	1.0
502	510	1.0
475	511	1.0
475	512	1.0
475	513	1.0
475	514	1.0
475	515	1.0
475	516	1.0
475	517	1.0
475	518	1.0
475	519	1.0
475	520	1.0
475	521	1.0
475	522	1.0
475	523	1.0
475	524	1.0
475	525	1.0
475	526	1.0
475	527	1.0
475	528	1.0
475	529	1.0
475	530	1.0
475	531	1.0
475	532	1.0
475	533	1.0
475	534	1.0
475	535	1.0
475	536	1.0
475	537	1.0
475	538	1.0
475	539	1.0
475	540	1.0
475	541	1.0
475	542	1.0
475	543	1.0
475	544	1.0
475	545	1.0
475	546	1.0
475	547	1.0
475	548	1.0
475	549	1.0
475	550	1.0
475	551	1.0
475	552	1.0
475	553	1.0
475	554	1.0
475	555	1.0
475	556	1.0
475	557	1.0
475	558	1.0
475	559	1.0
475	560	1.0
475	561	1.0
475	562	1.0
475	563	1.0
475	564	1.0
475	565	1.0
475	566	1.0
475	567	1.0
475	568	1.0
475	569	1.0
475	570	1.0
475	571	1.0
475	572	1.0
475	573	1.0
475	574	1.0
475	575	1.0
475	576	1.0
475	577	1.0
475	578	1.0
475	579	1.0
475	580	1.0
475	581	1.0
475	582	1.0
475	583	1.0
475	584	1.0
475	585	1.0
475	586	1.0
475	587	1.0
475	588	1.0
475	589	1.0
475	590	1.0
475	591	1.0
475	592	1.0
475	593	1.0
475	594	1.0
475	595	1.0
475	596	1.0
475	597	1.0
475	598	1.0
475	599	1.0
475	600	1.0
475	601	1.0
475	602	1.0
475	603	1.0
475	604	1.0
475	605	1.0
475	606	1.0
475	607	1.0
475	608	1.0
475	609	1.0
475	610	1.0
475	611	1.0
475	612	1.0
151	613	1.0
151	614	1.0
151	615	1.0
151	616	1.0
151	617	1.0
151	618	1.0
151	619	1.0
151	620	1.0
151	621	1.0
151	622	1.0
151	623	1.0
623	624	1.0
623	625	1.0
623	626	1.0
623	627	1.0
623	628	1.0
151	629	1.0
151	630	1.0
151	631	1.0
151	632	1.0
151	633	1.0
151	634	1.0
151	635	1.0
151	636	1.0
151	637	1.0
151	638	1.0
151	639	1.0
151	640	1.0
151	641	1.0
151	642	1.0
151	643	1.0
151	644	1.0
151	645	1.0
151	646	1.0
151	647	1.0
151	648	1.0
151	649	1.0
151	650	1.0
151	651	1.0
151	652	1.0
151	653	1.0
151	654	1.0
151	655	1.0
151	656	1.0
151	657	1.0
151	658	1.0
151	659	1.0
659	660	1.0
659	661	1.0
659	662	1.0
659	663	1.0
659	664	1.0
659	665	1.0
659	666	1.0
659	667	1.0
659	668	1.0
659	669	1.0
659	670	1.0
151	671	1.0
151	672	1.0
151	673	1.0
151	674	1.0
151	675	1.0
151	676	1.0
151	677	1.0
151	678	1.0
151	679	1.0
151	680	1.0
151	681	1.0
151	682	1.0
151	683	1.0
151	684	1.0
151	685	1.0
151	686	1.0
151	687	1.0
151	688	1.0
151	689	1.0
151	690	1.0
151	691	1.0
151	692	1.0
151	693	1.0
151	694	1.0
151	695	1.0
151	696	1.0
151	697	1.0
151	698	1.0
151	699	1.0
151	700	1.0
151	701	1.0
151	702	1.0
151	703	1.0
151	704	1.0
151	705	1.0
151	706	1.0
151	707	1.0
151	708	1.0
151	709	1.0
151	710	1.0
151	711	1.0
151	712	1.0
151	713	1.0
151	714	1.0
151	715	1.0
151	716	1.0
151	717	1.0
151	718	1.0
151	719	1.0
151	720	1.0
151	721	1.0
151	722	1.0
151	723	1.0
151	724	1.0
151	725	1.0
151	726	1.0
151	727	1.0
151	728	1.0
151	729	1.0
151	730	1.0
151	731	1.0
151	732	1.0
151	733	1.0
151	734	1.0
151	735	1.0
151	736	1.0
151	737	1.0
151	738	1.0
151	739	1.0
151	740	1.0
740	741	1.0
740	742	1.0
740	743	1.0
740	744	1.0
740	745	1.0
151	746	1.0
151	747	1.0
151	748	1.0
151	749	1.0
151	750	1.0
151	751	1.0
151	752	1.0
151	753	1.0
151	754	1.0
151	755	1.0
151	756	1.0
151	757	1.0
151	758	1.0
151	759	1.0
151	760	1.0
151	761	1.0
151	762	1.0
151	763	1.0
151	764	1.0
151	765	1.0
151	766	1.0
151	767	1.0
151	768	1.0
151	769	1.0
151	770	1.0
151	771	1.0
151	772	1.0
151	773	1.0
151	774	1.0
774	775	1.0
774	776	1.0
774	777	1.0
774	778	1.0
774	779	1.0
774	780	1.0
774	781	1.0
774	782	1.0
774	783	1.0
774	784	1.0
774	785	1.0
785	786	1.0
785	787	1.0
785	788	1.0
785	789	1.0
785	790	1.0
785	791	1.0
785	792	1.0
785	793	1.0
785	794	1.0
785	795	1.0
785	796	1.0
785	797	1.0
785	798	1.0
785	799	1.0
785	800	1.0
785	801	1.0
785	802	1.0
785	803	1.0
785	804	1.0
785	805	1.0
785	806	1.0
785	807	1.0
785	808	1.0
785	809	1.0
785	810	1.0
785	811	1.0
785	812	1.0
785	813	1.0
785	814	1.0
785	815	1.0
785	816	1.0
785	817	1.0
785	818	1.0
785	819	1.0
785	820	1.0
785	821	1.0
785	822	1.0
785	823	1.0
785	824	1.0
785	825	1.0
785	826	1.0
785	827	1.0
785	828	1.0
785	829	1.0
785	830	1.0
785	831	1.0
785	832	1.0
785	833	1.0
785	834	1.0
785	835	1.0
785	836	1.0
785	837	1.0
785	838	1.0
785	839	1.0
785	840	1.0
785	841	1.0
785	842	1.0
785	843	1.0
785	844	1.0
785	845	1.0
785	846	1.0
785	847	1.0
785	848	1.0
785	849	1.0
785	850	1.0
785	851	1.0
785	852	1.0
785	853	1.0
785	854	1.0
785	855	1.0
785	856	1.0
785	857	1.0
785	858	1.0
785	859	1.0
785	860	1.0
785	861	1.0
785	862	1.0
785	863	1.0
785	864	1.0
785	865	1.0
785	866	1.0
785	867	1.0
785	868	1.0
785	869	1.0
785	870	1.0
785	871	1.0
785	872	1.0
785	873	1.0
785	874	1.0
785	875	1.0
785	876	1.0
785	877	1.0
785	878	1.0
785	879	1.0
785	880	1.0
785	881	1.0
785	882	1.0
785	883	1.0
785	884	1.0
785	885	1.0
785	886	1.0
785	887	1.0
785	888	1.0
785	889	1.0
889	890	1.0
889	891	1.0
889	892	1.0
889	893	1.0
889	894	1.0
785	895	1.0
785	896	1.0
785	897	1.0
785	898	1.0
785	899	1.0
785	900	1.0
785	901	1.0
785	902	1.0
785	903	1.0
785	904	1.0
785	905	1.0
785	906	1.0
785	907	1.0
785	908	1.0
785	909	1.0
785	910	1.0
785	911	1.0
785	912	1.0
785	913	1.0
785	914	1.0
785	915	1.0
785	916	1.0
785	917	1.0
785	918	1.0
785	919	1.0
785	920	1.0
785	921	1.0
785	922	1.0
785	923	1.0
785	924	1.0
785	925	1.0
785	926	1.0
785	927	1.0
785	928	1.0
785	929	1.0
785	930	1.0
785	931	1.0
785	932	1.0
785	933	1.0
785	934	1.0
785	935	1.0
785	936	1.0
785	937	1.0
785	938	1.0
785	939	1.0
785	940	1.0
785	941	1.0
785	942	1.0
785	943	1.0
785	944	1.0
785	945	1.0
785	946	1.0
785	947	1.0
785	948	1.0
785	949	1.0
785	950	1.0
785	951	1.0
785	952	1.0
785	953	1.0
785	954	1.0
785	955	1.0
785	956	1.0
785	957	1.0
785	958	1.0
785	959	1.0
785	960	1.0
785	961	1.0
785	962	1.0
785	963	1.0
785	964	1.0
785	965	1.0
785	966	1.0
785	967	1.0
785	968	1.0
785	969	1.0
785	970	1.0
785	971	1.0
785	972	1.0
785	973	1.0
785	974	1.0
785	975	1.0
785	976	1.0
785	977	1.0
785	978	1.0
785	979	1.0
785	980	1.0
785	981	1.0
785	982	1.0
785	983	1.0
785	984	1.0
785	985	1.0
785	986	1.0
785	987	1.0
785	988	1.0
785	989	1.0
785	990	1.0
785	991	1.0
785	992	1.0
785	993	1.0
785	994	1.0
785	995	1.0
785	996	1.0
785	997	1.0
785	998	1.0
785	999	1.0
785	1000	1.0
785	1001	1.0
785	1002	1.0
785	1003	1.0
785	1004	1.0
785	1005	1.0
785	1006	1.0
785	1007	1.0
785	1008	1.0
785	1009	1.0
785	1010	1.0
785	1011	1.0
785	1012	1.0
785	1013	1.0
785	1014	1.0
785	1015	1.0
785	1016	1.0
785	1017	1.0
785	1018	1.0
785	1019	1.0
785	1020	1.0
785	1021	1.0
785	1022	1.0
785	1023	1.0
785	1024	1.0
785	1025	1.0
785	1026	1.0
785	1027	1.0
785	1028	1.0
785	1029	1.0
785	1030	1.0
785	1031	1.0
785	1032	1.0
785	1033	1.0
785	1034	1.0
785	1035	1.0
785	1036	1.0
785	1037	1.0
785	1038	1.0
785	1039	1.0
785	1040	1.0
785	1041	1.0
785	1042	1.0
785	1043	1.0
785	1044	1.0
785	1045	1.0
785	1046	1.0
785	1047	1.0
785	1048	1.0
785	1049	1.0
785	1050	1.0
785	1051	1.0
785	1052	1.0
785	1053	1.0
785	1054	1.0
785	1055	1.0
785	1056	1.0
785	1057	1.0
785	1058	1.0
785	1059	1.0
785	1060	1.0
785	1061	1.0
785	1062	1.0
785	1063	1.0
785	1064	1.0
785	1065	1.0
785	1066	1.0
785	1067	1.0
785	1068	1.0
785	1069	1.0
785	1070	1.0
785	1071	1.0
785	1072	1.0
785	1073	1.0
785	1074	1.0
785	1075	1.0
785	1076	1.0
785	1077	1.0
785	1078	1.0
785	1079	1.0
785	1080	1.0
785	1081	1.0
785	1082	1.0
785	1083	1.0
785	1084	1.0
785	1085	1.0
785	1086	1.0
785	1087	1.0
785	1088	1.0
785	1089	1.0
785	1090	1.0
785	1091	1.0
785	1092	1.0
785	1093	1.0
785	1094	1.0
785	1095	1.0
785	1096	1.0
785	1097	1.0
785	1098	1.0
785	1099	1.0
785	1100	1.0
785	1101	1.0
785	1102	1.0
785	1103	1.0
785	1104	1.0
785	1105	1.0
785	1106	1.0
785	1107	1.0
785	1108	1.0
785	1109	1.0
785	1110	1.0
1110	1111	1.0
1110	1112	1.0
1110	1113	1.0
1110	1114	1.0
1110	1115	1.0
785	1116	1.0
785	1117	1.0
785	1118	1.0
785	1119	1.0
785	1120	1.0
785	1121	1.0
785	1122	1.0
785	1123	1.0
785	1124	1.0
785	1125	1.0
785	1126	1.0
785	1127	1.0
785	1128	1.0
785	1129	1.0
785	1130	1.0
785	1131	1.0
785	1132	1.0
785	1133	1.0
785	1134	1.0
785	1135	1.0
785	1136	1.0
785	1137	1.0
785	1138	1.0
785	1139	1.0
785	1140	1.0
785	1141	1.0
785	1142	1.0
785	1143	1.0
785	1144	1.0
785	1145	1.0
785	1146	1.0
785	1147	1.0
785	1148	1.0
785	1149	1.0
785	1150	1.0
785	1151	1.0
785	1152	1.0
785	1153	1.0
785	1154	1.0
785	1155	1.0
785	1156	1.0
785	1157	1.0
785	1158	1.0
785	1159	1.0
785	1160	1.0
785	1161	1.0
785	1162	1.0
785	1163	1.0
785	1164	1.0
785	1165	1.0
785	1166	1.0
785	1167	1.0
785	1168	1.0
785	1169	1.0
785	1170	1.0
785	1171	1.0
785	1172	1.0
785	1173	1.0
785	1174	1.0
785	1175	1.0
785	1176	1.0
785	1177	1.0
785	1178	1.0
785	1179	1.0
785	1180	1.0
785	1181	1.0
785	1182	1.0
785	1183	1.0
785	1184	1.0
785	1185	1.0
785	1186	1.0
785	1187	1.0
785	1188	1.0
785	1189	1.0
785	1190	1.0
785	1191	1.0
785	1192	1.0
785	1193	1.0
785	1194	1.0
785	1195	1.0
785	1196	1.0
785	1197	1.0
785	1198	1.0
785	1199	1.0
785	1200	1.0
785	1201	1.0
1201	1202	1.0
1201	1203	1.0
1201	1204	1.0
1201	1205	1.0
785	1206	1.0
785	1207	1.0
785	1208	1.0
785	1209	1.0
785	1210	1.0
785	1211	1.0
785	1212	1.0
785	1213	1.0
785	1214	1.0
785	1215	1.0
785	1216	1.0
785	1217	1.0
785	1218	1.0
785	1219	1.0
785	1220	1.0
785	1221	1.0
785	1222	1.0
785	1223	1.0
785	1224	1.0
785	1225	1.0
785	1226	1.0
785	1227	1.0
785	1228	1.0
785	1229	1.0
785	1230	1.0
785	1231	1.0
785	1232	1.0
785	1233	1.0
785	1234	1.0
785	1235	1.0
785	1236	1.0
785	1237	1.0
785	1238	1.0
785	1239	1.0
785	1240	1.0
785	1241	1.0
785	1242	1.0
785	1243	1.0
785	1244	1.0
785	1245	1.0
785	1246	1.0
785	1247	1.0
785	1248	1.0
785	1249	1.0
785	1250	1.0
785	1251	1.0
785	1252	1.0
785	1253	1.0
785	1254	1.0
785	1255	1.0
785	1256	1.0
785	1257	1.0
785	1258	1.0
785	1259	1.0
785	1260	1.0
785	1261	1.0
785	1262	1.0
785	1263	1.0
785	1264	1.0
785	1265	1.0
785	1266	1.0
785	1267	1.0
785	1268	1.0
785	1269	1.0
785	1270	1.0
785	1271	1.0
785	1272	1.0
1272	1273	1.0
1272	1274	1.0
1272	1275	1.0
1272	1276	1.0
1272	1277	1.0
1272	1278	1.0
1272	1279	1.0
1272	1280	1.0
1272	1281	1.0
1272	1282	1.0
1272	1283	1.0
1272	1284	1.0
1272	1285	1.0
1272	1286	1.0
1272	1287	1.0
1272	1288	1.0
1272	1289	1.0
1272	1290	1.0
1272	1291	1.0
1272	1292	1.0
1272	1293	1.0
1272	1294	1.0
1272	1295	1.0
1272	1296	1.0
1272	1297	1.0
1272	1298	1.0
1272	1299	1.0
1272	1300	1.0
1272	1301	1.0
1272	1302	1.0
1272	1303	1.0
1272	1304	1.0
1272	1305	1.0
1272	1306	1.0
1272	1307	1.0
1272	1308	1.0
1272	1309	1.0
1272	1310	1.0
1272	1311	1.0
1272	1312	1.0
1312	1313	1.0
1312	1314	1.0
1312	1315	1.0
1312	1316	1.0
1272	1317	1.0
1272	1318	1.0
1272	1319	1.0
1272	1320	1.0
1272	1321	1.0
1272	1322	1.0
1272	1323	1.0
1272	1324	1.0
1272	1325	1.0
1272	1326	1.0
1272	1327	1.0
1272	1328	1.0
1272	1329	1.0
1272	1330	1.0
1272	1331	1.0
1272	1332	1.0
1272	1333	1.0
1272	1334	1.0
1272	1335	1.0
785	1336	1.0
785	1337	1.0
785	1338	1.0
785	1339	1.0
785	1340	1.0
785	1341	1.0
785	1342	1.0
785	1343	1.0
785	1344	1.0
785	1345	1.0
785	1346	1.0
785	1347	1.0
785	1348	1.0
785	1349	1.0
785	1350	1.0
785	1351	1.0
785	1352	1.0
785	1353	1.0
785	1354	1.0
785	1355	1.0
785	1356	1.0
785	1357	1.0
785	1358	1.0
785	1359	1.0
785	1360	1.0
785	1361	1.0
785	1362	1.0
785	1363	1.0
785	1364	1.0
785	1365	1.0
785	1366	1.0
785	1367	1.0
785	1368	1.0
785	1369	1.0
785	1370	1.0
785	1371	1.0
785	1372	1.0
785	1373	1.0
785	1374	1.0
785	1375	1.0
785	1376	1.0
785	1377	1.0
785	1378	1.0
785	1379	1.0
785	1380	1.0
785	1381	1.0
785	1382	1.0
785	1383	1.0
785	1384	1.0
785	1385	1.0
785	1386	1.0
785	1387	1.0
785	1388	1.0
785	1389	1.0
785	1390	1.0
785	1391	1.0
785	1392	1.0
785	1393	1.0
785	1394	1.0
785	1395	1.0
785	1396	1.0
785	1397	1.0
785	1398	1.0
785	1399	1.0
785	1400	1.0
785	1401	1.0
785	1402	1.0
785	1403	1.0
785	1404	1.0
785	1405	1.0
785	1406	1.0
785	1407	1.0
785	1408	1.0
785	1409	1.0
785	1410	1.0
785	1411	1.0
785	1412	1.0
785	1413	1.0
785	1414	1.0
785	1415	1.0
785	1416	1.0
785	1417	1.0
785	1418	1.0
785	1419	1.0
785	1420	1.0
785	1421	1.0
785	1422	1.0
785	1423	1.0
785	1424	1.0
785	1425	1.0
785	1426	1.0
785	1427	1.0
785	1428	1.0
785	1429	1.0
785	1430	1.0
785	1431	1.0
785	1432	1.0
785	1433	1.0
785	1434	1.0
785	1435	1.0
785	1436	1.0
785	1437	1.0
785	1438	1.0
785	1439	1.0
785	1440	1.0
785	1441	1.0
785	1442	1.0
785	1443	1.0
785	1444	1.0
785	1445	1.0
785	1446	1.0
785	1447	1.0
785	1448	1.0
785	1449	1.0
785	1450	1.0
785	1451	1.0
785	1452	1.0
785	1453	1.0
785	1454	1.0
785	1455	1.0
785	1456	1.0
785	1457	1.0
785	1458	1.0
785	1459	1.0
785	1460	1.0
785	1461	1.0
785	1462	1.0
785	1463	1.0
785	1464	1.0
785	1465	1.0
785	1466	1.0
785	1467	1.0
785	1468	1.0
785	1469	1.0
785	1470	1.0
785	1471	1.0
785	1472	1.0
785	1473	1.0
785	1474	1.0
785	1475	1.0
785	1476	1.0
785	1477	1.0
785	1478	1.0
785	1479	1.0
785	1480	1.0
785	1481	1.0
785	1482	1.0
785	1483	1.0
785	1484	1.0
785	1485	1.0
785	1486	1.0
785	1487	1.0
785	1488	1.0
785	1489	1.0
785	1490	1.0
785	1491	1.0
785	1492	1.0
785	1493	1.0
785	1494	1.0
785	1495	1.0
774	1496	1.0
774	1497	1.0
774	1498	1.0
774	1499	1.0
774	1500	1.0
774	1501	1.0
774	1502	1.0
774	1503	1.0
151	1504	1.0
151	1505	1.0
151	1506	1.0
151	1507	1.0
151	1508	1.0
151	1509	1.0
151	1510	1.0
151	1511	1.0
151	1512	1.0
151	1513	1.0
151	1514	1.0
151	1515	1.0
151	1516	1.0
151	1517	1.0
151	1518	1.0
151	1519	1.0
151	1520	1.0
151	1521	1.0
151	1522	1.0
151	1523	1.0
151	1524	1.0
151	1525	1.0
151	1526	1.0
151	1527	1.0
4	1528	1.0
4	1529	1.0
4	1530	1.0
4	1531	1.0
4	1532	1.0
1532	1533	1.0
1532	1534	1.0
1532	1535	1.0
1532	1536	1.0
1532	1537	1.0
4	1538	1.0
4	1539	1.0
4	1540	1.0
4	1541	1.0
4	1542	1.0
4	1543	1.0
4	1544	1.0
4	1545	1.0
4	1546	1.0
4	1547	1.0
4	1548	1.0
4	1549	1.0
4	1550	1.0
4	1551	1.0
4	1552	1.0
4	1553	1.0
4	1554	1.0
4	1555	1.0
4	1556	1.0
4	1557	1.0
4	1558	1.0
4	1559	1.0
4	1560	1.0
4	1561	1.0
4	1562	1.0
4	1563	1.0
4	1564	1.0
4	1565	1.0
4	1566	1.0
4	1567	1.0
4	1568	1.0
4	1569	1.0
4	1570	1.0
4	1571	1.0
4	1572	1.0
1572	1573	1.0
1572	1574	1.0
1572	1575	1.0
1572	1576	1.0
4	1577	1.0
4	1578	1.0
4	1579	1.0
4	1580	1.0
4	1581	1.0
4	1582	1.0
4	1583	1.0
4	1584	1.0
4	1585	1.0
4	1586	1.0
4	1587	1.0
4	1588	1.0
4	1589	1.0
4	1590	1.0
4	1591	1.0
4	1592	1.0
4	1593	1.0
4	1594	1.0
4	1595	1.0
4	1596	1.0
4	1597	1.0
4	1598	1.0
4	1599	1.0
4	1600	1.0
4	1601	1.0
4	1602	1.0
4	1603	1.0
4	1604	1.0
4	1605	1.0
4	1606	1.0
4	1607	1.0
4	1608	1.0
4	1609	1.0
4	1610	1.0
4	1611	1.0
4	1612	1.0
4	1613	1.0
4	1614	1.0
4	1615	1.0
4	1616	1.0
4	1617	1.0
4	1618	1.0
4	1619	1.0
4	1620	1.0
4	1621	1.0
4	1622	1.0
4	1623	1.0
4	1624	1.0
4	1625	1.0
4	1626	1.0
4	1627	1.0
4	1628	1.0
4	1629	1.0
4	1630	1.0
4	1631	1.0
4	1632	1.0
4	1633	1.0
4	1634	1.0
4	1635	1.0
4	1636	1.0
4	1637	1.0
4	1638	1.0
4	1639	1.0
4	1640	1.0
4	1641	1.0
4	1642	1.0
4	1643	1.0
4	1644	1.0
4	1645	1.0
4	1646	1.0
4	1647	1.0
4	1648	1.0
4	1649	1.0
4	1650	1.0
4	1651	1.0
4	1652	1.0
4	1653	1.0
4	1654	1.0
4	1655	1.0
4	1656	1.0
4	1657	1.0
4	1658	1.0
4	1659	1.0
4	1660	1.0
4	1661	1.0
4	1662	1.0
4	1663	1.0
4	1664	1.0
4	1665	1.0
4	1666	1.0
4	1667	1.0
4	1668	1.0
4	1669	1.0
4	1670	1.0
4	1671	1.0
4	1672	1.0
4	1673	1.0
4	1674	1.0
4	1675	1.0
4	1676	1.0
4	1677	1.0
4	1678	1.0
4	1679	1.0
4	1680	1.0
4	1681	1.0
4	1682	1.0
4	1683	1.0
4	1684	1.0
4	1685	1.0
4	1686	1.0
4	1687	1.0
4	1688	1.0
4	1689	1.0
4	1690	1.0
4	1691	1.0
4	1692	1.0
4	1693	1.0
4	1694	1.0
4	1695	1.0
4	1696	1.0
4	1697	1.0
4	1698	1.0
4	1699	1.0
4	1700	1.0
4	1701	1.0
4	1702	1.0
4	1703	1.0
4	1704	1.0
1704	1705	1.0
1704	1706	1.0
1704	1707	1.0
1704	1708	1.0
1704	1709	1.0
1704	1710	1.0
1704	1711	1.0
1704	1712	1.0
1704	1713	1.0
1704	1714	1.0
1704	1715	1.0
1704	1716	1.0
1704	1717	1.0
1704	1718	1.0
1704	1719	1.0
1704	1720	1.0
1704	1721	1.0
1704	1722	1.0
1704	1723	1.0
1704	1724	1.0
1704	1725	1.0
1704	1726	1.0
1704	1727	1.0
1704	1728	1.0
1704	1729	1.0
1704	1730	1.0
1704	1731	1.0
1704	1732	1.0
1704	1733	1.0
1704	1734	1.0
1704	1735	1.0
1735	1736	1.0
1735	1737	1.0
1735	1738	1.0
1735	1739	1.0
1735	1740	1.0
1735	1741	1.0
1735	1742	1.0
1735	1743	1.0
1735	1744	1.0
1735	1745	1.0
1735	1746	1.0
1735	1747	1.0
1735	1748	1.0
1735	1749	1.0
1704	1750	1.0
1704	1751	1.0
1704	1752	1.0
1704	1753	1.0
1704	1754	1.0
1704	1755	1.0
1704	1756	1.0
1704	1757	1.0
1704	1758	1.0
1704	1759	1.0
1704	1760	1.0
1704	1761	1.0
1704	1762	1.0
1704	1763	1.0
1704	1764	1.0
1704	1765	1.0
1704	1766	1.0
1704	1767	1.0
4	1768	1.0
4	1769	1.0
4	1770	1.0
4	1771	1.0
4	1772	1.0
4	1773	1.0
4	1774	1.0
4	1775	1.0
4	1776	1.0
4	1777	1.0
4	1778	1.0
4	1779	1.0
4	1780	1.0
4	1781	1.0
4	1782	1.0
4	1783	1.0
4	1784	1.0
4	1785	1.0
4	1786	1.0
4	1787	1.0
4	1788	1.0
4	1789	1.0
4	1790	1.0
4	1791	1.0
4	1792	1.0
4	1793	1.0
4	1794	1.0
4	1795	1.0
4	1796	1.0
4	1797	1.0
4	1798	1.0
4	1799	1.0
4	1800	1.0
4	1801	1.0
4	1802	1.0
4	1803	1.0
4	1804	1.0
4	1805	1.0
4	1806	1.0
4	1807	1.0
4	1808	1.0
4	1809	1.0
4	1810	1.0
4	1811	1.0
4	1812	1.0
4	1813	1.0
4	1814	1.0
4	1815	1.0
4	1816	1.0
4	1817	1.0
4	1818	1.0
4	1819	1.0
4	1820	1.0
4	1821	1.0
4	1822	1.0
4	1823	1.0
4	1824	1.0
4	1825	1.0
4	1826	1.0
4	1827	1.0
4	1828	1.0
4	1829	1.0
4	1830	1.0
4	1831	1.0
4	1832	1.0
4	1833	1.0
4	1834	1.0
4	1835	1.0
4	1836	1.0
4	1837	1.0
4	1838	1.0
4	1839	1.0
4	1840	1.0
4	1841	1.0
4	1842	1.0
4	1843	1.0
4	1844	1.0
4	1845	1.0
4	1846	1.0
4	1847	1.0
4	1848	1.0
4	1849	1.0
4	1850	1.0
4	1851	1.0
4	1852	1.0
4	1853	1.0
4	1854	1.0
4	1855	1.0
4	1856	1.0
4	1857	1.0
4	1858	1.0
4	1859	1.0
4	1860	1.0
4	1861	1.0
4	1862	1.0
4	1863	1.0
4	1864	1.0
4	1865	1.0
4	1866	1.0
4	1867	1.0
4	1868	1.0
4	1869	1.0
4	1870	1.0
4	1871	1.0
4	1872	1.0
4	1873	1.0
4	1874	1.0
4	1875	1.0
4	1876	1.0
4	1877	1.0
4	1878	1.0
4	1879	1.0
4	1880	1.0
4	1881	1.0
4	1882	1.0
4	1883	1.0
4	1884	1.0
4	1885	1.0
4	1886	1.0
4	1887	1.0
4	1888	1.0
4	1889	1.0
4	1890	1.0
4	1891	1.0
4	1892	1.0
4	1893	1.0
4	1894	1.0
4	1895	1.0
4	1896	1.0
4	1897	1.0
4	1898	1.0
4	1899	1.0
4	1900	1.0
4	1901	1.0
4	1902	1.0
4	1903	1.0
4	1904	1.0
4	1905	1.0
4	1906	1.0
4	1907	1.0
4	1908	1.0
4	1909	1.0
4	1910	1.0
4	1911	1.0
1911	1912	1.0
1911	1913	1.0
1911	1914	1.0
1911	1915	1.0
1911	1916	1.0
4	1917	1.0
4	1918	1.0
4	1919	1.0
4	1920	1.0
4	1921	1.0
4	1922	1.0
4	1923	1.0
4	1924	1.0
4	1925	1.0
4	1926	1.0
4	1927	1.0
4	1928	1.0
4	1929	1.0
4	1930	1.0
4	1931	1.0
4	1932	1.0
4	1933	1.0
4	1934	1.0
4	1935	1.0
4	1936	1.0
4	1937	1.0
4	1938	1.0
4	1939	1.0
4	1940	1.0
4	1941	1.0
4	1942	1.0
4	1943	1.0
4	1944	1.0
4	1945	1.0
4	1946	1.0
4	1947	1.0
4	1948	1.0
4	1949	1.0
4	1950	1.0
4	1951	1.0
4	1952	1.0
4	1953	1.0
4	1954	1.0
1954	1955	1.0
1954	1956	1.0
1954	1957	1.0
1954	1958	1.0
1954	1959	1.0
1954	1960	1.0
1954	1961	1.0
1954	1962	1.0
1954	1963	1.0
1954	1964	1.0
1954	1965	1.0
1954	1966	1.0
1954	1967	1.0
1954	1968	1.0
1954	1969	1.0
1954	1970	1.0
1954	1971	1.0
1954	1972	1.0
1954	1973	1.0
1954	1974	1.0
1954	1975	1.0
1954	1976	1.0
4	1977	1.0
4	1978	1.0
4	1979	1.0
4	1980	1.0
4	1981	1.0
4	1982	1.0
4	1983	1.0
4	1984	1.0
4	1985	1.0
4	1986	1.0
4	1987	1.0
4	1988	1.0
4	1989	1.0
4	1990	1.0
4	1991	1.0
4	1992	1.0
4	1993	1.0
4	1994	1.0
4	1995	1.0
4	1996	1.0
4	1997	1.0
4	1998	1.0
4	1999	1.0
4	2000	1.0
4	2001	1.0
4	2002	1.0
4	2003	1.0
4	2004	1.0
4	2005	1.0
4	2006	1.0
4	2007	1.0
4	2008	1.0
4	2009	1.0
4	2010	1.0
4	2011	1.0
4	2012	1.0
4	2013	1.0
4	2014	1.0
4	2015	1.0
4	2016	1.0
4	2017	1.0
1	2018	1.0
1	2019	1.0
0	2020	1.0
0	2021	1.0
0	2022	1.0
0	2023	1.0
0	2024	1.0
