0	1	1.0
0	2	1.0
0	3	1.0
0	4	1.0
4	5	1.0
5	6	1.0
6	7	1.0
6	8	1.0
6	9	1.0
9	10	1.0
9	11	1.0
9	12	1.0
9	13	1.0
9	14	1.0
9	15	1.0
9	16	1.0
9	17	1.0
9	18	1.0
9	19	1.0
19	20	1.0
19	21	1.0
19	22	1.0
19	23	1.0
19	24	1.0
19	25	1.0
19	26	1.0
19	27	1.0
19	28	1.0
19	29	1.0
19	30	1.0
19	31	1.0
19	32	1.0
19	33	1.0
19	34	1.0
34	35	1.0
34	36	1.0
34	37	1.0
34	38	1.0
34	39	1.0
39	40	1.0
39	41	1.0
39	42	1.0
39	43	1.0
39	44	1.0
39	45	1.0
39	46	1.0
39	47	1.0
39	48	1.0
39	49	1.0
39	50	1.0
39	51	1.0
39	52	1.0
39	53	1.0
39	54	1.0
39	55	1.0
39	56	1.0
56	57	1.0
56	58	1.0
56	59	1.0
56	60	1.0
56	61	1.0
56	62	1.0
56	63	1.0
56	64	1.0
56	65	1.0
56	66	1.0
56	67	1.0
56	68	1.0
56	69	1.0
56	70	1.0
56	71	1.0
56	72	1.0
56	73	1.0
56	74	1.0
56	75	1.0
56	76	1.0
56	77	1.0
56	78	1.0
56	79	1.0
56	80	1.0
56	81	1.0
56	82	1.0
56	83	1.0
56	84	1.0
56	85	1.0
56	86	1.0
56	87	1.0
56	88	1.0
56	89	1.0
56	90	1.0
56	91	1.0
56	92	1.0
56	93	1.0
56	94	1.0
56	95	1.0
56	96	1.0
56	97	1.0
56	98	1.0
56	99	1.0
56	100	1.0
56	101	1.0
56	102	1.0
56	103	1.0
56	104	1.0
56	105	1.0
56	106	1.0
56	107	1.0
56	108	1.0
56	109	1.0
56	110	1.0
56	111	1.0
56	112	1.0
56	113	1.0
39	114	1.0
39	115	1.0
39	116	1.0
39	117	1.0
39	118	1.0
39	119	1.0
39	120	1.0
39	121	1.0
39	122	1.0
39	123	1.0
39	124	1.0
39	125	1.0
39	126	1.0
39	127	1.0
39	128	1.0
39	129	1.0
39	130	1.0
39	131	1.0
39	132	1.0
39	133	1.0
39	134	1.0
39	135	1.0
39	136	1.0
39	137	1.0
39	138	1.0
39	139	1.0
39	140	1.0
39	141	1.0
39	142	1.0
39	143	1.0
39	144	1.0
39	145	1.0
39	146	1.0
39	147	1.0
39	148	1.0
39	149	1.0
39	150	1.0
39	151	1.0
39	152	1.0
39	153	1.0
39	154	1.0
39	155	1.0
39	156	1.0
39	157	1.0
39	158	1.0
39	159	1.0
39	160	1.0
39	161	1.0
39	162	1.0
39	163	1.0
39	164	1.0
39	165	1.0
39	166	1.0
39	167	1.0
39	168	1.0
39	169	1.0
39	170	1.0
39	171	1.0
39	172	1.0
39	173	1.0
39	174	1.0
39	175	1.0
39	176	1.0
39	177	1.0
39	178	1.0
39	179	1.0
39	180	1.0
39	181	1.0
39	182	1.0
39	183	1.0
39	184	1.0
39	185	1.0
39	186	1.0
39	187	1.0
39	188	1.0
39	189	1.0
39	190	1.0
39	191	1.0
39	192	1.0
39	193	1.0
39	194	1.0
39	195	1.0
39	196	1.0
39	197	1.0
39	198	1.0
39	199	1.0
39	200	1.0
39	201	1.0
39	202	1.0
39	203	1.0
39	204	1.0
39	205	1.0
39	206	1.0
39	207	1.0
39	208	1.0
39	209	1.0
39	210	1.0
39	211	1.0
211	212	1.0
211	213	1.0
213	214	1.0
213	215	1.0
213	216	1.0
213	217	1.0
213	218	1.0
213	219	1.0
213	220	1.0
211	221	1.0
211	222	1.0
39	223	1.0
39	224	1.0
39	225	1.0
39	226	1.0
39	227	1.0
39	228	1.0
39	229	1.0
39	230	1.0
39	231	1.0
39	232	1.0
39	233	1.0
39	234	1.0
39	235	1.0
39	236	1.0
39	237	1.0
39	238	1.0
39	239	1.0
39	240	1.0
39	241	1.0
39	242	1.0
39	243	1.0
39	244	1.0
39	245	1.0
39	246	1.0
39	247	1.0
39	248	1.0
39	249	1.0
39	250	1.0
39	251	1.0
39	252	1.0
39	253	1.0
39	254	1.0
39	255	1.0
39	256	1.0
39	257	1.0
39	258	1.0
39	259	1.0
39	260	1.0
39	261	1.0
39	262	1.0
39	263	1.0
39	264	1.0
39	265	1.0
39	266	1.0
39	267	1.0
39	268	1.0
39	269	1.0
39	270	1.0
39	271	1.0
39	272	1.0
39	273	1.0
39	274	1.0
39	275	1.0
39	276	1.0
39	277	1.0
39	278	1.0
39	279	1.0
39	280	1.0
39	281	1.0
39	282	1.0
39	283	1.0
39	284	1.0
39	285	1.0
39	286	1.0
39	287	1.0
39	288	1.0
39	289	1.0
39	290	1.0
39	291	1.0
39	292	1.0
39	293	1.0
39	294	1.0
39	295	1.0
39	296	1.0
39	297	1.0
39	298	1.0
39	299	1.0
39	300	1.0
39	301	1.0
39	302	1.0
39	303	1.0
39	304	1.0
39	305	1.0
39	306	1.0
39	307	1.0
39	308	1.0
39	309	1.0
39	310	1.0
39	311	1.0
39	312	1.0
39	313	1.0
39	314	1.0
39	315	1.0
39	316	1.0
39	317	1.0
39	318	1.0
318	319	1.0
318	320	1.0
318	321	1.0
318	322	1.0
318	323	1.0
318	324	1.0
39	325	1.0
39	326	1.0
39	327	1.0
39	328	1.0
39	329	1.0
39	330	1.0
39	331	1.0
39	332	1.0
39	333	1.0
39	334	1.0
39	335	1.0
39	336	1.0
39	337	1.0
39	338	1.0
39	339	1.0
39	340	1.0
39	341	1.0
39	342	1.0
39	343	1.0
39	344	1.0
39	345	1.0
39	346	1.0
39	347	1.0
39	348	1.0
39	349	1.0
39	350	1.0
39	351	1.0
39	352	1.0
39	353	1.0
39	354	1.0
39	355	1.0
39	356	1.0
39	357	1.0
39	358	1.0
39	359	1.0
39	360	1.0
39	361	1.0
39	362	1.0
39	363	1.0
39	364	1.0
39	365	1.0
39	366	1.0
39	367	1.0
39	368	1.0
39	369	1.0
39	370	1.0
39	371	1.0
39	372	1.0
39	373	1.0
39	374	1.0
39	375	1.0
39	376	1.0
39	377	1.0
39	378	1.0
39	379	1.0
39	380	1.0
39	381	1.0
39	382	1.0
382	383	1.0
382	384	1.0
382	385	1.0
382	386	1.0
382	387	1.0
382	388	1.0
382	389	1.0
382	390	1.0
382	391	1.0
382	392	1.0
382	393	1.0
382	394	1.0
382	395	1.0
382	396	1.0
382	397	1.0
382	398	1.0
382	399	1.0
382	400	1.0
382	401	1.0
382	402	1.0
382	403	1.0
382	404	1.0
382	405	1.0
382	406	1.0
382	407	1.0
382	408	1.0
382	409	1.0
382	410	1.0
382	411	1.0
382	412	1.0
382	413	1.0
382	414	1.0
382	415	1.0
382	416	1.0
382	417	1.0
382	418	1.0
382	419	1.0
382	420	1.0
382	421	1.0
382	422	1.0
382	423	1.0
382	424	1.0
382	425	1.0
382	426	1.0
382	427	1.0
382	428	1.0
382	429	1.0
382	430	1.0
382	431	1.0
382	432	1.0
382	433	1.0
382	434	1.0
382	435	1.0
382	436	1.0
382	437	1.0
382	438	1.0
382	439	1.0
382	440	1.0
382	441	1.0
382	442	1.0
382	443	1.0
382	444	1.0
382	445	1.0
382	446	1.0
382	447	1.0
382	448	1.0
382	449	1.0
382	450	1.0
382	451	1.0
382	452	1.0
382	453	1.0
382	454	1.0
382	455	1.0
382	456	1.0
382	457	1.0
382	458	1.0
382	459	1.0
382	460	1.0
382	461	1.0
382	462	1.0
382	463	1.0
382	464	1.0
382	465	1.0
382	466	1.0
382	467	1.0
382	468	1.0
382	469	1.0
382	470	1.0
382	471	1.0
382	472	1.0
382	473	1.0
382	474	1.0
382	475	1.0
382	476	1.0
382	477	1.0
382	478	1.0
382	479	1.0
382	480	1.0
382	481	1.0
382	482	1.0
382	483	1.0
382	484	1.0
382	485	1.0
382	486	1.0
382	487	1.0
382	488	1.0
382	489	1.0
382	490	1.0
382	491	1.0
382	492	1.0
382	493	1.0
382	494	1.0
382	495	1.0
382	496	1.0
382	497	1.0
497	498	1.0
497	499	1.0
497	500	1.0
497	501	1.0
497	502	1.0
497	503	1.0
497	504	1.0
497	505	1.0
497	506	1.0
497	507	1.0
497	508	1.0
497	509	1.0
497	510	1.0
497	511	1.0
497	512	1.0
497	513	1.0
497	514	1.0
497	515	1.0
497	516	1.0
497	517	1.0
497	518	1.0
497	519	1.0
497	520	1.0
497	521	1.0
497	522	1.0
497	523	1.0
497	524	1.0
497	525	1.0
497	526	1.0
497	527	1.0
497	528	1.0
497	529	1.0
497	530	1.0
497	531	1.0
497	532	1.0
497	533	1.0
497	534	1.0
497	535	1.0
497	536	1.0
497	537	1.0
497	538	1.0
497	539	1.0
497	540	1.0
497	541	1.0
497	542	1.0
497	543	1.0
497	544	1.0
497	545	1.0
497	546	1.0
497	547	1.0
497	548	1.0
497	549	1.0
497	550	1.0
497	551	1.0
497	552	1.0
497	553	1.0
497	554	1.0
497	555	1.0
497	556	1.0
497	557	1.0
497	558	1.0
497	559	1.0
497	560	1.0
497	561	1.0
497	562	1.0
497	563	1.0
497	564	1.0
497	565	1.0
497	566	1.0
497	567	1.0
497	568	1.0
497	569	1.0
497	570	1.0
497	571	1.0
497	572	1.0
497	573	1.0
497	574	1.0
497	575	1.0
497	576	1.0
497	577	1.0
497	578	1.0
497	579	1.0
497	580	1.0
497	581	1.0
497	582	1.0
497	583	1.0
497	584	1.0
497	585	1.0
497	586	1.0
497	587	1.0
497	588	1.0
497	589	1.0
497	590	1.0
497	591	1.0
497	592	1.0
497	593	1.0
497	594	1.0
497	595	1.0
497	596	1.0
497	597	1.0
497	598	1.0
497	599	1.0
497	600	1.0
497	601	1.0
497	602	1.0
497	603	1.0
497	604	1.0
497	605	1.0
497	606	1.0
497	607	1.0
497	608	1.0
497	609	1.0
497	610	1.0
497	611	1.0
497	612	1.0
382	613	1.0
382	614	1.0
382	615	1.0
382	616	1.0
382	617	1.0
382	618	1.0
382	619	1.0
382	620	1.0
382	621	1.0
382	622	1.0
382	623	1.0
382	624	1.0
382	625	1.0
382	626	1.0
382	627	1.0
382	628	1.0
382	629	1.0
382	630	1.0
382	631	1.0
382	632	1.0
382	633	1.0
382	634	1.0
634	635	1.0
634	636	1.0
634	637	1.0
634	638	1.0
634	639	1.0
634	640	1.0
634	641	1.0
634	642	1.0
634	643	1.0
634	644	1.0
634	645	1.0
634	646	1.0
634	647	1.0
634	648	1.0
634	649	1.0
634	650	1.0
634	651	1.0
634	652	1.0
634	653	1.0
634	654	1.0
654	655	1.0
654	656	1.0
654	657	1.0
654	658	1.0
654	659	1.0
654	660	1.0
654	661	1.0
654	662	1.0
654	663	1.0
654	664	1.0
634	665	1.0
634	666	1.0
634	667	1.0
634	668	1.0
634	669	1.0
634	670	1.0
634	671	1.0
634	672	1.0
634	673	1.0
634	674	1.0
634	675	1.0
634	676	1.0
634	677	1.0
634	678	1.0
634	679	1.0
634	680	1.0
634	681	1.0
681	682	1.0
681	683	1.0
683	684	1.0
683	685	1.0
683	686	1.0
683	687	1.0
681	688	1.0
681	689	1.0
681	690	1.0
681	691	1.0
681	692	1.0
681	693	1.0
681	694	1.0
681	695	1.0
681	696	1.0
681	697	1.0
681	698	1.0
681	699	1.0
681	700	1.0
681	701	1.0
681	702	1.0
681	703	1.0
681	704	1.0
681	705	1.0
681	706	1.0
681	707	1.0
681	708	1.0
681	709	1.0
681	710	1.0
681	711	1.0
681	712	1.0
681	713	1.0
681	714	1.0
681	715	1.0
681	716	1.0
681	717	1.0
681	718	1.0
681	719	1.0
681	720	1.0
681	721	1.0
681	722	1.0
681	723	1.0
681	724	1.0
681	725	1.0
681	726	1.0
681	727	1.0
681	728	1.0
681	729	1.0
681	730	1.0
681	731	1.0
681	732	1.0
681	733	1.0
681	734	1.0
681	735	1.0
681	736	1.0
681	737	1.0
681	738	1.0
681	739	1.0
681	740	1.0
681	741	1.0
681	742	1.0
681	743	1.0
681	744	1.0
681	745	1.0
681	746	1.0
681	747	1.0
681	748	1.0
681	749	1.0
681	750	1.0
681	751	1.0
681	752	1.0
681	753	1.0
681	754	1.0
681	755	1.0
681	756	1.0
681	757	1.0
681	758	1.0
681	759	1.0
681	760	1.0
681	761	1.0
681	762	1.0
681	763	1.0
681	764	1.0
681	765	1.0
681	766	1.0
681	767	1.0
681	768	1.0
681	769	1.0
681	770	1.0
681	771	1.0
681	772	1.0
681	773	1.0
681	774	1.0
681	775	1.0
681	776	1.0
681	777	1.0
634	778	1.0
634	779	1.0
634	780	1.0
634	781	1.0
634	782	1.0
634	783	1.0
634	784	1.0
634	785	1.0
634	786	1.0
634	787	1.0
634	788	1.0
634	789	1.0
634	790	1.0
634	791	1.0
634	792	1.0
634	793	1.0
634	794	1.0
634	795	1.0
634	796	1.0
634	797	1.0
634	798	1.0
634	799	1.0
634	800	1.0
634	801	1.0
634	802	1.0
634	803	1.0
634	804	1.0
634	805	1.0
634	806	1.0
634	807	1.0
634	808	1.0
634	809	1.0
634	810	1.0
634	811	1.0
634	812	1.0
634	813	1.0
634	814	1.0
634	815	1.0
634	816	1.0
634	817	1.0
634	818	1.0
634	819	1.0
634	820	1.0
634	821	1.0
634	822	1.0
634	823	1.0
634	824	1.0
634	825	1.0
634	826	1.0
634	827	1.0
634	828	1.0
634	829	1.0
634	830	1.0
634	831	1.0
634	832	1.0
634	833	1.0
634	834	1.0
634	835	1.0
634	836	1.0
634	837	1.0
634	838	1.0
634	839	1.0
634	840	1.0
634	841	1.0
634	842	1.0
634	843	1.0
634	844	1.0
634	845	1.0
634	846	1.0
634	847	1.0
634	848	1.0
634	849	1.0
634	850	1.0
634	851	1.0
634	852	1.0
634	853	1.0
634	854	1.0
634	855	1.0
634	856	1.0
634	857	1.0
634	858	1.0
634	859	1.0
634	860	1.0
634	861	1.0
634	862	1.0
634	863	1.0
634	864	1.0
634	865	1.0
634	866	1.0
634	867	1.0
634	868	1.0
634	869	1.0
634	870	1.0
634	871	1.0
634	872	1.0
634	873	1.0
634	874	1.0
634	875	1.0
634	876	1.0
634	877	1.0
634	878	1.0
634	879	1.0
634	880	1.0
634	881	1.0
634	882	1.0
634	883	1.0
634	884	1.0
634	885	1.0
634	886	1.0
634	887	1.0
634	888	1.0
634	889	1.0
634	890	1.0
634	891	1.0
634	892	1.0
634	893	1.0
634	894	1.0
634	895	1.0
634	896	1.0
634	897	1.0
634	898	1.0
634	899	1.0
634	900	1.0
634	901	1.0
382	902	1.0
382	903	1.0
382	904	1.0
382	905	1.0
382	906	1.0
382	907	1.0
382	908	1.0
382	909	1.0
382	910	1.0
382	911	1.0
382	912	1.0
382	913	1.0
382	914	1.0
382	915	1.0
382	916	1.0
382	917	1.0
382	918	1.0
382	919	1.0
382	920	1.0
382	921	1.0
382	922	1.0
382	923	1.0
382	924	1.0
382	925	1.0
382	926	1.0
382	927	1.0
382	928	1.0
382	929	1.0
382	930	1.0
382	931	1.0
382	932	1.0
382	933	1.0
382	934	1.0
382	935	1.0
382	936	1.0
382	937	1.0
382	938	1.0
382	939	1.0
382	940	1.0
382	941	1.0
382	942	1.0
382	943	1.0
382	944	1.0
382	945	1.0
382	946	1.0
382	947	1.0
382	948	1.0
382	949	1.0
382	950	1.0
382	951	1.0
382	952	1.0
382	953	1.0
382	954	1.0
954	955	1.0
954	956	1.0
954	957	1.0
954	958	1.0
954	959	1.0
954	960	1.0
382	961	1.0
382	962	1.0
382	963	1.0
382	964	1.0
382	965	1.0
965	966	1.0
965	967	1.0
965	968	1.0
965	969	1.0
965	970	1.0
965	971	1.0
965	972	1.0
965	973	1.0
965	974	1.0
965	975	1.0
965	976	1.0
965	977	1.0
965	978	1.0
965	979	1.0
965	980	1.0
965	981	1.0
965	982	1.0
965	983	1.0
965	984	1.0
984	985	1.0
984	986	1.0
984	987	1.0
984	988	1.0
984	989	1.0
984	990	1.0
984	991	1.0
984	992	1.0
984	993	1.0
984	994	1.0
984	995	1.0
984	996	1.0
984	997	1.0
984	998	1.0
984	999	1.0
984	1000	1.0
984	1001	1.0
984	1002	1.0
984	1003	1.0
984	1004	1.0
984	1005	1.0
984	1006	1.0
984	1007	1.0
984	1008	1.0
984	1009	1.0
984	1010	1.0
984	1011	1.0
984	1012	1.0
984	1013	1.0
984	1014	1.0
984	1015	1.0
984	1016	1.0
984	1017	1.0
984	1018	1.0
984	1019	1.0
984	1020	1.0
984	1021	1.0
984	1022	1.0
984	1023	1.0
984	1024	1.0
1024	1025	1.0
1024	1026	1.0
1024	1027	1.0
1024	1028	1.0
984	1029	1.0
984	1030	1.0
984	1031	1.0
984	1032	1.0
984	1033	1.0
984	1034	1.0
984	1035	1.0
984	1036	1.0
1036	1037	1.0
1036	1038	1.0
1036	1039	1.0
1036	1040	1.0
1036	1041	1.0
984	1042	1.0
984	1043	1.0
984	1044	1.0
984	1045	1.0
984	1046	1.0
984	1047	1.0
984	1048	1.0
984	1049	1.0
984	1050	1.0
984	1051	1.0
984	1052	1.0
984	1053	1.0
984	1054	1.0
984	1055	1.0
984	1056	1.0
1056	1057	1.0
1056	1058	1.0
1056	1059	1.0
1056	1060	1.0
1056	1061	1.0
1056	1062	1.0
1056	1063	1.0
1056	1064	1.0
1056	1065	1.0
1056	1066	1.0
1056	1067	1.0
1056	1068	1.0
1056	1069	1.0
1056	1070	1.0
1056	1071	1.0
1056	1072	1.0
1056	1073	1.0
1056	1074	1.0
1056	1075	1.0
1056	1076	1.0
1056	1077	1.0
1056	1078	1.0
1056	1079	1.0
1056	1080	1.0
1056	1081	1.0
1056	1082	1.0
1056	1083	1.0
1056	1084	1.0
1056	1085	1.0
1056	1086	1.0
1056	1087	1.0
1056	1088	1.0
1056	1089	1.0
1056	1090	1.0
1056	1091	1.0
1056	1092	1.0
1056	1093	1.0
1056	1094	1.0
1056	1095	1.0
1056	1096	1.0
1056	1097	1.0
1056	1098	1.0
1056	1099	1.0
1056	1100	1.0
1056	1101	1.0
1056	1102	1.0
1056	1103	1.0
1056	1104	1.0
1056	1105	1.0
1056	1106	1.0
1056	1107	1.0
1056	1108	1.0
1056	1109	1.0
1056	1110	1.0
1056	1111	1.0
1056	1112	1.0
1056	1113	1.0
1056	1114	1.0
1056	1115	1.0
1056	1116	1.0
1056	1117	1.0
1056	1118	1.0
1056	1119	1.0
1056	1120	1.0
1056	1121	1.0
1056	1122	1.0
1056	1123	1.0
1056	1124	1.0
1056	1125	1.0
1056	1126	1.0
1056	1127	1.0
1056	1128	1.0
1056	1129	1.0
1056	1130	1.0
1056	1131	1.0
1056	1132	1.0
1056	1133	1.0
1056	1134	1.0
1056	1135	1.0
1056	1136	1.0
1056	1137	1.0
1056	1138	1.0
1056	1139	1.0
1056	1140	1.0
1056	1141	1.0
1056	1142	1.0
1056	1143	1.0
1056	1144	1.0
1056	1145	1.0
1056	1146	1.0
1056	1147	1.0
1056	1148	1.0
1056	1149	1.0
1056	1150	1.0
1056	1151	1.0
1056	1152	1.0
1056	1153	1.0
1056	1154	1.0
1056	1155	1.0
1056	1156	1.0
984	1157	1.0
984	1158	1.0
984	1159	1.0
984	1160	1.0
984	1161	1.0
984	1162	1.0
984	1163	1.0
984	1164	1.0
984	1165	1.0
984	1166	1.0
984	1167	1.0
984	1168	1.0
984	1169	1.0
984	1170	1.0
984	1171	1.0
984	1172	1.0
984	1173	1.0
984	1174	1.0
984	1175	1.0
984	1176	1.0
984	1177	1.0
984	1178	1.0
984	1179	1.0
984	1180	1.0
984	1181	1.0
984	1182	1.0
984	1183	1.0
984	1184	1.0
984	1185	1.0
984	1186	1.0
984	1187	1.0
984	1188	1.0
984	1189	1.0
984	1190	1.0
984	1191	1.0
984	1192	1.0
984	1193	1.0
984	1194	1.0
984	1195	1.0
984	1196	1.0
984	1197	1.0
984	1198	1.0
984	1199	1.0
984	1200	1.0
984	1201	1.0
984	1202	1.0
984	1203	1.0
984	1204	1.0
984	1205	1.0
984	1206	1.0
984	1207	1.0
984	1208	1.0
984	1209	1.0
984	1210	1.0
984	1211	1.0
984	1212	1.0
984	1213	1.0
984	1214	1.0
984	1215	1.0
984	1216	1.0
984	1217	1.0
984	1218	1.0
984	1219	1.0
984	1220	1.0
984	1221	1.0
984	1222	1.0
984	1223	1.0
984	1224	1.0
984	1225	1.0
984	1226	1.0
984	1227	1.0
984	1228	1.0
984	1229	1.0
984	1230	1.0
984	1231	1.0
984	1232	1.0
984	1233	1.0
984	1234	1.0
984	1235	1.0
984	1236	1.0
984	1237	1.0
984	1238	1.0
984	1239	1.0
984	1240	1.0
984	1241	1.0
984	1242	1.0
984	1243	1.0
984	1244	1.0
984	1245	1.0
984	1246	1.0
984	1247	1.0
984	1248	1.0
984	1249	1.0
984	1250	1.0
984	1251	1.0
984	1252	1.0
984	1253	1.0
984	1254	1.0
984	1255	1.0
984	1256	1.0
984	1257	1.0
984	1258	1.0
984	1259	1.0
984	1260	1.0
984	1261	1.0
984	1262	1.0
984	1263	1.0
984	1264	1.0
984	1265	1.0
984	1266	1.0
984	1267	1.0
984	1268	1.0
984	1269	1.0
984	1270	1.0
984	1271	1.0
984	1272	1.0
984	1273	1.0
984	1274	1.0
984	1275	1.0
984	1276	1.0
984	1277	1.0
984	1278	1.0
984	1279	1.0
984	1280	1.0
984	1281	1.0
984	1282	1.0
984	1283	1.0
984	1284	1.0
984	1285	1.0
984	1286	1.0
984	1287	1.0
984	1288	1.0
984	1289	1.0
984	1290	1.0
984	1291	1.0
984	1292	1.0
984	1293	1.0
984	1294	1.0
984	1295	1.0
984	1296	1.0
984	1297	1.0
984	1298	1.0
984	1299	1.0
984	1300	1.0
984	1301	1.0
984	1302	1.0
984	1303	1.0
984	1304	1.0
984	1305	1.0
984	1306	1.0
984	1307	1.0
984	1308	1.0
984	1309	1.0
984	1310	1.0
984	1311	1.0
1311	1312	1.0
1311	1313	1.0
1311	1314	1.0
1311	1315	1.0
984	1316	1.0
984	1317	1.0
984	1318	1.0
984	1319	1.0
984	1320	1.0
984	1321	1.0
984	1322	1.0
984	1323	1.0
984	1324	1.0
984	1325	1.0
984	1326	1.0
984	1327	1.0
984	1328	1.0
984	1329	1.0
984	1330	1.0
984	1331	1.0
984	1332	1.0
984	1333	1.0
984	1334	1.0
984	1335	1.0
984	1336	1.0
984	1337	1.0
984	1338	1.0
984	1339	1.0
984	1340	1.0
984	1341	1.0
984	1342	1.0
984	1343	1.0
984	1344	1.0
984	1345	1.0
984	1346	1.0
984	1347	1.0
984	1348	1.0
984	1349	1.0
984	1350	1.0
984	1351	1.0
984	1352	1.0
984	1353	1.0
984	1354	1.0
984	1355	1.0
984	1356	1.0
984	1357	1.0
984	1358	1.0
984	1359	1.0
984	1360	1.0
984	1361	1.0
984	1362	1.0
984	1363	1.0
984	1364	1.0
984	1365	1.0
984	1366	1.0
984	1367	1.0
984	1368	1.0
984	1369	1.0
984	1370	1.0
984	1371	1.0
984	1372	1.0
984	1373	1.0
984	1374	1.0
984	1375	1.0
984	1376	1.0
984	1377	1.0
984	1378	1.0
984	1379	1.0
984	1380	1.0
984	1381	1.0
984	1382	1.0
984	1383	1.0
984	1384	1.0
984	1385	1.0
984	1386	1.0
984	1387	1.0
984	1388	1.0
984	1389	1.0
984	1390	1.0
984	1391	1.0
984	1392	1.0
984	1393	1.0
984	1394	1.0
984	1395	1.0
984	1396	1.0
984	1397	1.0
984	1398	1.0
984	1399	1.0
984	1400	1.0
984	1401	1.0
984	1402	1.0
984	1403	1.0
984	1404	1.0
984	1405	1.0
984	1406	1.0
984	1407	1.0
984	1408	1.0
984	1409	1.0
984	1410	1.0
984	1411	1.0
984	1412	1.0
984	1413	1.0
984	1414	1.0
984	1415	1.0
984	1416	1.0
984	1417	1.0
984	1418	1.0
984	1419	1.0
984	1420	1.0
984	1421	1.0
984	1422	1.0
984	1423	1.0
984	1424	1.0
984	1425	1.0
984	1426	1.0
984	1427	1.0
984	1428	1.0
984	1429	1.0
984	1430	1.0
984	1431	1.0
984	1432	1.0
984	1433	1.0
984	1434	1.0
984	1435	1.0
984	1436	1.0
984	1437	1.0
984	1438	1.0
984	1439	1.0
984	1440	1.0
984	1441	1.0
984	1442	1.0
984	1443	1.0
984	1444	1.0
984	1445	1.0
984	1446	1.0
984	1447	1.0
984	1448	1.0
984	1449	1.0
984	1450	1.0
984	1451	1.0
984	1452	1.0
984	1453	1.0
984	1454	1.0
984	1455	1.0
984	1456	1.0
984	1457	1.0
984	1458	1.0
984	1459	1.0
984	1460	1.0
984	1461	1.0
984	1462	1.0
984	1463	1.0
984	1464	1.0
984	1465	1.0
984	1466	1.0
984	1467	1.0
984	1468	1.0
984	1469	1.0
984	1470	1.0
984	1471	1.0
984	1472	1.0
984	1473	1.0
984	1474	1.0
984	1475	1.0
984	1476	1.0
984	1477	1.0
984	1478	1.0
984	1479	1.0
984	1480	1.0
1480	1481	1.0
1480	1482	1.0
1480	1483	1.0
1480	1484	1.0
984	1485	1.0
984	1486	1.0
984	1487	1.0
984	1488	1.0
984	1489	1.0
984	1490	1.0
984	1491	1.0
984	1492	1.0
984	1493	1.0
984	1494	1.0
984	1495	1.0
984	1496	1.0
984	1497	1.0
984	1498	1.0
984	1499	1.0
984	1500	1.0
984	1501	1.0
984	1502	1.0
984	1503	1.0
984	1504	1.0
984	1505	1.0
984	1506	1.0
984	1507	1.0
984	1508	1.0
984	1509	1.0
984	1510	1.0
984	1511	1.0
984	1512	1.0
984	1513	1.0
984	1514	1.0
984	1515	1.0
984	1516	1.0
984	1517	1.0
984	1518	1.0
984	1519	1.0
984	1520	1.0
984	1521	1.0
984	1522	1.0
984	1523	1.0
984	1524	1.0
984	1525	1.0
984	1526	1.0
984	1527	1.0
984	1528	1.0
984	1529	1.0
984	1530	1.0
984	1531	1.0
984	1532	1.0
984	1533	1.0
984	1534	1.0
984	1535	1.0
984	1536	1.0
984	1537	1.0
984	1538	1.0
984	1539	1.0
984	1540	1.0
984	1541	1.0
984	1542	1.0
984	1543	1.0
984	1544	1.0
984	1545	1.0
984	1546	1.0
984	1547	1.0
984	1548	1.0
984	1549	1.0
984	1550	1.0
984	1551	1.0
984	1552	1.0
984	1553	1.0
984	1554	1.0
984	1555	1.0
984	1556	1.0
984	1557	1.0
984	1558	1.0
984	1559	1.0
984	1560	1.0
984	1561	1.0
984	1562	1.0
984	1563	1.0
984	1564	1.0
984	1565	1.0
984	1566	1.0
984	1567	1.0
984	1568	1.0
984	1569	1.0
984	1570	1.0
984	1571	1.0
984	1572	1.0
984	1573	1.0
984	1574	1.0
984	1575	1.0
984	1576	1.0
984	1577	1.0
984	1578	1.0
984	1579	1.0
984	1580	1.0
984	1581	1.0
984	1582	1.0
984	1583	1.0
984	1584	1.0
984	1585	1.0
984	1586	1.0
984	1587	1.0
984	1588	1.0
984	1589	1.0
984	1590	1.0
984	1591	1.0
984	1592	1.0
984	1593	1.0
984	1594	1.0
984	1595	1.0
984	1596	1.0
984	1597	1.0
984	1598	1.0
984	1599	1.0
984	1600	1.0
984	1601	1.0
984	1602	1.0
984	1603	1.0
984	1604	1.0
984	1605	1.0
984	1606	1.0
984	1607	1.0
984	1608	1.0
984	1609	1.0
984	1610	1.0
984	1611	1.0
984	1612	1.0
984	1613	1.0
984	1614	1.0
984	1615	1.0
984	1616	1.0
984	1617	1.0
984	1618	1.0
984	1619	1.0
984	1620	1.0
984	1621	1.0
984	1622	1.0
984	1623	1.0
984	1624	1.0
984	1625	1.0
984	1626	1.0
984	1627	1.0
984	1628	1.0
984	1629	1.0
984	1630	1.0
984	1631	1.0
984	1632	1.0
984	1633	1.0
984	1634	1.0
984	1635	1.0
984	1636	1.0
984	1637	1.0
984	1638	1.0
984	1639	1.0
984	1640	1.0
984	1641	1.0
984	1642	1.0
984	1643	1.0
984	1644	1.0
984	1645	1.0
984	1646	1.0
984	1647	1.0
984	1648	1.0
984	1649	1.0
984	1650	1.0
984	1651	1.0
984	1652	1.0
984	1653	1.0
984	1654	1.0
984	1655	1.0
984	1656	1.0
984	1657	1.0
984	1658	1.0
984	1659	1.0
984	1660	1.0
984	1661	1.0
984	1662	1.0
984	1663	1.0
984	1664	1.0
984	1665	1.0
984	1666	1.0
984	1667	1.0
984	1668	1.0
984	1669	1.0
984	1670	1.0
984	1671	1.0
984	1672	1.0
984	1673	1.0
984	1674	1.0
984	1675	1.0
984	1676	1.0
984	1677	1.0
984	1678	1.0
984	1679	1.0
984	1680	1.0
984	1681	1.0
984	1682	1.0
984	1683	1.0
984	1684	1.0
984	1685	1.0
984	1686	1.0
984	1687	1.0
984	1688	1.0
984	1689	1.0
984	1690	1.0
984	1691	1.0
984	1692	1.0
984	1693	1.0
984	1694	1.0
984	1695	1.0
984	1696	1.0
984	1697	1.0
984	1698	1.0
984	1699	1.0
984	1700	1.0
984	1701	1.0
1701	1702	1.0
1701	1703	1.0
1701	1704	1.0
1701	1705	1.0
1701	1706	1.0
1701	1707	1.0
984	1708	1.0
984	1709	1.0
984	1710	1.0
984	1711	1.0
984	1712	1.0
984	1713	1.0
984	1714	1.0
984	1715	1.0
984	1716	1.0
984	1717	1.0
984	1718	1.0
984	1719	1.0
984	1720	1.0
984	1721	1.0
984	1722	1.0
984	1723	1.0
984	1724	1.0
984	1725	1.0
984	1726	1.0
984	1727	1.0
984	1728	1.0
984	1729	1.0
984	1730	1.0
984	1731	1.0
984	1732	1.0
984	1733	1.0
984	1734	1.0
984	1735	1.0
984	1736	1.0
984	1737	1.0
984	1738	1.0
984	1739	1.0
984	1740	1.0
984	1741	1.0
984	1742	1.0
984	1743	1.0
984	1744	1.0
984	1745	1.0
984	1746	1.0
984	1747	1.0
984	1748	1.0
984	1749	1.0
984	1750	1.0
984	1751	1.0
984	1752	1.0
984	1753	1.0
984	1754	1.0
984	1755	1.0
984	1756	1.0
984	1757	1.0
984	1758	1.0
984	1759	1.0
984	1760	1.0
984	1761	1.0
984	1762	1.0
984	1763	1.0
984	1764	1.0
984	1765	1.0
984	1766	1.0
984	1767	1.0
984	1768	1.0
984	1769	1.0
984	1770	1.0
984	1771	1.0
984	1772	1.0
984	1773	1.0
984	1774	1.0
984	1775	1.0
984	1776	1.0
984	1777	1.0
984	1778	1.0
984	1779	1.0
984	1780	1.0
984	1781	1.0
984	1782	1.0
984	1783	1.0
984	1784	1.0
984	1785	1.0
984	1786	1.0
984	1787	1.0
984	1788	1.0
984	1789	1.0
984	1790	1.0
984	1791	1.0
984	1792	1.0
984	1793	1.0
984	1794	1.0
984	1795	1.0
984	1796	1.0
984	1797	1.0
984	1798	1.0
984	1799	1.0
984	1800	1.0
984	1801	1.0
984	1802	1.0
984	1803	1.0
984	1804	1.0
984	1805	1.0
984	1806	1.0
984	1807	1.0
984	1808	1.0
984	1809	1.0
984	1810	1.0
984	1811	1.0
984	1812	1.0
984	1813	1.0
984	1814	1.0
984	1815	1.0
984	1816	1.0
984	1817	1.0
984	1818	1.0
984	1819	1.0
984	1820	1.0
984	1821	1.0
984	1822	1.0
984	1823	1.0
984	1824	1.0
984	1825	1.0
984	1826	1.0
984	1827	1.0
984	1828	1.0
984	1829	1.0
984	1830	1.0
984	1831	1.0
984	1832	1.0
984	1833	1.0
984	1834	1.0
984	1835	1.0
984	1836	1.0
984	1837	1.0
984	1838	1.0
984	1839	1.0
984	1840	1.0
984	1841	1.0
984	1842	1.0
984	1843	1.0
984	1844	1.0
984	1845	1.0
984	1846	1.0
984	1847	1.0
984	1848	1.0
984	1849	1.0
984	1850	1.0
1850	1851	1.0
1850	1852	1.0
1850	1853	1.0
1850	1854	1.0
1850	1855	1.0
1850	1856	1.0
1850	1857	1.0
984	1858	1.0
984	1859	1.0
984	1860	1.0
984	1861	1.0
984	1862	1.0
984	1863	1.0
984	1864	1.0
984	1865	1.0
984	1866	1.0
984	1867	1.0
984	1868	1.0
984	1869	1.0
984	1870	1.0
984	1871	1.0
984	1872	1.0
984	1873	1.0
984	1874	1.0
984	1875	1.0
984	1876	1.0
984	1877	1.0
984	1878	1.0
984	1879	1.0
984	1880	1.0
984	1881	1.0
984	1882	1.0
984	1883	1.0
984	1884	1.0
984	1885	1.0
984	1886	1.0
984	1887	1.0
984	1888	1.0
984	1889	1.0
984	1890	1.0
984	1891	1.0
984	1892	1.0
984	1893	1.0
984	1894	1.0
984	1895	1.0
984	1896	1.0
984	1897	1.0
984	1898	1.0
984	1899	1.0
984	1900	1.0
984	1901	1.0
984	1902	1.0
984	1903	1.0
984	1904	1.0
984	1905	1.0
984	1906	1.0
984	1907	1.0
984	1908	1.0
984	1909	1.0
984	1910	1.0
984	1911	1.0
984	1912	1.0
984	1913	1.0
984	1914	1.0
984	1915	1.0
984	1916	1.0
984	1917	1.0
984	1918	1.0
984	1919	1.0
984	1920	1.0
984	1921	1.0
984	1922	1.0
984	1923	1.0
984	1924	1.0
984	1925	1.0
984	1926	1.0
984	1927	1.0
984	1928	1.0
984	1929	1.0
984	1930	1.0
984	1931	1.0
984	1932	1.0
984	1933	1.0
984	1934	1.0
984	1935	1.0
984	1936	1.0
984	1937	1.0
984	1938	1.0
984	1939	1.0
984	1940	1.0
1940	1941	1.0
1940	1942	1.0
1940	1943	1.0
1940	1944	1.0
984	1945	1.0
984	1946	1.0
984	1947	1.0
984	1948	1.0
984	1949	1.0
984	1950	1.0
984	1951	1.0
984	1952	1.0
984	1953	1.0
984	1954	1.0
984	1955	1.0
984	1956	1.0
984	1957	1.0
984	1958	1.0
984	1959	1.0
984	1960	1.0
984	1961	1.0
984	1962	1.0
984	1963	1.0
984	1964	1.0
984	1965	1.0
984	1966	1.0
984	1967	1.0
984	1968	1.0
984	1969	1.0
984	1970	1.0
984	1971	1.0
984	1972	1.0
984	1973	1.0
984	1974	1.0
984	1975	1.0
984	1976	1.0
984	1977	1.0
984	1978	1.0
984	1979	1.0
984	1980	1.0
984	1981	1.0
984	1982	1.0
984	1983	1.0
984	1984	1.0
984	1985	1.0
984	1986	1.0
984	1987	1.0
1987	1988	1.0
1987	1989	1.0
1987	1990	1.0
1987	1991	1.0
1987	1992	1.0
1987	1993	1.0
1987	1994	1.0
984	1995	1.0
984	1996	1.0
984	1997	1.0
965	1998	1.0
382	1999	1.0
34	2000	1.0
19	2001	1.0
19	2002	1.0
19	2003	1.0
19	2004	1.0
19	2005	1.0
19	2006	1.0
19	2007	1.0
19	2008	1.0
19	2009	1.0
19	2010	1.0
19	2011	1.0
19	2012	1.0
19	2013	1.0
19	2014	1.0
19	2015	1.0
19	2016	1.0
19	2017	1.0
6	2018	1.0
6	2019	1.0
6	2020	1.0
5	2021	1.0
5	2022	1.0
5	2023	1.0
5	2024	1.0
5	2025	1.0
4	2026	1.0
4	2027	1.0
4	2028	1.0
4	2029	1.0
