0	1	1.0
0	2	1.0
0	3	1.0
0	4	1.0
0	5	1.0
0	6	1.0
6	7	1.0
6	8	1.0
8	9	1.0
8	10	1.0
10	11	1.0
10	12	1.0
12	13	1.0
12	14	1.0
12	15	1.0
12	16	1.0
12	17	1.0
12	18	1.0
12	19	1.0
12	20	1.0
12	21	1.0
12	22	1.0
22	23	1.0
22	24	1.0
22	25	1.0
22	26	1.0
22	27	1.0
22	28	1.0
28	29	1.0
28	30	1.0
28	31	1.0
31	32	1.0
31	33	1.0
31	34	1.0
34	35	1.0
34	36	1.0
34	37	1.0
34	38	1.0
34	39	1.0
34	40	1.0
34	41	1.0
34	42	1.0
34	43	1.0
34	44	1.0
34	45	1.0
34	46	1.0
34	47	1.0
34	48	1.0
34	49	1.0
34	50	1.0
34	51	1.0
34	52	1.0
34	53	1.0
34	54	1.0
34	55	1.0
34	56	1.0
34	57	1.0
34	58	1.0
58	59	1.0
58	60	1.0
58	61	1.0
58	62	1.0
58	63	1.0
58	64	1.0
58	65	1.0
58	66	1.0
58	67	1.0
58	68	1.0
58	69	1.0
58	70	1.0
58	71	1.0
58	72	1.0
58	73	1.0
58	74	1.0
74	75	1.0
75	76	1.0
75	77	1.0
75	78	1.0
75	79	1.0
75	80	1.0
75	81	1.0
75	82	1.0
75	83	1.0
83	84	1.0
83	85	1.0
83	86	1.0
83	87	1.0
83	88	1.0
75	89	1.0
75	90	1.0
74	91	1.0
74	92	1.0
74	93	1.0
74	94	1.0
74	95	1.0
74	96	1.0
74	97	1.0
74	98	1.0
74	99	1.0
74	100	1.0
74	101	1.0
74	102	1.0
102	103	1.0
102	104	1.0
102	105	1.0
102	106	1.0
102	107	1.0
102	108	1.0
102	109	1.0
102	110	1.0
102	111	1.0
102	112	1.0
102	113	1.0
102	114	1.0
102	115	1.0
102	116	1.0
102	117	1.0
102	118	1.0
102	119	1.0
102	120	1.0
102	121	1.0
102	122	1.0
102	123	1.0
102	124	1.0
102	125	1.0
102	126	1.0
102	127	1.0
102	128	1.0
102	129	1.0
102	130	1.0
102	131	1.0
102	132	1.0
102	133	1.0
102	134	1.0
102	135	1.0
102	136	1.0
102	137	1.0
102	138	1.0
102	139	1.0
102	140	1.0
102	141	1.0
102	142	1.0
102	143	1.0
102	144	1.0
102	145	1.0
102	146	1.0
102	147	1.0
102	148	1.0
102	149	1.0
102	150	1.0
102	151	1.0
102	152	1.0
102	153	1.0
102	154	1.0
102	155	1.0
102	156	1.0
102	157	1.0
102	158	1.0
102	159	1.0
102	160	1.0
102	161	1.0
102	162	1.0
102	163	1.0
163	164	1.0
163	165	1.0
163	166	1.0
163	167	1.0
163	168	1.0
163	169	1.0
163	170	1.0
163	171	1.0
163	172	1.0
163	173	1.0
163	174	1.0
163	175	1.0
163	176	1.0
163	177	1.0
163	178	1.0
163	179	1.0
163	180	1.0
163	181	1.0
163	182	1.0
182	183	1.0
182	184	1.0
182	185	1.0
182	186	1.0
182	187	1.0
182	188	1.0
182	189	1.0
163	190	1.0
163	191	1.0
163	192	1.0
163	193	1.0
163	194	1.0
163	195	1.0
163	196	1.0
163	197	1.0
163	198	1.0
163	199	1.0
163	200	1.0
163	201	1.0
163	202	1.0
163	203	1.0
163	204	1.0
163	205	1.0
163	206	1.0
163	207	1.0
163	208	1.0
163	209	1.0
163	210	1.0
163	211	1.0
163	212	1.0
163	213	1.0
163	214	1.0
163	215	1.0
163	216	1.0
163	217	1.0
163	218	1.0
163	219	1.0
163	220	1.0
163	221	1.0
163	222	1.0
163	223	1.0
163	224	1.0
163	225	1.0
163	226	1.0
163	227	1.0
163	228	1.0
163	229	1.0
163	230	1.0
163	231	1.0
163	232	1.0
163	233	1.0
163	234	1.0
163	235	1.0
163	236	1.0
163	237	1.0
163	238	1.0
163	239	1.0
163	240	1.0
163	241	1.0
163	242	1.0
163	243	1.0
163	244	1.0
163	245	1.0
163	246	1.0
163	247	1.0
163	248	1.0
163	249	1.0
249	250	1.0
249	251	1.0
249	252	1.0
249	253	1.0
249	254	1.0
249	255	1.0
249	256	1.0
249	257	1.0
249	258	1.0
163	259	1.0
163	260	1.0
163	261	1.0
102	262	1.0
102	263	1.0
102	264	1.0
102	265	1.0
102	266	1.0
102	267	1.0
102	268	1.0
102	269	1.0
102	270	1.0
102	271	1.0
102	272	1.0
102	273	1.0
273	274	1.0
273	275	1.0
273	276	1.0
273	277	1.0
102	278	1.0
102	279	1.0
102	280	1.0
102	281	1.0
102	282	1.0
102	283	1.0
102	284	1.0
102	285	1.0
102	286	1.0
102	287	1.0
102	288	1.0
102	289	1.0
102	290	1.0
102	291	1.0
102	292	1.0
102	293	1.0
102	294	1.0
102	295	1.0
102	296	1.0
102	297	1.0
102	298	1.0
298	299	1.0
298	300	1.0
298	301	1.0
298	302	1.0
298	303	1.0
298	304	1.0
102	305	1.0
102	306	1.0
102	307	1.0
102	308	1.0
102	309	1.0
309	310	1.0
309	311	1.0
309	312	1.0
309	313	1.0
309	314	1.0
309	315	1.0
309	316	1.0
309	317	1.0
309	318	1.0
309	319	1.0
309	320	1.0
309	321	1.0
309	322	1.0
309	323	1.0
309	324	1.0
309	325	1.0
309	326	1.0
309	327	1.0
309	328	1.0
309	329	1.0
309	330	1.0
102	331	1.0
102	332	1.0
102	333	1.0
102	334	1.0
102	335	1.0
102	336	1.0
102	337	1.0
102	338	1.0
102	339	1.0
102	340	1.0
102	341	1.0
102	342	1.0
102	343	1.0
102	344	1.0
102	345	1.0
102	346	1.0
346	347	1.0
346	348	1.0
346	349	1.0
346	350	1.0
346	351	1.0
346	352	1.0
102	353	1.0
102	354	1.0
102	355	1.0
102	356	1.0
102	357	1.0
102	358	1.0
102	359	1.0
102	360	1.0
102	361	1.0
102	362	1.0
102	363	1.0
102	364	1.0
102	365	1.0
102	366	1.0
102	367	1.0
102	368	1.0
102	369	1.0
369	370	1.0
369	371	1.0
369	372	1.0
372	373	1.0
372	374	1.0
372	375	1.0
372	376	1.0
372	377	1.0
372	378	1.0
372	379	1.0
372	380	1.0
372	381	1.0
372	382	1.0
372	383	1.0
372	384	1.0
372	385	1.0
372	386	1.0
372	387	1.0
372	388	1.0
372	389	1.0
372	390	1.0
372	391	1.0
372	392	1.0
372	393	1.0
372	394	1.0
372	395	1.0
372	396	1.0
372	397	1.0
372	398	1.0
372	399	1.0
372	400	1.0
372	401	1.0
372	402	1.0
372	403	1.0
372	404	1.0
372	405	1.0
372	406	1.0
372	407	1.0
372	408	1.0
372	409	1.0
372	410	1.0
372	411	1.0
372	412	1.0
372	413	1.0
372	414	1.0
414	415	1.0
414	416	1.0
414	417	1.0
414	418	1.0
414	419	1.0
414	420	1.0
414	421	1.0
414	422	1.0
414	423	1.0
414	424	1.0
414	425	1.0
414	426	1.0
414	427	1.0
414	428	1.0
414	429	1.0
414	430	1.0
430	431	1.0
430	432	1.0
430	433	1.0
430	434	1.0
430	435	1.0
430	436	1.0
430	437	1.0
430	438	1.0
430	439	1.0
430	440	1.0
430	441	1.0
430	442	1.0
430	443	1.0
414	444	1.0
414	445	1.0
414	446	1.0
414	447	1.0
414	448	1.0
414	449	1.0
414	450	1.0
414	451	1.0
414	452	1.0
414	453	1.0
414	454	1.0
372	455	1.0
369	456	1.0
369	457	1.0
369	458	1.0
369	459	1.0
369	460	1.0
369	461	1.0
369	462	1.0
369	463	1.0
369	464	1.0
369	465	1.0
369	466	1.0
369	467	1.0
369	468	1.0
369	469	1.0
369	470	1.0
369	471	1.0
369	472	1.0
369	473	1.0
369	474	1.0
369	475	1.0
369	476	1.0
369	477	1.0
369	478	1.0
369	479	1.0
369	480	1.0
369	481	1.0
369	482	1.0
369	483	1.0
369	484	1.0
369	485	1.0
369	486	1.0
369	487	1.0
369	488	1.0
369	489	1.0
369	490	1.0
369	491	1.0
369	492	1.0
369	493	1.0
369	494	1.0
369	495	1.0
369	496	1.0
369	497	1.0
369	498	1.0
369	499	1.0
369	500	1.0
369	501	1.0
369	502	1.0
369	503	1.0
369	504	1.0
369	505	1.0
369	506	1.0
369	507	1.0
369	508	1.0
369	509	1.0
369	510	1.0
369	511	1.0
369	512	1.0
369	513	1.0
369	514	1.0
369	515	1.0
369	516	1.0
369	517	1.0
369	518	1.0
369	519	1.0
369	520	1.0
369	521	1.0
369	522	1.0
369	523	1.0
369	524	1.0
369	525	1.0
369	526	1.0
369	527	1.0
369	528	1.0
369	529	1.0
369	530	1.0
369	531	1.0
369	532	1.0
369	533	1.0
369	534	1.0
369	535	1.0
369	536	1.0
369	537	1.0
369	538	1.0
369	539	1.0
369	540	1.0
369	541	1.0
369	542	1.0
369	543	1.0
369	544	1.0
369	545	1.0
369	546	1.0
369	547	1.0
369	548	1.0
369	549	1.0
369	550	1.0
369	551	1.0
369	552	1.0
369	553	1.0
369	554	1.0
369	555	1.0
369	556	1.0
369	557	1.0
369	558	1.0
369	559	1.0
369	560	1.0
369	561	1.0
369	562	1.0
369	563	1.0
369	564	1.0
369	565	1.0
369	566	1.0
369	567	1.0
567	568	1.0
567	569	1.0
567	570	1.0
567	571	1.0
567	572	1.0
567	573	1.0
567	574	1.0
567	575	1.0
567	576	1.0
567	577	1.0
567	578	1.0
567	579	1.0
567	580	1.0
567	581	1.0
567	582	1.0
567	583	1.0
567	584	1.0
567	585	1.0
567	586	1.0
567	587	1.0
567	588	1.0
567	589	1.0
567	590	1.0
567	591	1.0
567	592	1.0
567	593	1.0
567	594	1.0
567	595	1.0
567	596	1.0
567	597	1.0
567	598	1.0
567	599	1.0
567	600	1.0
567	601	1.0
567	602	1.0
567	603	1.0
567	604	1.0
567	605	1.0
567	606	1.0
567	607	1.0
567	608	1.0
567	609	1.0
567	610	1.0
567	611	1.0
567	612	1.0
567	613	1.0
567	614	1.0
567	615	1.0
567	616	1.0
567	617	1.0
567	618	1.0
567	619	1.0
567	620	1.0
567	621	1.0
567	622	1.0
567	623	1.0
567	624	1.0
567	625	1.0
567	626	1.0
567	627	1.0
567	628	1.0
567	629	1.0
567	630	1.0
567	631	1.0
567	632	1.0
567	633	1.0
567	634	1.0
567	635	1.0
567	636	1.0
567	637	1.0
567	638	1.0
567	639	1.0
567	640	1.0
567	641	1.0
567	642	1.0
567	643	1.0
567	644	1.0
567	645	1.0
567	646	1.0
567	647	1.0
567	648	1.0
567	649	1.0
567	650	1.0
567	651	1.0
567	652	1.0
567	653	1.0
567	654	1.0
567	655	1.0
567	656	1.0
567	657	1.0
567	658	1.0
567	659	1.0
659	660	1.0
659	661	1.0
659	662	1.0
659	663	1.0
659	664	1.0
659	665	1.0
659	666	1.0
659	667	1.0
659	668	1.0
659	669	1.0
567	670	1.0
567	671	1.0
567	672	1.0
567	673	1.0
567	674	1.0
567	675	1.0
567	676	1.0
567	677	1.0
567	678	1.0
678	679	1.0
678	680	1.0
678	681	1.0
678	682	1.0
678	683	1.0
678	684	1.0
678	685	1.0
678	686	1.0
567	687	1.0
567	688	1.0
567	689	1.0
567	690	1.0
567	691	1.0
567	692	1.0
567	693	1.0
567	694	1.0
567	695	1.0
567	696	1.0
567	697	1.0
567	698	1.0
567	699	1.0
567	700	1.0
567	701	1.0
567	702	1.0
567	703	1.0
567	704	1.0
567	705	1.0
567	706	1.0
567	707	1.0
567	708	1.0
567	709	1.0
567	710	1.0
567	711	1.0
567	712	1.0
567	713	1.0
567	714	1.0
567	715	1.0
567	716	1.0
567	717	1.0
567	718	1.0
718	719	1.0
718	720	1.0
718	721	1.0
718	722	1.0
718	723	1.0
718	724	1.0
567	725	1.0
567	726	1.0
567	727	1.0
567	728	1.0
567	729	1.0
567	730	1.0
567	731	1.0
567	732	1.0
567	733	1.0
567	734	1.0
567	735	1.0
567	736	1.0
567	737	1.0
567	738	1.0
567	739	1.0
567	740	1.0
567	741	1.0
567	742	1.0
567	743	1.0
567	744	1.0
567	745	1.0
567	746	1.0
567	747	1.0
567	748	1.0
567	749	1.0
567	750	1.0
567	751	1.0
567	752	1.0
567	753	1.0
567	754	1.0
567	755	1.0
567	756	1.0
567	757	1.0
567	758	1.0
567	759	1.0
567	760	1.0
567	761	1.0
567	762	1.0
567	763	1.0
567	764	1.0
567	765	1.0
567	766	1.0
567	767	1.0
567	768	1.0
567	769	1.0
567	770	1.0
567	771	1.0
567	772	1.0
567	773	1.0
567	774	1.0
567	775	1.0
567	776	1.0
567	777	1.0
567	778	1.0
567	779	1.0
567	780	1.0
567	781	1.0
567	782	1.0
567	783	1.0
567	784	1.0
567	785	1.0
567	786	1.0
567	787	1.0
567	788	1.0
567	789	1.0
567	790	1.0
567	791	1.0
567	792	1.0
567	793	1.0
567	794	1.0
567	795	1.0
567	796	1.0
567	797	1.0
567	798	1.0
567	799	1.0
567	800	1.0
567	801	1.0
567	802	1.0
567	803	1.0
567	804	1.0
567	805	1.0
567	806	1.0
567	807	1.0
567	808	1.0
567	809	1.0
567	810	1.0
567	811	1.0
567	812	1.0
567	813	1.0
567	814	1.0
567	815	1.0
567	816	1.0
567	817	1.0
567	818	1.0
567	819	1.0
567	820	1.0
567	821	1.0
567	822	1.0
567	823	1.0
567	824	1.0
567	825	1.0
567	826	1.0
567	827	1.0
567	828	1.0
567	829	1.0
567	830	1.0
567	831	1.0
567	832	1.0
567	833	1.0
567	834	1.0
567	835	1.0
567	836	1.0
567	837	1.0
567	838	1.0
567	839	1.0
567	840	1.0
567	841	1.0
567	842	1.0
567	843	1.0
567	844	1.0
567	845	1.0
567	846	1.0
567	847	1.0
567	848	1.0
567	849	1.0
567	850	1.0
567	851	1.0
567	852	1.0
567	853	1.0
567	854	1.0
567	855	1.0
567	856	1.0
567	857	1.0
567	858	1.0
567	859	1.0
567	860	1.0
567	861	1.0
567	862	1.0
567	863	1.0
567	864	1.0
567	865	1.0
567	866	1.0
567	867	1.0
567	868	1.0
567	869	1.0
567	870	1.0
567	871	1.0
567	872	1.0
567	873	1.0
567	874	1.0
567	875	1.0
567	876	1.0
567	877	1.0
567	878	1.0
567	879	1.0
567	880	1.0
567	881	1.0
567	882	1.0
567	883	1.0
567	884	1.0
567	885	1.0
567	886	1.0
567	887	1.0
567	888	1.0
567	889	1.0
567	890	1.0
567	891	1.0
567	892	1.0
567	893	1.0
567	894	1.0
567	895	1.0
567	896	1.0
567	897	1.0
567	898	1.0
567	899	1.0
567	900	1.0
567	901	1.0
567	902	1.0
567	903	1.0
567	904	1.0
567	905	1.0
567	906	1.0
567	907	1.0
567	908	1.0
567	909	1.0
567	910	1.0
567	911	1.0
567	912	1.0
567	913	1.0
567	914	1.0
567	915	1.0
567	916	1.0
567	917	1.0
567	918	1.0
567	919	1.0
567	920	1.0
567	921	1.0
567	922	1.0
567	923	1.0
567	924	1.0
567	925	1.0
567	926	1.0
567	927	1.0
567	928	1.0
567	929	1.0
567	930	1.0
567	931	1.0
931	932	1.0
931	933	1.0
931	934	1.0
931	935	1.0
931	936	1.0
931	937	1.0
931	938	1.0
938	939	1.0
938	940	1.0
938	941	1.0
938	942	1.0
938	943	1.0
938	944	1.0
938	945	1.0
938	946	1.0
938	947	1.0
938	948	1.0
931	949	1.0
931	950	1.0
931	951	1.0
931	952	1.0
931	953	1.0
931	954	1.0
931	955	1.0
931	956	1.0
931	957	1.0
931	958	1.0
931	959	1.0
931	960	1.0
931	961	1.0
931	962	1.0
931	963	1.0
931	964	1.0
931	965	1.0
931	966	1.0
931	967	1.0
931	968	1.0
931	969	1.0
931	970	1.0
931	971	1.0
931	972	1.0
931	973	1.0
931	974	1.0
931	975	1.0
931	976	1.0
931	977	1.0
931	978	1.0
931	979	1.0
931	980	1.0
931	981	1.0
931	982	1.0
931	983	1.0
931	984	1.0
931	985	1.0
931	986	1.0
931	987	1.0
931	988	1.0
931	989	1.0
989	990	1.0
989	991	1.0
989	992	1.0
989	993	1.0
989	994	1.0
931	995	1.0
931	996	1.0
931	997	1.0
931	998	1.0
931	999	1.0
931	1000	1.0
931	1001	1.0
931	1002	1.0
1002	1003	1.0
1002	1004	1.0
1002	1005	1.0
1002	1006	1.0
1002	1007	1.0
1002	1008	1.0
1002	1009	1.0
931	1010	1.0
931	1011	1.0
931	1012	1.0
931	1013	1.0
931	1014	1.0
931	1015	1.0
931	1016	1.0
931	1017	1.0
931	1018	1.0
931	1019	1.0
931	1020	1.0
931	1021	1.0
931	1022	1.0
931	1023	1.0
931	1024	1.0
931	1025	1.0
931	1026	1.0
931	1027	1.0
931	1028	1.0
931	1029	1.0
931	1030	1.0
931	1031	1.0
931	1032	1.0
931	1033	1.0
931	1034	1.0
931	1035	1.0
931	1036	1.0
931	1037	1.0
931	1038	1.0
931	1039	1.0
931	1040	1.0
931	1041	1.0
931	1042	1.0
931	1043	1.0
931	1044	1.0
931	1045	1.0
931	1046	1.0
931	1047	1.0
931	1048	1.0
931	1049	1.0
931	1050	1.0
931	1051	1.0
931	1052	1.0
931	1053	1.0
931	1054	1.0
931	1055	1.0
931	1056	1.0
931	1057	1.0
931	1058	1.0
931	1059	1.0
931	1060	1.0
931	1061	1.0
931	1062	1.0
931	1063	1.0
931	1064	1.0
931	1065	1.0
931	1066	1.0
931	1067	1.0
931	1068	1.0
931	1069	1.0
931	1070	1.0
931	1071	1.0
931	1072	1.0
931	1073	1.0
931	1074	1.0
931	1075	1.0
931	1076	1.0
931	1077	1.0
931	1078	1.0
931	1079	1.0
931	1080	1.0
931	1081	1.0
931	1082	1.0
931	1083	1.0
931	1084	1.0
931	1085	1.0
931	1086	1.0
931	1087	1.0
931	1088	1.0
931	1089	1.0
931	1090	1.0
931	1091	1.0
931	1092	1.0
931	1093	1.0
931	1094	1.0
931	1095	1.0
931	1096	1.0
931	1097	1.0
931	1098	1.0
931	1099	1.0
931	1100	1.0
931	1101	1.0
931	1102	1.0
931	1103	1.0
931	1104	1.0
931	1105	1.0
1105	1106	1.0
1105	1107	1.0
1105	1108	1.0
1105	1109	1.0
931	1110	1.0
931	1111	1.0
931	1112	1.0
931	1113	1.0
931	1114	1.0
931	1115	1.0
931	1116	1.0
931	1117	1.0
931	1118	1.0
931	1119	1.0
931	1120	1.0
931	1121	1.0
931	1122	1.0
931	1123	1.0
931	1124	1.0
931	1125	1.0
931	1126	1.0
931	1127	1.0
931	1128	1.0
931	1129	1.0
931	1130	1.0
931	1131	1.0
931	1132	1.0
931	1133	1.0
931	1134	1.0
931	1135	1.0
931	1136	1.0
931	1137	1.0
931	1138	1.0
931	1139	1.0
931	1140	1.0
931	1141	1.0
931	1142	1.0
931	1143	1.0
931	1144	1.0
931	1145	1.0
931	1146	1.0
567	1147	1.0
567	1148	1.0
567	1149	1.0
567	1150	1.0
567	1151	1.0
567	1152	1.0
567	1153	1.0
567	1154	1.0
567	1155	1.0
567	1156	1.0
567	1157	1.0
567	1158	1.0
567	1159	1.0
567	1160	1.0
567	1161	1.0
567	1162	1.0
567	1163	1.0
567	1164	1.0
567	1165	1.0
567	1166	1.0
567	1167	1.0
567	1168	1.0
567	1169	1.0
567	1170	1.0
567	1171	1.0
567	1172	1.0
567	1173	1.0
567	1174	1.0
567	1175	1.0
567	1176	1.0
567	1177	1.0
567	1178	1.0
567	1179	1.0
567	1180	1.0
567	1181	1.0
567	1182	1.0
567	1183	1.0
567	1184	1.0
567	1185	1.0
567	1186	1.0
567	1187	1.0
567	1188	1.0
567	1189	1.0
567	1190	1.0
567	1191	1.0
567	1192	1.0
567	1193	1.0
567	1194	1.0
567	1195	1.0
567	1196	1.0
567	1197	1.0
567	1198	1.0
567	1199	1.0
567	1200	1.0
567	1201	1.0
567	1202	1.0
567	1203	1.0
567	1204	1.0
567	1205	1.0
567	1206	1.0
567	1207	1.0
567	1208	1.0
567	1209	1.0
567	1210	1.0
567	1211	1.0
567	1212	1.0
567	1213	1.0
567	1214	1.0
567	1215	1.0
567	1216	1.0
567	1217	1.0
567	1218	1.0
567	1219	1.0
567	1220	1.0
567	1221	1.0
567	1222	1.0
567	1223	1.0
567	1224	1.0
567	1225	1.0
567	1226	1.0
567	1227	1.0
567	1228	1.0
567	1229	1.0
567	1230	1.0
567	1231	1.0
567	1232	1.0
567	1233	1.0
567	1234	1.0
567	1235	1.0
567	1236	1.0
567	1237	1.0
567	1238	1.0
567	1239	1.0
567	1240	1.0
567	1241	1.0
567	1242	1.0
567	1243	1.0
567	1244	1.0
567	1245	1.0
567	1246	1.0
567	1247	1.0
567	1248	1.0
567	1249	1.0
567	1250	1.0
567	1251	1.0
567	1252	1.0
567	1253	1.0
567	1254	1.0
567	1255	1.0
567	1256	1.0
567	1257	1.0
567	1258	1.0
567	1259	1.0
567	1260	1.0
567	1261	1.0
567	1262	1.0
567	1263	1.0
567	1264	1.0
567	1265	1.0
567	1266	1.0
567	1267	1.0
567	1268	1.0
567	1269	1.0
567	1270	1.0
567	1271	1.0
567	1272	1.0
567	1273	1.0
567	1274	1.0
567	1275	1.0
567	1276	1.0
567	1277	1.0
567	1278	1.0
567	1279	1.0
567	1280	1.0
567	1281	1.0
567	1282	1.0
567	1283	1.0
567	1284	1.0
567	1285	1.0
567	1286	1.0
567	1287	1.0
567	1288	1.0
567	1289	1.0
567	1290	1.0
567	1291	1.0
567	1292	1.0
567	1293	1.0
567	1294	1.0
567	1295	1.0
567	1296	1.0
567	1297	1.0
567	1298	1.0
567	1299	1.0
567	1300	1.0
567	1301	1.0
567	1302	1.0
567	1303	1.0
567	1304	1.0
567	1305	1.0
567	1306	1.0
567	1307	1.0
567	1308	1.0
567	1309	1.0
567	1310	1.0
567	1311	1.0
567	1312	1.0
567	1313	1.0
567	1314	1.0
567	1315	1.0
567	1316	1.0
567	1317	1.0
567	1318	1.0
567	1319	1.0
567	1320	1.0
567	1321	1.0
567	1322	1.0
567	1323	1.0
567	1324	1.0
567	1325	1.0
567	1326	1.0
567	1327	1.0
567	1328	1.0
567	1329	1.0
567	1330	1.0
567	1331	1.0
567	1332	1.0
567	1333	1.0
567	1334	1.0
567	1335	1.0
567	1336	1.0
567	1337	1.0
567	1338	1.0
567	1339	1.0
567	1340	1.0
567	1341	1.0
567	1342	1.0
567	1343	1.0
567	1344	1.0
567	1345	1.0
567	1346	1.0
567	1347	1.0
567	1348	1.0
567	1349	1.0
567	1350	1.0
567	1351	1.0
1351	1352	1.0
1351	1353	1.0
1351	1354	1.0
1351	1355	1.0
1351	1356	1.0
567	1357	1.0
567	1358	1.0
567	1359	1.0
567	1360	1.0
567	1361	1.0
567	1362	1.0
567	1363	1.0
567	1364	1.0
567	1365	1.0
567	1366	1.0
567	1367	1.0
567	1368	1.0
567	1369	1.0
567	1370	1.0
567	1371	1.0
567	1372	1.0
567	1373	1.0
567	1374	1.0
567	1375	1.0
567	1376	1.0
567	1377	1.0
1377	1378	1.0
1377	1379	1.0
1377	1380	1.0
1377	1381	1.0
1377	1382	1.0
1377	1383	1.0
1377	1384	1.0
1377	1385	1.0
1377	1386	1.0
1377	1387	1.0
567	1388	1.0
567	1389	1.0
567	1390	1.0
567	1391	1.0
567	1392	1.0
567	1393	1.0
567	1394	1.0
567	1395	1.0
567	1396	1.0
567	1397	1.0
567	1398	1.0
567	1399	1.0
567	1400	1.0
567	1401	1.0
567	1402	1.0
567	1403	1.0
567	1404	1.0
567	1405	1.0
567	1406	1.0
567	1407	1.0
567	1408	1.0
567	1409	1.0
567	1410	1.0
567	1411	1.0
567	1412	1.0
567	1413	1.0
567	1414	1.0
567	1415	1.0
567	1416	1.0
567	1417	1.0
567	1418	1.0
567	1419	1.0
567	1420	1.0
567	1421	1.0
567	1422	1.0
567	1423	1.0
567	1424	1.0
567	1425	1.0
567	1426	1.0
567	1427	1.0
567	1428	1.0
567	1429	1.0
567	1430	1.0
567	1431	1.0
567	1432	1.0
567	1433	1.0
567	1434	1.0
567	1435	1.0
567	1436	1.0
567	1437	1.0
567	1438	1.0
567	1439	1.0
567	1440	1.0
567	1441	1.0
567	1442	1.0
567	1443	1.0
567	1444	1.0
567	1445	1.0
567	1446	1.0
567	1447	1.0
567	1448	1.0
567	1449	1.0
567	1450	1.0
567	1451	1.0
567	1452	1.0
567	1453	1.0
567	1454	1.0
567	1455	1.0
567	1456	1.0
567	1457	1.0
567	1458	1.0
567	1459	1.0
567	1460	1.0
567	1461	1.0
567	1462	1.0
567	1463	1.0
567	1464	1.0
567	1465	1.0
567	1466	1.0
567	1467	1.0
567	1468	1.0
567	1469	1.0
567	1470	1.0
567	1471	1.0
567	1472	1.0
567	1473	1.0
567	1474	1.0
567	1475	1.0
567	1476	1.0
567	1477	1.0
567	1478	1.0
567	1479	1.0
567	1480	1.0
567	1481	1.0
567	1482	1.0
567	1483	1.0
567	1484	1.0
567	1485	1.0
567	1486	1.0
567	1487	1.0
567	1488	1.0
567	1489	1.0
567	1490	1.0
567	1491	1.0
567	1492	1.0
567	1493	1.0
567	1494	1.0
567	1495	1.0
567	1496	1.0
567	1497	1.0
567	1498	1.0
567	1499	1.0
567	1500	1.0
567	1501	1.0
567	1502	1.0
567	1503	1.0
567	1504	1.0
567	1505	1.0
567	1506	1.0
567	1507	1.0
567	1508	1.0
567	1509	1.0
567	1510	1.0
567	1511	1.0
567	1512	1.0
567	1513	1.0
567	1514	1.0
567	1515	1.0
567	1516	1.0
567	1517	1.0
567	1518	1.0
567	1519	1.0
567	1520	1.0
567	1521	1.0
567	1522	1.0
567	1523	1.0
567	1524	1.0
567	1525	1.0
567	1526	1.0
567	1527	1.0
567	1528	1.0
567	1529	1.0
567	1530	1.0
567	1531	1.0
567	1532	1.0
567	1533	1.0
567	1534	1.0
567	1535	1.0
567	1536	1.0
567	1537	1.0
567	1538	1.0
567	1539	1.0
567	1540	1.0
567	1541	1.0
567	1542	1.0
567	1543	1.0
567	1544	1.0
567	1545	1.0
567	1546	1.0
567	1547	1.0
567	1548	1.0
567	1549	1.0
567	1550	1.0
567	1551	1.0
567	1552	1.0
567	1553	1.0
567	1554	1.0
567	1555	1.0
567	1556	1.0
567	1557	1.0
567	1558	1.0
567	1559	1.0
567	1560	1.0
567	1561	1.0
567	1562	1.0
567	1563	1.0
567	1564	1.0
567	1565	1.0
567	1566	1.0
567	1567	1.0
567	1568	1.0
567	1569	1.0
567	1570	1.0
567	1571	1.0
567	1572	1.0
567	1573	1.0
567	1574	1.0
567	1575	1.0
567	1576	1.0
567	1577	1.0
567	1578	1.0
567	1579	1.0
567	1580	1.0
567	1581	1.0
567	1582	1.0
567	1583	1.0
567	1584	1.0
567	1585	1.0
567	1586	1.0
567	1587	1.0
567	1588	1.0
567	1589	1.0
567	1590	1.0
567	1591	1.0
567	1592	1.0
567	1593	1.0
567	1594	1.0
567	1595	1.0
567	1596	1.0
567	1597	1.0
567	1598	1.0
567	1599	1.0
567	1600	1.0
567	1601	1.0
567	1602	1.0
567	1603	1.0
567	1604	1.0
567	1605	1.0
567	1606	1.0
567	1607	1.0
567	1608	1.0
567	1609	1.0
567	1610	1.0
567	1611	1.0
567	1612	1.0
567	1613	1.0
567	1614	1.0
567	1615	1.0
567	1616	1.0
567	1617	1.0
567	1618	1.0
567	1619	1.0
567	1620	1.0
567	1621	1.0
567	1622	1.0
567	1623	1.0
567	1624	1.0
567	1625	1.0
567	1626	1.0
567	1627	1.0
567	1628	1.0
567	1629	1.0
567	1630	1.0
567	1631	1.0
567	1632	1.0
567	1633	1.0
567	1634	1.0
567	1635	1.0
567	1636	1.0
567	1637	1.0
567	1638	1.0
567	1639	1.0
567	1640	1.0
567	1641	1.0
567	1642	1.0
567	1643	1.0
567	1644	1.0
567	1645	1.0
567	1646	1.0
567	1647	1.0
567	1648	1.0
567	1649	1.0
567	1650	1.0
567	1651	1.0
567	1652	1.0
567	1653	1.0
567	1654	1.0
567	1655	1.0
567	1656	1.0
567	1657	1.0
567	1658	1.0
567	1659	1.0
567	1660	1.0
567	1661	1.0
567	1662	1.0
567	1663	1.0
567	1664	1.0
567	1665	1.0
567	1666	1.0
567	1667	1.0
567	1668	1.0
567	1669	1.0
567	1670	1.0
567	1671	1.0
567	1672	1.0
567	1673	1.0
567	1674	1.0
567	1675	1.0
567	1676	1.0
567	1677	1.0
567	1678	1.0
567	1679	1.0
567	1680	1.0
1680	1681	1.0
1680	1682	1.0
1680	1683	1.0
1680	1684	1.0
1680	1685	1.0
1680	1686	1.0
1680	1687	1.0
1680	1688	1.0
1680	1689	1.0
1680	1690	1.0
1680	1691	1.0
1680	1692	1.0
1680	1693	1.0
1680	1694	1.0
1680	1695	1.0
1680	1696	1.0
1680	1697	1.0
1680	1698	1.0
1680	1699	1.0
1680	1700	1.0
1680	1701	1.0
1680	1702	1.0
1680	1703	1.0
1680	1704	1.0
1680	1705	1.0
1680	1706	1.0
1680	1707	1.0
1680	1708	1.0
1680	1709	1.0
1680	1710	1.0
1680	1711	1.0
1680	1712	1.0
1680	1713	1.0
1680	1714	1.0
1680	1715	1.0
1680	1716	1.0
1680	1717	1.0
1680	1718	1.0
1680	1719	1.0
1680	1720	1.0
1680	1721	1.0
1680	1722	1.0
1680	1723	1.0
1680	1724	1.0
1680	1725	1.0
1680	1726	1.0
1680	1727	1.0
1680	1728	1.0
567	1729	1.0
567	1730	1.0
567	1731	1.0
567	1732	1.0
567	1733	1.0
567	1734	1.0
567	1735	1.0
567	1736	1.0
567	1737	1.0
567	1738	1.0
567	1739	1.0
567	1740	1.0
567	1741	1.0
567	1742	1.0
567	1743	1.0
567	1744	1.0
567	1745	1.0
567	1746	1.0
567	1747	1.0
567	1748	1.0
567	1749	1.0
567	1750	1.0
567	1751	1.0
567	1752	1.0
567	1753	1.0
567	1754	1.0
567	1755	1.0
567	1756	1.0
567	1757	1.0
567	1758	1.0
567	1759	1.0
567	1760	1.0
567	1761	1.0
369	1762	1.0
369	1763	1.0
369	1764	1.0
369	1765	1.0
369	1766	1.0
369	1767	1.0
369	1768	1.0
369	1769	1.0
369	1770	1.0
369	1771	1.0
369	1772	1.0
369	1773	1.0
369	1774	1.0
369	1775	1.0
369	1776	1.0
369	1777	1.0
369	1778	1.0
369	1779	1.0
369	1780	1.0
369	1781	1.0
369	1782	1.0
369	1783	1.0
369	1784	1.0
369	1785	1.0
369	1786	1.0
369	1787	1.0
369	1788	1.0
369	1789	1.0
1789	1790	1.0
1789	1791	1.0
1789	1792	1.0
1789	1793	1.0
369	1794	1.0
369	1795	1.0
369	1796	1.0
369	1797	1.0
369	1798	1.0
369	1799	1.0
369	1800	1.0
369	1801	1.0
1801	1802	1.0
1801	1803	1.0
1801	1804	1.0
1801	1805	1.0
1801	1806	1.0
369	1807	1.0
369	1808	1.0
369	1809	1.0
369	1810	1.0
369	1811	1.0
369	1812	1.0
369	1813	1.0
369	1814	1.0
369	1815	1.0
369	1816	1.0
369	1817	1.0
369	1818	1.0
369	1819	1.0
369	1820	1.0
369	1821	1.0
369	1822	1.0
369	1823	1.0
369	1824	1.0
369	1825	1.0
369	1826	1.0
369	1827	1.0
369	1828	1.0
369	1829	1.0
369	1830	1.0
369	1831	1.0
369	1832	1.0
369	1833	1.0
369	1834	1.0
369	1835	1.0
369	1836	1.0
369	1837	1.0
369	1838	1.0
369	1839	1.0
369	1840	1.0
369	1841	1.0
369	1842	1.0
369	1843	1.0
369	1844	1.0
369	1845	1.0
102	1846	1.0
102	1847	1.0
102	1848	1.0
102	1849	1.0
102	1850	1.0
102	1851	1.0
102	1852	1.0
102	1853	1.0
102	1854	1.0
102	1855	1.0
102	1856	1.0
102	1857	1.0
102	1858	1.0
102	1859	1.0
102	1860	1.0
102	1861	1.0
102	1862	1.0
102	1863	1.0
102	1864	1.0
102	1865	1.0
102	1866	1.0
102	1867	1.0
102	1868	1.0
102	1869	1.0
102	1870	1.0
102	1871	1.0
102	1872	1.0
102	1873	1.0
102	1874	1.0
102	1875	1.0
102	1876	1.0
102	1877	1.0
102	1878	1.0
102	1879	1.0
102	1880	1.0
102	1881	1.0
102	1882	1.0
102	1883	1.0
102	1884	1.0
102	1885	1.0
102	1886	1.0
102	1887	1.0
102	1888	1.0
102	1889	1.0
102	1890	1.0
102	1891	1.0
102	1892	1.0
102	1893	1.0
102	1894	1.0
102	1895	1.0
102	1896	1.0
102	1897	1.0
102	1898	1.0
102	1899	1.0
74	1900	1.0
74	1901	1.0
74	1902	1.0
74	1903	1.0
74	1904	1.0
74	1905	1.0
74	1906	1.0
74	1907	1.0
74	1908	1.0
34	1909	1.0
34	1910	1.0
34	1911	1.0
34	1912	1.0
34	1913	1.0
34	1914	1.0
34	1915	1.0
34	1916	1.0
34	1917	1.0
34	1918	1.0
34	1919	1.0
34	1920	1.0
34	1921	1.0
34	1922	1.0
34	1923	1.0
34	1924	1.0
34	1925	1.0
34	1926	1.0
34	1927	1.0
34	1928	1.0
34	1929	1.0
34	1930	1.0
34	1931	1.0
34	1932	1.0
34	1933	1.0
34	1934	1.0
34	1935	1.0
34	1936	1.0
1936	1937	1.0
1936	1938	1.0
1936	1939	1.0
1936	1940	1.0
1936	1941	1.0
1936	1942	1.0
1936	1943	1.0
34	1944	1.0
34	1945	1.0
34	1946	1.0
34	1947	1.0
34	1948	1.0
34	1949	1.0
34	1950	1.0
34	1951	1.0
34	1952	1.0
34	1953	1.0
34	1954	1.0
34	1955	1.0
34	1956	1.0
34	1957	1.0
34	1958	1.0
34	1959	1.0
34	1960	1.0
34	1961	1.0
34	1962	1.0
34	1963	1.0
34	1964	1.0
34	1965	1.0
34	1966	1.0
34	1967	1.0
34	1968	1.0
34	1969	1.0
34	1970	1.0
34	1971	1.0
34	1972	1.0
34	1973	1.0
34	1974	1.0
34	1975	1.0
34	1976	1.0
34	1977	1.0
34	1978	1.0
34	1979	1.0
34	1980	1.0
34	1981	1.0
34	1982	1.0
34	1983	1.0
34	1984	1.0
34	1985	1.0
34	1986	1.0
34	1987	1.0
34	1988	1.0
34	1989	1.0
34	1990	1.0
34	1991	1.0
34	1992	1.0
34	1993	1.0
31	1994	1.0
31	1995	1.0
31	1996	1.0
31	1997	1.0
31	1998	1.0
22	1999	1.0
22	2000	1.0
22	2001	1.0
22	2002	1.0
22	2003	1.0
22	2004	1.0
22	2005	1.0
22	2006	1.0
22	2007	1.0
22	2008	1.0
22	2009	1.0
22	2010	1.0
22	2011	1.0
22	2012	1.0
22	2013	1.0
22	2014	1.0
22	2015	1.0
22	2016	1.0
22	2017	1.0
22	2018	1.0
22	2019	1.0
12	2020	1.0
10	2021	1.0
10	2022	1.0
10	2023	1.0
10	2024	1.0
10	2025	1.0
10	2026	1.0
10	2027	1.0
10	2028	1.0
10	2029	1.0
6	2030	1.0
6	2031	1.0
6	2032	1.0
6	2033	1.0
6	2034	1.0
6	2035	1.0
6	2036	1.0
6	2037	1.0
6	2038	1.0
6	2039	1.0
