0	1	1.0
1	2	1.0
2	3	1.0
2	4	1.0
2	5	1.0
5	6	1.0
5	7	1.0
5	8	1.0
5	9	1.0
5	10	1.0
5	11	1.0
5	12	1.0
5	13	1.0
5	14	1.0
5	15	1.0
5	16	1.0
5	17	1.0
5	18	1.0
5	19	1.0
5	20	1.0
5	21	1.0
5	22	1.0
5	23	1.0
5	24	1.0
5	25	1.0
5	26	1.0
5	27	1.0
5	28	1.0
5	29	1.0
29	30	1.0
29	31	1.0
29	32	1.0
29	33	1.0
29	34	1.0
29	35	1.0
29	36	1.0
29	37	1.0
29	38	1.0
29	39	1.0
29	40	1.0
29	41	1.0
29	42	1.0
29	43	1.0
29	44	1.0
29	45	1.0
45	46	1.0
45	47	1.0
45	48	1.0
45	49	1.0
45	50	1.0
45	51	1.0
45	52	1.0
45	53	1.0
45	54	1.0
45	55	1.0
45	56	1.0
45	57	1.0
45	58	1.0
45	59	1.0
45	60	1.0
45	61	1.0
45	62	1.0
45	63	1.0
45	64	1.0
45	65	1.0
45	66	1.0
45	67	1.0
45	68	1.0
45	69	1.0
45	70	1.0
45	71	1.0
45	72	1.0
45	73	1.0
45	74	1.0
45	75	1.0
45	76	1.0
45	77	1.0
45	78	1.0
45	79	1.0
45	80	1.0
45	81	1.0
45	82	1.0
45	83	1.0
45	84	1.0
45	85	1.0
45	86	1.0
45	87	1.0
45	88	1.0
45	89	1.0
45	90	1.0
45	91	1.0
45	92	1.0
45	93	1.0
45	94	1.0
45	95	1.0
45	96	1.0
45	97	1.0
45	98	1.0
45	99	1.0
45	100	1.0
45	101	1.0
45	102	1.0
45	103	1.0
45	104	1.0
45	105	1.0
45	106	1.0
29	107	1.0
29	108	1.0
29	109	1.0
29	110	1.0
29	111	1.0
29	112	1.0
29	113	1.0
29	114	1.0
29	115	1.0
29	116	1.0
29	117	1.0
29	118	1.0
29	119	1.0
29	120	1.0
29	121	1.0
29	122	1.0
29	123	1.0
29	124	1.0
29	125	1.0
29	126	1.0
29	127	1.0
29	128	1.0
29	129	1.0
29	130	1.0
29	131	1.0
29	132	1.0
29	133	1.0
29	134	1.0
29	135	1.0
29	136	1.0
29	137	1.0
29	138	1.0
29	139	1.0
139	140	1.0
139	141	1.0
139	142	1.0
139	143	1.0
139	144	1.0
139	145	1.0
29	146	1.0
29	147	1.0
29	148	1.0
29	149	1.0
29	150	1.0
29	151	1.0
29	152	1.0
29	153	1.0
29	154	1.0
29	155	1.0
29	156	1.0
29	157	1.0
29	158	1.0
29	159	1.0
29	160	1.0
29	161	1.0
29	162	1.0
29	163	1.0
29	164	1.0
29	165	1.0
29	166	1.0
29	167	1.0
29	168	1.0
29	169	1.0
29	170	1.0
29	171	1.0
29	172	1.0
29	173	1.0
29	174	1.0
29	175	1.0
29	176	1.0
176	177	1.0
176	178	1.0
176	179	1.0
176	180	1.0
176	181	1.0
29	182	1.0
29	183	1.0
29	184	1.0
29	185	1.0
29	186	1.0
29	187	1.0
29	188	1.0
29	189	1.0
29	190	1.0
29	191	1.0
29	192	1.0
29	193	1.0
29	194	1.0
29	195	1.0
29	196	1.0
29	197	1.0
29	198	1.0
29	199	1.0
29	200	1.0
29	201	1.0
29	202	1.0
29	203	1.0
29	204	1.0
29	205	1.0
29	206	1.0
29	207	1.0
29	208	1.0
29	209	1.0
29	210	1.0
29	211	1.0
29	212	1.0
29	213	1.0
29	214	1.0
29	215	1.0
29	216	1.0
29	217	1.0
29	218	1.0
29	219	1.0
29	220	1.0
29	221	1.0
29	222	1.0
29	223	1.0
29	224	1.0
29	225	1.0
29	226	1.0
29	227	1.0
29	228	1.0
29	229	1.0
29	230	1.0
29	231	1.0
29	232	1.0
29	233	1.0
29	234	1.0
29	235	1.0
29	236	1.0
29	237	1.0
29	238	1.0
29	239	1.0
29	240	1.0
29	241	1.0
29	242	1.0
29	243	1.0
29	244	1.0
29	245	1.0
29	246	1.0
29	247	1.0
29	248	1.0
29	249	1.0
29	250	1.0
29	251	1.0
29	252	1.0
29	253	1.0
29	254	1.0
29	255	1.0
29	256	1.0
29	257	1.0
29	258	1.0
29	259	1.0
29	260	1.0
29	261	1.0
29	262	1.0
29	263	1.0
29	264	1.0
29	265	1.0
29	266	1.0
29	267	1.0
29	268	1.0
29	269	1.0
29	270	1.0
29	271	1.0
29	272	1.0
29	273	1.0
29	274	1.0
29	275	1.0
29	276	1.0
29	277	1.0
29	278	1.0
29	279	1.0
29	280	1.0
29	281	1.0
29	282	1.0
29	283	1.0
29	284	1.0
29	285	1.0
29	286	1.0
29	287	1.0
29	288	1.0
29	289	1.0
29	290	1.0
29	291	1.0
29	292	1.0
29	293	1.0
29	294	1.0
29	295	1.0
29	296	1.0
29	297	1.0
29	298	1.0
29	299	1.0
29	300	1.0
29	301	1.0
29	302	1.0
29	303	1.0
29	304	1.0
29	305	1.0
29	306	1.0
29	307	1.0
29	308	1.0
29	309	1.0
29	310	1.0
29	311	1.0
29	312	1.0
29	313	1.0
29	314	1.0
29	315	1.0
29	316	1.0
29	317	1.0
29	318	1.0
29	319	1.0
29	320	1.0
29	321	1.0
29	322	1.0
29	323	1.0
29	324	1.0
29	325	1.0
29	326	1.0
29	327	1.0
29	328	1.0
29	329	1.0
29	330	1.0
29	331	1.0
29	332	1.0
29	333	1.0
29	334	1.0
29	335	1.0
29	336	1.0
29	337	1.0
29	338	1.0
29	339	1.0
29	340	1.0
29	341	1.0
29	342	1.0
29	343	1.0
29	344	1.0
29	345	1.0
29	346	1.0
29	347	1.0
29	348	1.0
29	349	1.0
29	350	1.0
29	351	1.0
29	352	1.0
29	353	1.0
29	354	1.0
29	355	1.0
355	356	1.0
355	357	1.0
355	358	1.0
355	359	1.0
29	360	1.0
29	361	1.0
29	362	1.0
29	363	1.0
29	364	1.0
29	365	1.0
29	366	1.0
29	367	1.0
29	368	1.0
29	369	1.0
29	370	1.0
29	371	1.0
29	372	1.0
29	373	1.0
29	374	1.0
29	375	1.0
29	376	1.0
29	377	1.0
29	378	1.0
29	379	1.0
29	380	1.0
29	381	1.0
29	382	1.0
29	383	1.0
29	384	1.0
29	385	1.0
29	386	1.0
29	387	1.0
29	388	1.0
29	389	1.0
29	390	1.0
29	391	1.0
29	392	1.0
29	393	1.0
29	394	1.0
29	395	1.0
29	396	1.0
29	397	1.0
29	398	1.0
29	399	1.0
29	400	1.0
29	401	1.0
29	402	1.0
29	403	1.0
29	404	1.0
29	405	1.0
29	406	1.0
29	407	1.0
29	408	1.0
29	409	1.0
29	410	1.0
29	411	1.0
29	412	1.0
29	413	1.0
29	414	1.0
29	415	1.0
29	416	1.0
29	417	1.0
29	418	1.0
29	419	1.0
29	420	1.0
29	421	1.0
29	422	1.0
29	423	1.0
29	424	1.0
29	425	1.0
29	426	1.0
29	427	1.0
29	428	1.0
29	429	1.0
29	430	1.0
29	431	1.0
29	432	1.0
29	433	1.0
29	434	1.0
29	435	1.0
29	436	1.0
29	437	1.0
29	438	1.0
29	439	1.0
29	440	1.0
29	441	1.0
29	442	1.0
29	443	1.0
29	444	1.0
29	445	1.0
29	446	1.0
29	447	1.0
29	448	1.0
29	449	1.0
29	450	1.0
29	451	1.0
29	452	1.0
29	453	1.0
29	454	1.0
29	455	1.0
29	456	1.0
29	457	1.0
29	458	1.0
29	459	1.0
29	460	1.0
29	461	1.0
29	462	1.0
29	463	1.0
29	464	1.0
29	465	1.0
29	466	1.0
29	467	1.0
29	468	1.0
29	469	1.0
29	470	1.0
29	471	1.0
29	472	1.0
29	473	1.0
29	474	1.0
29	475	1.0
29	476	1.0
29	477	1.0
29	478	1.0
29	479	1.0
29	480	1.0
29	481	1.0
29	482	1.0
29	483	1.0
29	484	1.0
29	485	1.0
29	486	1.0
29	487	1.0
29	488	1.0
29	489	1.0
29	490	1.0
29	491	1.0
29	492	1.0
29	493	1.0
29	494	1.0
29	495	1.0
29	496	1.0
29	497	1.0
29	498	1.0
29	499	1.0
29	500	1.0
29	501	1.0
29	502	1.0
29	503	1.0
29	504	1.0
29	505	1.0
29	506	1.0
29	507	1.0
29	508	1.0
29	509	1.0
29	510	1.0
29	511	1.0
29	512	1.0
29	513	1.0
29	514	1.0
29	515	1.0
29	516	1.0
516	517	1.0
516	518	1.0
516	519	1.0
516	520	1.0
516	521	1.0
516	522	1.0
516	523	1.0
516	524	1.0
516	525	1.0
516	526	1.0
516	527	1.0
516	528	1.0
516	529	1.0
516	530	1.0
516	531	1.0
516	532	1.0
516	533	1.0
516	534	1.0
516	535	1.0
516	536	1.0
516	537	1.0
516	538	1.0
516	539	1.0
516	540	1.0
516	541	1.0
516	542	1.0
516	543	1.0
516	544	1.0
516	545	1.0
516	546	1.0
516	547	1.0
516	548	1.0
516	549	1.0
516	550	1.0
516	551	1.0
516	552	1.0
516	553	1.0
516	554	1.0
516	555	1.0
516	556	1.0
516	557	1.0
516	558	1.0
516	559	1.0
516	560	1.0
516	561	1.0
516	562	1.0
516	563	1.0
516	564	1.0
516	565	1.0
516	566	1.0
516	567	1.0
516	568	1.0
516	569	1.0
516	570	1.0
516	571	1.0
516	572	1.0
516	573	1.0
516	574	1.0
516	575	1.0
516	576	1.0
516	577	1.0
516	578	1.0
516	579	1.0
516	580	1.0
516	581	1.0
516	582	1.0
516	583	1.0
516	584	1.0
516	585	1.0
516	586	1.0
516	587	1.0
516	588	1.0
516	589	1.0
516	590	1.0
516	591	1.0
516	592	1.0
516	593	1.0
516	594	1.0
516	595	1.0
516	596	1.0
516	597	1.0
516	598	1.0
516	599	1.0
516	600	1.0
516	601	1.0
516	602	1.0
516	603	1.0
516	604	1.0
516	605	1.0
516	606	1.0
516	607	1.0
516	608	1.0
516	609	1.0
516	610	1.0
516	611	1.0
516	612	1.0
516	613	1.0
516	614	1.0
516	615	1.0
516	616	1.0
516	617	1.0
516	618	1.0
516	619	1.0
516	620	1.0
516	621	1.0
516	622	1.0
516	623	1.0
516	624	1.0
516	625	1.0
516	626	1.0
516	627	1.0
516	628	1.0
516	629	1.0
516	630	1.0
516	631	1.0
516	632	1.0
516	633	1.0
516	634	1.0
516	635	1.0
516	636	1.0
516	637	1.0
516	638	1.0
516	639	1.0
516	640	1.0
516	641	1.0
516	642	1.0
516	643	1.0
516	644	1.0
516	645	1.0
516	646	1.0
516	647	1.0
516	648	1.0
516	649	1.0
516	650	1.0
516	651	1.0
516	652	1.0
516	653	1.0
516	654	1.0
516	655	1.0
516	656	1.0
516	657	1.0
516	658	1.0
516	659	1.0
516	660	1.0
516	661	1.0
516	662	1.0
516	663	1.0
516	664	1.0
516	665	1.0
516	666	1.0
516	667	1.0
516	668	1.0
516	669	1.0
516	670	1.0
516	671	1.0
516	672	1.0
516	673	1.0
516	674	1.0
516	675	1.0
516	676	1.0
516	677	1.0
516	678	1.0
516	679	1.0
516	680	1.0
516	681	1.0
516	682	1.0
516	683	1.0
516	684	1.0
516	685	1.0
516	686	1.0
516	687	1.0
516	688	1.0
516	689	1.0
516	690	1.0
516	691	1.0
516	692	1.0
516	693	1.0
516	694	1.0
516	695	1.0
516	696	1.0
516	697	1.0
516	698	1.0
516	699	1.0
516	700	1.0
516	701	1.0
516	702	1.0
516	703	1.0
516	704	1.0
516	705	1.0
516	706	1.0
516	707	1.0
516	708	1.0
516	709	1.0
516	710	1.0
710	711	1.0
710	712	1.0
710	713	1.0
710	714	1.0
710	715	1.0
710	716	1.0
516	717	1.0
516	718	1.0
516	719	1.0
516	720	1.0
516	721	1.0
516	722	1.0
516	723	1.0
516	724	1.0
516	725	1.0
516	726	1.0
516	727	1.0
516	728	1.0
516	729	1.0
516	730	1.0
516	731	1.0
516	732	1.0
516	733	1.0
516	734	1.0
516	735	1.0
516	736	1.0
516	737	1.0
516	738	1.0
516	739	1.0
516	740	1.0
516	741	1.0
516	742	1.0
516	743	1.0
516	744	1.0
516	745	1.0
516	746	1.0
516	747	1.0
516	748	1.0
516	749	1.0
516	750	1.0
516	751	1.0
516	752	1.0
516	753	1.0
516	754	1.0
516	755	1.0
516	756	1.0
516	757	1.0
516	758	1.0
516	759	1.0
516	760	1.0
516	761	1.0
516	762	1.0
516	763	1.0
516	764	1.0
516	765	1.0
516	766	1.0
516	767	1.0
516	768	1.0
516	769	1.0
516	770	1.0
516	771	1.0
516	772	1.0
516	773	1.0
516	774	1.0
516	775	1.0
516	776	1.0
516	777	1.0
516	778	1.0
516	779	1.0
516	780	1.0
516	781	1.0
516	782	1.0
516	783	1.0
516	784	1.0
516	785	1.0
516	786	1.0
516	787	1.0
516	788	1.0
516	789	1.0
516	790	1.0
516	791	1.0
516	792	1.0
516	793	1.0
516	794	1.0
516	795	1.0
516	796	1.0
516	797	1.0
516	798	1.0
516	799	1.0
516	800	1.0
516	801	1.0
516	802	1.0
516	803	1.0
516	804	1.0
516	805	1.0
516	806	1.0
516	807	1.0
516	808	1.0
516	809	1.0
516	810	1.0
516	811	1.0
516	812	1.0
516	813	1.0
516	814	1.0
516	815	1.0
516	816	1.0
516	817	1.0
516	818	1.0
516	819	1.0
516	820	1.0
516	821	1.0
516	822	1.0
516	823	1.0
516	824	1.0
516	825	1.0
516	826	1.0
516	827	1.0
516	828	1.0
516	829	1.0
516	830	1.0
516	831	1.0
516	832	1.0
516	833	1.0
516	834	1.0
516	835	1.0
516	836	1.0
516	837	1.0
516	838	1.0
516	839	1.0
516	840	1.0
516	841	1.0
516	842	1.0
516	843	1.0
516	844	1.0
516	845	1.0
516	846	1.0
516	847	1.0
516	848	1.0
516	849	1.0
516	850	1.0
516	851	1.0
516	852	1.0
516	853	1.0
516	854	1.0
516	855	1.0
516	856	1.0
516	857	1.0
516	858	1.0
516	859	1.0
516	860	1.0
516	861	1.0
516	862	1.0
516	863	1.0
516	864	1.0
516	865	1.0
516	866	1.0
516	867	1.0
516	868	1.0
516	869	1.0
516	870	1.0
516	871	1.0
516	872	1.0
516	873	1.0
516	874	1.0
516	875	1.0
516	876	1.0
516	877	1.0
516	878	1.0
516	879	1.0
516	880	1.0
516	881	1.0
516	882	1.0
516	883	1.0
516	884	1.0
516	885	1.0
516	886	1.0
516	887	1.0
516	888	1.0
516	889	1.0
516	890	1.0
516	891	1.0
516	892	1.0
516	893	1.0
516	894	1.0
516	895	1.0
516	896	1.0
516	897	1.0
516	898	1.0
516	899	1.0
516	900	1.0
516	901	1.0
516	902	1.0
516	903	1.0
516	904	1.0
516	905	1.0
516	906	1.0
516	907	1.0
516	908	1.0
516	909	1.0
516	910	1.0
516	911	1.0
911	912	1.0
911	913	1.0
911	914	1.0
911	915	1.0
911	916	1.0
516	917	1.0
516	918	1.0
516	919	1.0
516	920	1.0
516	921	1.0
516	922	1.0
516	923	1.0
516	924	1.0
516	925	1.0
516	926	1.0
516	927	1.0
516	928	1.0
928	929	1.0
928	930	1.0
928	931	1.0
928	932	1.0
516	933	1.0
516	934	1.0
516	935	1.0
516	936	1.0
516	937	1.0
516	938	1.0
516	939	1.0
516	940	1.0
516	941	1.0
516	942	1.0
516	943	1.0
516	944	1.0
516	945	1.0
516	946	1.0
516	947	1.0
516	948	1.0
516	949	1.0
516	950	1.0
516	951	1.0
516	952	1.0
516	953	1.0
516	954	1.0
516	955	1.0
516	956	1.0
516	957	1.0
516	958	1.0
516	959	1.0
516	960	1.0
516	961	1.0
516	962	1.0
516	963	1.0
516	964	1.0
516	965	1.0
516	966	1.0
516	967	1.0
516	968	1.0
516	969	1.0
516	970	1.0
516	971	1.0
516	972	1.0
516	973	1.0
516	974	1.0
516	975	1.0
516	976	1.0
516	977	1.0
516	978	1.0
516	979	1.0
516	980	1.0
516	981	1.0
516	982	1.0
516	983	1.0
516	984	1.0
516	985	1.0
516	986	1.0
516	987	1.0
516	988	1.0
516	989	1.0
516	990	1.0
516	991	1.0
516	992	1.0
516	993	1.0
516	994	1.0
516	995	1.0
516	996	1.0
516	997	1.0
516	998	1.0
516	999	1.0
516	1000	1.0
516	1001	1.0
516	1002	1.0
516	1003	1.0
516	1004	1.0
516	1005	1.0
516	1006	1.0
516	1007	1.0
516	1008	1.0
516	1009	1.0
516	1010	1.0
516	1011	1.0
516	1012	1.0
516	1013	1.0
516	1014	1.0
516	1015	1.0
516	1016	1.0
516	1017	1.0
516	1018	1.0
516	1019	1.0
516	1020	1.0
516	1021	1.0
516	1022	1.0
516	1023	1.0
516	1024	1.0
516	1025	1.0
516	1026	1.0
1026	1027	1.0
1026	1028	1.0
1026	1029	1.0
1026	1030	1.0
1026	1031	1.0
1026	1032	1.0
516	1033	1.0
516	1034	1.0
516	1035	1.0
516	1036	1.0
516	1037	1.0
516	1038	1.0
516	1039	1.0
1039	1040	1.0
1039	1041	1.0
1039	1042	1.0
1039	1043	1.0
516	1044	1.0
516	1045	1.0
1045	1046	1.0
1045	1047	1.0
1045	1048	1.0
1045	1049	1.0
516	1050	1.0
516	1051	1.0
516	1052	1.0
516	1053	1.0
516	1054	1.0
516	1055	1.0
516	1056	1.0
516	1057	1.0
516	1058	1.0
516	1059	1.0
516	1060	1.0
516	1061	1.0
516	1062	1.0
516	1063	1.0
516	1064	1.0
516	1065	1.0
516	1066	1.0
516	1067	1.0
516	1068	1.0
516	1069	1.0
516	1070	1.0
516	1071	1.0
516	1072	1.0
516	1073	1.0
516	1074	1.0
516	1075	1.0
516	1076	1.0
516	1077	1.0
516	1078	1.0
516	1079	1.0
516	1080	1.0
516	1081	1.0
516	1082	1.0
516	1083	1.0
516	1084	1.0
516	1085	1.0
516	1086	1.0
516	1087	1.0
516	1088	1.0
516	1089	1.0
516	1090	1.0
516	1091	1.0
516	1092	1.0
516	1093	1.0
516	1094	1.0
516	1095	1.0
516	1096	1.0
516	1097	1.0
516	1098	1.0
516	1099	1.0
516	1100	1.0
516	1101	1.0
516	1102	1.0
516	1103	1.0
516	1104	1.0
516	1105	1.0
516	1106	1.0
516	1107	1.0
516	1108	1.0
516	1109	1.0
516	1110	1.0
516	1111	1.0
516	1112	1.0
516	1113	1.0
516	1114	1.0
516	1115	1.0
516	1116	1.0
516	1117	1.0
516	1118	1.0
516	1119	1.0
516	1120	1.0
516	1121	1.0
516	1122	1.0
516	1123	1.0
516	1124	1.0
516	1125	1.0
516	1126	1.0
516	1127	1.0
516	1128	1.0
516	1129	1.0
516	1130	1.0
516	1131	1.0
516	1132	1.0
516	1133	1.0
516	1134	1.0
516	1135	1.0
516	1136	1.0
516	1137	1.0
516	1138	1.0
516	1139	1.0
516	1140	1.0
516	1141	1.0
516	1142	1.0
516	1143	1.0
516	1144	1.0
516	1145	1.0
516	1146	1.0
516	1147	1.0
516	1148	1.0
516	1149	1.0
516	1150	1.0
516	1151	1.0
516	1152	1.0
516	1153	1.0
516	1154	1.0
516	1155	1.0
516	1156	1.0
516	1157	1.0
516	1158	1.0
516	1159	1.0
516	1160	1.0
516	1161	1.0
516	1162	1.0
516	1163	1.0
516	1164	1.0
516	1165	1.0
516	1166	1.0
516	1167	1.0
516	1168	1.0
516	1169	1.0
516	1170	1.0
516	1171	1.0
516	1172	1.0
516	1173	1.0
516	1174	1.0
516	1175	1.0
516	1176	1.0
516	1177	1.0
516	1178	1.0
516	1179	1.0
516	1180	1.0
516	1181	1.0
516	1182	1.0
516	1183	1.0
516	1184	1.0
516	1185	1.0
516	1186	1.0
516	1187	1.0
516	1188	1.0
516	1189	1.0
516	1190	1.0
516	1191	1.0
516	1192	1.0
516	1193	1.0
516	1194	1.0
516	1195	1.0
516	1196	1.0
516	1197	1.0
516	1198	1.0
516	1199	1.0
516	1200	1.0
516	1201	1.0
516	1202	1.0
516	1203	1.0
516	1204	1.0
516	1205	1.0
516	1206	1.0
516	1207	1.0
516	1208	1.0
516	1209	1.0
516	1210	1.0
516	1211	1.0
516	1212	1.0
516	1213	1.0
516	1214	1.0
516	1215	1.0
516	1216	1.0
516	1217	1.0
516	1218	1.0
516	1219	1.0
516	1220	1.0
516	1221	1.0
516	1222	1.0
516	1223	1.0
516	1224	1.0
516	1225	1.0
516	1226	1.0
516	1227	1.0
516	1228	1.0
516	1229	1.0
516	1230	1.0
516	1231	1.0
516	1232	1.0
516	1233	1.0
516	1234	1.0
516	1235	1.0
516	1236	1.0
516	1237	1.0
516	1238	1.0
516	1239	1.0
516	1240	1.0
516	1241	1.0
516	1242	1.0
516	1243	1.0
516	1244	1.0
516	1245	1.0
516	1246	1.0
516	1247	1.0
516	1248	1.0
516	1249	1.0
516	1250	1.0
1250	1251	1.0
1250	1252	1.0
1250	1253	1.0
1250	1254	1.0
1250	1255	1.0
1250	1256	1.0
1250	1257	1.0
1250	1258	1.0
1250	1259	1.0
1250	1260	1.0
1250	1261	1.0
1250	1262	1.0
1250	1263	1.0
516	1264	1.0
516	1265	1.0
1265	1266	1.0
1265	1267	1.0
1265	1268	1.0
1265	1269	1.0
1265	1270	1.0
516	1271	1.0
516	1272	1.0
516	1273	1.0
516	1274	1.0
516	1275	1.0
516	1276	1.0
516	1277	1.0
516	1278	1.0
516	1279	1.0
516	1280	1.0
516	1281	1.0
516	1282	1.0
516	1283	1.0
516	1284	1.0
516	1285	1.0
516	1286	1.0
516	1287	1.0
516	1288	1.0
516	1289	1.0
516	1290	1.0
516	1291	1.0
516	1292	1.0
516	1293	1.0
516	1294	1.0
516	1295	1.0
516	1296	1.0
516	1297	1.0
516	1298	1.0
516	1299	1.0
516	1300	1.0
516	1301	1.0
516	1302	1.0
516	1303	1.0
516	1304	1.0
516	1305	1.0
516	1306	1.0
516	1307	1.0
516	1308	1.0
516	1309	1.0
516	1310	1.0
516	1311	1.0
516	1312	1.0
516	1313	1.0
516	1314	1.0
516	1315	1.0
516	1316	1.0
516	1317	1.0
516	1318	1.0
516	1319	1.0
516	1320	1.0
516	1321	1.0
516	1322	1.0
516	1323	1.0
516	1324	1.0
516	1325	1.0
516	1326	1.0
516	1327	1.0
516	1328	1.0
516	1329	1.0
516	1330	1.0
516	1331	1.0
516	1332	1.0
516	1333	1.0
516	1334	1.0
516	1335	1.0
516	1336	1.0
516	1337	1.0
516	1338	1.0
516	1339	1.0
516	1340	1.0
516	1341	1.0
516	1342	1.0
516	1343	1.0
516	1344	1.0
516	1345	1.0
516	1346	1.0
516	1347	1.0
516	1348	1.0
516	1349	1.0
516	1350	1.0
516	1351	1.0
516	1352	1.0
516	1353	1.0
516	1354	1.0
516	1355	1.0
516	1356	1.0
516	1357	1.0
516	1358	1.0
516	1359	1.0
516	1360	1.0
516	1361	1.0
516	1362	1.0
516	1363	1.0
516	1364	1.0
516	1365	1.0
516	1366	1.0
516	1367	1.0
516	1368	1.0
516	1369	1.0
516	1370	1.0
516	1371	1.0
516	1372	1.0
516	1373	1.0
516	1374	1.0
516	1375	1.0
516	1376	1.0
516	1377	1.0
516	1378	1.0
516	1379	1.0
516	1380	1.0
516	1381	1.0
516	1382	1.0
516	1383	1.0
516	1384	1.0
516	1385	1.0
516	1386	1.0
516	1387	1.0
516	1388	1.0
516	1389	1.0
516	1390	1.0
516	1391	1.0
516	1392	1.0
516	1393	1.0
516	1394	1.0
516	1395	1.0
516	1396	1.0
516	1397	1.0
516	1398	1.0
516	1399	1.0
516	1400	1.0
516	1401	1.0
516	1402	1.0
516	1403	1.0
516	1404	1.0
516	1405	1.0
516	1406	1.0
516	1407	1.0
516	1408	1.0
516	1409	1.0
516	1410	1.0
516	1411	1.0
516	1412	1.0
516	1413	1.0
516	1414	1.0
516	1415	1.0
516	1416	1.0
516	1417	1.0
516	1418	1.0
516	1419	1.0
516	1420	1.0
516	1421	1.0
516	1422	1.0
516	1423	1.0
516	1424	1.0
516	1425	1.0
516	1426	1.0
516	1427	1.0
516	1428	1.0
516	1429	1.0
516	1430	1.0
516	1431	1.0
516	1432	1.0
516	1433	1.0
516	1434	1.0
516	1435	1.0
516	1436	1.0
516	1437	1.0
516	1438	1.0
516	1439	1.0
516	1440	1.0
516	1441	1.0
516	1442	1.0
516	1443	1.0
516	1444	1.0
516	1445	1.0
516	1446	1.0
516	1447	1.0
516	1448	1.0
516	1449	1.0
516	1450	1.0
516	1451	1.0
516	1452	1.0
516	1453	1.0
516	1454	1.0
516	1455	1.0
516	1456	1.0
516	1457	1.0
516	1458	1.0
516	1459	1.0
516	1460	1.0
516	1461	1.0
516	1462	1.0
516	1463	1.0
516	1464	1.0
516	1465	1.0
516	1466	1.0
516	1467	1.0
516	1468	1.0
516	1469	1.0
516	1470	1.0
516	1471	1.0
516	1472	1.0
516	1473	1.0
516	1474	1.0
516	1475	1.0
516	1476	1.0
516	1477	1.0
516	1478	1.0
516	1479	1.0
516	1480	1.0
516	1481	1.0
516	1482	1.0
516	1483	1.0
516	1484	1.0
516	1485	1.0
516	1486	1.0
516	1487	1.0
516	1488	1.0
516	1489	1.0
516	1490	1.0
516	1491	1.0
516	1492	1.0
516	1493	1.0
516	1494	1.0
516	1495	1.0
516	1496	1.0
516	1497	1.0
516	1498	1.0
516	1499	1.0
516	1500	1.0
516	1501	1.0
516	1502	1.0
516	1503	1.0
516	1504	1.0
516	1505	1.0
516	1506	1.0
516	1507	1.0
516	1508	1.0
516	1509	1.0
516	1510	1.0
516	1511	1.0
516	1512	1.0
516	1513	1.0
516	1514	1.0
516	1515	1.0
516	1516	1.0
516	1517	1.0
516	1518	1.0
516	1519	1.0
516	1520	1.0
516	1521	1.0
516	1522	1.0
516	1523	1.0
516	1524	1.0
516	1525	1.0
516	1526	1.0
516	1527	1.0
516	1528	1.0
516	1529	1.0
516	1530	1.0
516	1531	1.0
516	1532	1.0
516	1533	1.0
516	1534	1.0
516	1535	1.0
516	1536	1.0
516	1537	1.0
516	1538	1.0
516	1539	1.0
516	1540	1.0
516	1541	1.0
516	1542	1.0
516	1543	1.0
516	1544	1.0
516	1545	1.0
516	1546	1.0
516	1547	1.0
516	1548	1.0
516	1549	1.0
516	1550	1.0
516	1551	1.0
516	1552	1.0
516	1553	1.0
516	1554	1.0
516	1555	1.0
516	1556	1.0
516	1557	1.0
516	1558	1.0
516	1559	1.0
516	1560	1.0
516	1561	1.0
516	1562	1.0
516	1563	1.0
516	1564	1.0
516	1565	1.0
516	1566	1.0
516	1567	1.0
516	1568	1.0
516	1569	1.0
516	1570	1.0
516	1571	1.0
516	1572	1.0
516	1573	1.0
516	1574	1.0
516	1575	1.0
516	1576	1.0
516	1577	1.0
516	1578	1.0
516	1579	1.0
516	1580	1.0
516	1581	1.0
516	1582	1.0
516	1583	1.0
516	1584	1.0
516	1585	1.0
516	1586	1.0
516	1587	1.0
516	1588	1.0
516	1589	1.0
516	1590	1.0
516	1591	1.0
516	1592	1.0
516	1593	1.0
516	1594	1.0
516	1595	1.0
516	1596	1.0
516	1597	1.0
516	1598	1.0
516	1599	1.0
516	1600	1.0
1600	1601	1.0
1600	1602	1.0
1600	1603	1.0
1600	1604	1.0
1600	1605	1.0
1600	1606	1.0
516	1607	1.0
516	1608	1.0
516	1609	1.0
516	1610	1.0
516	1611	1.0
516	1612	1.0
516	1613	1.0
516	1614	1.0
516	1615	1.0
516	1616	1.0
516	1617	1.0
516	1618	1.0
516	1619	1.0
516	1620	1.0
516	1621	1.0
516	1622	1.0
516	1623	1.0
516	1624	1.0
516	1625	1.0
516	1626	1.0
516	1627	1.0
516	1628	1.0
516	1629	1.0
516	1630	1.0
516	1631	1.0
516	1632	1.0
516	1633	1.0
516	1634	1.0
516	1635	1.0
516	1636	1.0
516	1637	1.0
516	1638	1.0
516	1639	1.0
516	1640	1.0
516	1641	1.0
516	1642	1.0
516	1643	1.0
516	1644	1.0
516	1645	1.0
516	1646	1.0
516	1647	1.0
516	1648	1.0
516	1649	1.0
516	1650	1.0
516	1651	1.0
516	1652	1.0
516	1653	1.0
516	1654	1.0
516	1655	1.0
516	1656	1.0
516	1657	1.0
516	1658	1.0
516	1659	1.0
516	1660	1.0
516	1661	1.0
516	1662	1.0
516	1663	1.0
516	1664	1.0
516	1665	1.0
516	1666	1.0
516	1667	1.0
516	1668	1.0
516	1669	1.0
516	1670	1.0
1670	1671	1.0
1671	1672	1.0
1671	1673	1.0
1671	1674	1.0
1671	1675	1.0
1670	1676	1.0
516	1677	1.0
516	1678	1.0
516	1679	1.0
516	1680	1.0
516	1681	1.0
516	1682	1.0
516	1683	1.0
516	1684	1.0
516	1685	1.0
516	1686	1.0
516	1687	1.0
516	1688	1.0
516	1689	1.0
516	1690	1.0
516	1691	1.0
516	1692	1.0
516	1693	1.0
516	1694	1.0
1694	1695	1.0
1694	1696	1.0
1694	1697	1.0
1694	1698	1.0
516	1699	1.0
516	1700	1.0
516	1701	1.0
516	1702	1.0
516	1703	1.0
516	1704	1.0
516	1705	1.0
516	1706	1.0
516	1707	1.0
516	1708	1.0
516	1709	1.0
516	1710	1.0
516	1711	1.0
516	1712	1.0
516	1713	1.0
516	1714	1.0
516	1715	1.0
516	1716	1.0
516	1717	1.0
516	1718	1.0
516	1719	1.0
516	1720	1.0
516	1721	1.0
516	1722	1.0
516	1723	1.0
516	1724	1.0
516	1725	1.0
516	1726	1.0
516	1727	1.0
516	1728	1.0
516	1729	1.0
516	1730	1.0
516	1731	1.0
516	1732	1.0
516	1733	1.0
516	1734	1.0
516	1735	1.0
516	1736	1.0
516	1737	1.0
516	1738	1.0
516	1739	1.0
516	1740	1.0
516	1741	1.0
516	1742	1.0
516	1743	1.0
516	1744	1.0
516	1745	1.0
516	1746	1.0
1746	1747	1.0
1746	1748	1.0
1746	1749	1.0
1746	1750	1.0
1746	1751	1.0
1746	1752	1.0
1746	1753	1.0
1746	1754	1.0
1746	1755	1.0
1746	1756	1.0
1746	1757	1.0
1746	1758	1.0
1746	1759	1.0
1746	1760	1.0
1746	1761	1.0
1761	1762	1.0
1761	1763	1.0
1761	1764	1.0
1761	1765	1.0
1761	1766	1.0
1761	1767	1.0
1761	1768	1.0
1761	1769	1.0
1761	1770	1.0
1761	1771	1.0
1761	1772	1.0
1761	1773	1.0
1761	1774	1.0
1774	1775	1.0
1774	1776	1.0
1774	1777	1.0
1774	1778	1.0
1761	1779	1.0
1761	1780	1.0
1761	1781	1.0
1761	1782	1.0
1761	1783	1.0
1761	1784	1.0
1761	1785	1.0
1761	1786	1.0
1761	1787	1.0
1761	1788	1.0
1761	1789	1.0
1761	1790	1.0
1761	1791	1.0
1761	1792	1.0
1761	1793	1.0
1761	1794	1.0
1761	1795	1.0
1761	1796	1.0
1761	1797	1.0
1761	1798	1.0
1761	1799	1.0
1761	1800	1.0
1761	1801	1.0
1761	1802	1.0
1761	1803	1.0
1761	1804	1.0
1761	1805	1.0
1761	1806	1.0
1761	1807	1.0
1761	1808	1.0
1761	1809	1.0
1761	1810	1.0
1761	1811	1.0
1761	1812	1.0
1761	1813	1.0
1761	1814	1.0
1761	1815	1.0
1761	1816	1.0
1761	1817	1.0
1761	1818	1.0
1761	1819	1.0
1761	1820	1.0
1761	1821	1.0
1761	1822	1.0
1761	1823	1.0
1746	1824	1.0
1746	1825	1.0
1746	1826	1.0
1746	1827	1.0
1746	1828	1.0
1746	1829	1.0
1746	1830	1.0
1746	1831	1.0
1746	1832	1.0
1746	1833	1.0
1746	1834	1.0
1746	1835	1.0
1746	1836	1.0
1746	1837	1.0
1746	1838	1.0
1746	1839	1.0
1746	1840	1.0
1746	1841	1.0
1746	1842	1.0
1746	1843	1.0
1746	1844	1.0
1746	1845	1.0
1746	1846	1.0
29	1847	1.0
29	1848	1.0
29	1849	1.0
29	1850	1.0
29	1851	1.0
29	1852	1.0
29	1853	1.0
29	1854	1.0
29	1855	1.0
29	1856	1.0
29	1857	1.0
29	1858	1.0
29	1859	1.0
29	1860	1.0
29	1861	1.0
29	1862	1.0
29	1863	1.0
29	1864	1.0
29	1865	1.0
29	1866	1.0
29	1867	1.0
29	1868	1.0
29	1869	1.0
29	1870	1.0
29	1871	1.0
29	1872	1.0
29	1873	1.0
29	1874	1.0
29	1875	1.0
29	1876	1.0
29	1877	1.0
29	1878	1.0
29	1879	1.0
29	1880	1.0
29	1881	1.0
29	1882	1.0
29	1883	1.0
29	1884	1.0
29	1885	1.0
29	1886	1.0
29	1887	1.0
29	1888	1.0
29	1889	1.0
29	1890	1.0
29	1891	1.0
29	1892	1.0
29	1893	1.0
29	1894	1.0
29	1895	1.0
29	1896	1.0
29	1897	1.0
29	1898	1.0
29	1899	1.0
29	1900	1.0
29	1901	1.0
29	1902	1.0
29	1903	1.0
29	1904	1.0
29	1905	1.0
29	1906	1.0
29	1907	1.0
29	1908	1.0
29	1909	1.0
29	1910	1.0
29	1911	1.0
29	1912	1.0
29	1913	1.0
29	1914	1.0
29	1915	1.0
29	1916	1.0
29	1917	1.0
29	1918	1.0
29	1919	1.0
29	1920	1.0
29	1921	1.0
29	1922	1.0
29	1923	1.0
29	1924	1.0
29	1925	1.0
29	1926	1.0
29	1927	1.0
29	1928	1.0
29	1929	1.0
29	1930	1.0
29	1931	1.0
29	1932	1.0
29	1933	1.0
29	1934	1.0
29	1935	1.0
29	1936	1.0
29	1937	1.0
29	1938	1.0
29	1939	1.0
29	1940	1.0
29	1941	1.0
29	1942	1.0
29	1943	1.0
29	1944	1.0
29	1945	1.0
29	1946	1.0
29	1947	1.0
29	1948	1.0
29	1949	1.0
29	1950	1.0
29	1951	1.0
29	1952	1.0
29	1953	1.0
29	1954	1.0
29	1955	1.0
29	1956	1.0
29	1957	1.0
29	1958	1.0
29	1959	1.0
29	1960	1.0
29	1961	1.0
29	1962	1.0
29	1963	1.0
29	1964	1.0
29	1965	1.0
29	1966	1.0
29	1967	1.0
29	1968	1.0
29	1969	1.0
29	1970	1.0
29	1971	1.0
29	1972	1.0
29	1973	1.0
29	1974	1.0
29	1975	1.0
29	1976	1.0
29	1977	1.0
29	1978	1.0
29	1979	1.0
29	1980	1.0
29	1981	1.0
29	1982	1.0
29	1983	1.0
29	1984	1.0
29	1985	1.0
29	1986	1.0
29	1987	1.0
29	1988	1.0
29	1989	1.0
29	1990	1.0
29	1991	1.0
29	1992	1.0
29	1993	1.0
29	1994	1.0
29	1995	1.0
29	1996	1.0
29	1997	1.0
29	1998	1.0
29	1999	1.0
29	2000	1.0
29	2001	1.0
29	2002	1.0
29	2003	1.0
29	2004	1.0
29	2005	1.0
2005	2006	1.0
2005	2007	1.0
2005	2008	1.0
2005	2009	1.0
29	2010	1.0
29	2011	1.0
29	2012	1.0
29	2013	1.0
29	2014	1.0
29	2015	1.0
29	2016	1.0
29	2017	1.0
29	2018	1.0
2	2019	1.0
2	2020	1.0
2	2021	1.0
1	2022	1.0
1	2023	1.0
1	2024	1.0
0	2025	1.0
