0	1	1.0
0	2	1.0
2	3	1.0
2	4	1.0
4	5	1.0
4	6	1.0
4	7	1.0
4	8	1.0
4	9	1.0
4	10	1.0
4	11	1.0
4	12	1.0
12	13	1.0
12	14	1.0
12	15	1.0
12	16	1.0
12	17	1.0
17	18	1.0
18	19	1.0
18	20	1.0
18	21	1.0
18	22	1.0
18	23	1.0
18	24	1.0
18	25	1.0
18	26	1.0
26	27	1.0
26	28	1.0
26	29	1.0
26	30	1.0
26	31	1.0
26	32	1.0
26	33	1.0
26	34	1.0
34	35	1.0
34	36	1.0
34	37	1.0
34	38	1.0
34	39	1.0
34	40	1.0
34	41	1.0
34	42	1.0
34	43	1.0
43	44	1.0
43	45	1.0
43	46	1.0
43	47	1.0
43	48	1.0
43	49	1.0
43	50	1.0
43	51	1.0
43	52	1.0
43	53	1.0
43	54	1.0
43	55	1.0
43	56	1.0
43	57	1.0
43	58	1.0
43	59	1.0
43	60	1.0
43	61	1.0
43	62	1.0
43	63	1.0
43	64	1.0
43	65	1.0
43	66	1.0
43	67	1.0
43	68	1.0
43	69	1.0
43	70	1.0
43	71	1.0
43	72	1.0
43	73	1.0
43	74	1.0
43	75	1.0
43	76	1.0
43	77	1.0
43	78	1.0
43	79	1.0
43	80	1.0
43	81	1.0
43	82	1.0
43	83	1.0
43	84	1.0
43	85	1.0
43	86	1.0
43	87	1.0
43	88	1.0
43	89	1.0
43	90	1.0
43	91	1.0
43	92	1.0
43	93	1.0
43	94	1.0
43	95	1.0
43	96	1.0
43	97	1.0
43	98	1.0
43	99	1.0
43	100	1.0
43	101	1.0
43	102	1.0
43	103	1.0
43	104	1.0
43	105	1.0
43	106	1.0
43	107	1.0
43	108	1.0
43	109	1.0
43	110	1.0
43	111	1.0
43	112	1.0
43	113	1.0
43	114	1.0
43	115	1.0
43	116	1.0
43	117	1.0
43	118	1.0
43	119	1.0
43	120	1.0
43	121	1.0
43	122	1.0
43	123	1.0
43	124	1.0
43	125	1.0
43	126	1.0
43	127	1.0
43	128	1.0
43	129	1.0
43	130	1.0
43	131	1.0
43	132	1.0
43	133	1.0
43	134	1.0
43	135	1.0
43	136	1.0
43	137	1.0
43	138	1.0
43	139	1.0
43	140	1.0
43	141	1.0
43	142	1.0
43	143	1.0
43	144	1.0
43	145	1.0
43	146	1.0
43	147	1.0
43	148	1.0
43	149	1.0
43	150	1.0
43	151	1.0
43	152	1.0
43	153	1.0
43	154	1.0
43	155	1.0
43	156	1.0
43	157	1.0
43	158	1.0
43	159	1.0
43	160	1.0
43	161	1.0
43	162	1.0
43	163	1.0
43	164	1.0
43	165	1.0
43	166	1.0
43	167	1.0
43	168	1.0
43	169	1.0
43	170	1.0
43	171	1.0
43	172	1.0
43	173	1.0
43	174	1.0
43	175	1.0
43	176	1.0
43	177	1.0
43	178	1.0
43	179	1.0
43	180	1.0
43	181	1.0
43	182	1.0
43	183	1.0
43	184	1.0
43	185	1.0
43	186	1.0
43	187	1.0
43	188	1.0
43	189	1.0
43	190	1.0
43	191	1.0
43	192	1.0
43	193	1.0
43	194	1.0
43	195	1.0
43	196	1.0
43	197	1.0
43	198	1.0
43	199	1.0
43	200	1.0
43	201	1.0
43	202	1.0
43	203	1.0
43	204	1.0
43	205	1.0
43	206	1.0
43	207	1.0
43	208	1.0
43	209	1.0
43	210	1.0
43	211	1.0
43	212	1.0
43	213	1.0
43	214	1.0
43	215	1.0
43	216	1.0
43	217	1.0
43	218	1.0
218	219	1.0
218	220	1.0
218	221	1.0
218	222	1.0
43	223	1.0
43	224	1.0
43	225	1.0
43	226	1.0
43	227	1.0
43	228	1.0
43	229	1.0
43	230	1.0
43	231	1.0
43	232	1.0
43	233	1.0
43	234	1.0
43	235	1.0
43	236	1.0
43	237	1.0
43	238	1.0
43	239	1.0
43	240	1.0
43	241	1.0
43	242	1.0
43	243	1.0
43	244	1.0
43	245	1.0
43	246	1.0
43	247	1.0
43	248	1.0
43	249	1.0
43	250	1.0
43	251	1.0
43	252	1.0
43	253	1.0
43	254	1.0
43	255	1.0
43	256	1.0
43	257	1.0
43	258	1.0
43	259	1.0
43	260	1.0
43	261	1.0
43	262	1.0
43	263	1.0
43	264	1.0
43	265	1.0
43	266	1.0
43	267	1.0
43	268	1.0
43	269	1.0
43	270	1.0
43	271	1.0
43	272	1.0
43	273	1.0
43	274	1.0
43	275	1.0
43	276	1.0
43	277	1.0
43	278	1.0
43	279	1.0
43	280	1.0
43	281	1.0
43	282	1.0
43	283	1.0
43	284	1.0
43	285	1.0
43	286	1.0
43	287	1.0
43	288	1.0
43	289	1.0
43	290	1.0
43	291	1.0
43	292	1.0
43	293	1.0
43	294	1.0
43	295	1.0
43	296	1.0
43	297	1.0
43	298	1.0
43	299	1.0
43	300	1.0
43	301	1.0
43	302	1.0
43	303	1.0
43	304	1.0
43	305	1.0
43	306	1.0
306	307	1.0
306	308	1.0
306	309	1.0
306	310	1.0
306	311	1.0
306	312	1.0
306	313	1.0
306	314	1.0
306	315	1.0
306	316	1.0
306	317	1.0
306	318	1.0
306	319	1.0
306	320	1.0
306	321	1.0
306	322	1.0
306	323	1.0
306	324	1.0
306	325	1.0
306	326	1.0
306	327	1.0
306	328	1.0
306	329	1.0
306	330	1.0
306	331	1.0
306	332	1.0
306	333	1.0
306	334	1.0
306	335	1.0
306	336	1.0
306	337	1.0
306	338	1.0
306	339	1.0
306	340	1.0
306	341	1.0
306	342	1.0
306	343	1.0
306	344	1.0
306	345	1.0
306	346	1.0
306	347	1.0
306	348	1.0
306	349	1.0
306	350	1.0
306	351	1.0
306	352	1.0
306	353	1.0
306	354	1.0
306	355	1.0
306	356	1.0
306	357	1.0
306	358	1.0
306	359	1.0
306	360	1.0
306	361	1.0
306	362	1.0
306	363	1.0
306	364	1.0
306	365	1.0
306	366	1.0
306	367	1.0
306	368	1.0
306	369	1.0
306	370	1.0
306	371	1.0
371	372	1.0
371	373	1.0
371	374	1.0
371	375	1.0
371	376	1.0
371	377	1.0
371	378	1.0
371	379	1.0
371	380	1.0
371	381	1.0
371	382	1.0
371	383	1.0
43	384	1.0
43	385	1.0
43	386	1.0
43	387	1.0
387	388	1.0
387	389	1.0
387	390	1.0
387	391	1.0
387	392	1.0
387	393	1.0
387	394	1.0
387	395	1.0
387	396	1.0
387	397	1.0
387	398	1.0
387	399	1.0
387	400	1.0
387	401	1.0
387	402	1.0
387	403	1.0
387	404	1.0
43	405	1.0
43	406	1.0
43	407	1.0
43	408	1.0
43	409	1.0
43	410	1.0
43	411	1.0
43	412	1.0
43	413	1.0
43	414	1.0
43	415	1.0
43	416	1.0
43	417	1.0
43	418	1.0
43	419	1.0
43	420	1.0
43	421	1.0
43	422	1.0
43	423	1.0
43	424	1.0
43	425	1.0
43	426	1.0
43	427	1.0
43	428	1.0
43	429	1.0
43	430	1.0
43	431	1.0
43	432	1.0
43	433	1.0
43	434	1.0
43	435	1.0
43	436	1.0
43	437	1.0
43	438	1.0
43	439	1.0
43	440	1.0
43	441	1.0
43	442	1.0
43	443	1.0
43	444	1.0
43	445	1.0
43	446	1.0
43	447	1.0
43	448	1.0
43	449	1.0
43	450	1.0
43	451	1.0
43	452	1.0
43	453	1.0
43	454	1.0
43	455	1.0
43	456	1.0
43	457	1.0
43	458	1.0
43	459	1.0
43	460	1.0
43	461	1.0
43	462	1.0
43	463	1.0
43	464	1.0
43	465	1.0
43	466	1.0
43	467	1.0
43	468	1.0
43	469	1.0
43	470	1.0
43	471	1.0
43	472	1.0
43	473	1.0
43	474	1.0
43	475	1.0
43	476	1.0
43	477	1.0
43	478	1.0
43	479	1.0
43	480	1.0
43	481	1.0
43	482	1.0
43	483	1.0
43	484	1.0
43	485	1.0
43	486	1.0
43	487	1.0
43	488	1.0
43	489	1.0
43	490	1.0
43	491	1.0
43	492	1.0
43	493	1.0
43	494	1.0
43	495	1.0
43	496	1.0
43	497	1.0
43	498	1.0
43	499	1.0
43	500	1.0
43	501	1.0
43	502	1.0
43	503	1.0
43	504	1.0
43	505	1.0
43	506	1.0
43	507	1.0
43	508	1.0
43	509	1.0
43	510	1.0
43	511	1.0
43	512	1.0
43	513	1.0
43	514	1.0
43	515	1.0
43	516	1.0
43	517	1.0
43	518	1.0
43	519	1.0
43	520	1.0
43	521	1.0
43	522	1.0
43	523	1.0
43	524	1.0
43	525	1.0
43	526	1.0
43	527	1.0
43	528	1.0
43	529	1.0
43	530	1.0
43	531	1.0
43	532	1.0
43	533	1.0
43	534	1.0
43	535	1.0
43	536	1.0
43	537	1.0
43	538	1.0
43	539	1.0
43	540	1.0
43	541	1.0
43	542	1.0
43	543	1.0
43	544	1.0
43	545	1.0
43	546	1.0
43	547	1.0
43	548	1.0
43	549	1.0
43	550	1.0
43	551	1.0
43	552	1.0
43	553	1.0
43	554	1.0
43	555	1.0
43	556	1.0
43	557	1.0
43	558	1.0
43	559	1.0
43	560	1.0
43	561	1.0
43	562	1.0
43	563	1.0
43	564	1.0
43	565	1.0
43	566	1.0
43	567	1.0
43	568	1.0
43	569	1.0
43	570	1.0
43	571	1.0
43	572	1.0
43	573	1.0
43	574	1.0
43	575	1.0
43	576	1.0
43	577	1.0
43	578	1.0
43	579	1.0
43	580	1.0
43	581	1.0
43	582	1.0
43	583	1.0
43	584	1.0
43	585	1.0
585	586	1.0
585	587	1.0
585	588	1.0
585	589	1.0
585	590	1.0
585	591	1.0
585	592	1.0
585	593	1.0
585	594	1.0
585	595	1.0
585	596	1.0
43	597	1.0
43	598	1.0
43	599	1.0
43	600	1.0
43	601	1.0
43	602	1.0
43	603	1.0
43	604	1.0
43	605	1.0
43	606	1.0
43	607	1.0
43	608	1.0
43	609	1.0
43	610	1.0
43	611	1.0
43	612	1.0
43	613	1.0
43	614	1.0
43	615	1.0
43	616	1.0
43	617	1.0
43	618	1.0
43	619	1.0
43	620	1.0
43	621	1.0
43	622	1.0
43	623	1.0
43	624	1.0
43	625	1.0
43	626	1.0
43	627	1.0
43	628	1.0
43	629	1.0
43	630	1.0
43	631	1.0
43	632	1.0
43	633	1.0
43	634	1.0
43	635	1.0
43	636	1.0
43	637	1.0
43	638	1.0
43	639	1.0
43	640	1.0
43	641	1.0
43	642	1.0
43	643	1.0
43	644	1.0
43	645	1.0
43	646	1.0
43	647	1.0
43	648	1.0
43	649	1.0
43	650	1.0
43	651	1.0
43	652	1.0
43	653	1.0
43	654	1.0
43	655	1.0
655	656	1.0
655	657	1.0
655	658	1.0
655	659	1.0
655	660	1.0
655	661	1.0
43	662	1.0
43	663	1.0
43	664	1.0
43	665	1.0
43	666	1.0
43	667	1.0
43	668	1.0
43	669	1.0
43	670	1.0
43	671	1.0
43	672	1.0
43	673	1.0
43	674	1.0
43	675	1.0
43	676	1.0
43	677	1.0
43	678	1.0
43	679	1.0
43	680	1.0
43	681	1.0
43	682	1.0
43	683	1.0
43	684	1.0
43	685	1.0
43	686	1.0
43	687	1.0
43	688	1.0
43	689	1.0
43	690	1.0
43	691	1.0
43	692	1.0
692	693	1.0
692	694	1.0
692	695	1.0
692	696	1.0
692	697	1.0
692	698	1.0
43	699	1.0
43	700	1.0
700	701	1.0
700	702	1.0
700	703	1.0
703	704	1.0
703	705	1.0
703	706	1.0
703	707	1.0
703	708	1.0
703	709	1.0
700	710	1.0
43	711	1.0
43	712	1.0
43	713	1.0
43	714	1.0
43	715	1.0
43	716	1.0
43	717	1.0
43	718	1.0
43	719	1.0
43	720	1.0
43	721	1.0
43	722	1.0
43	723	1.0
43	724	1.0
43	725	1.0
43	726	1.0
43	727	1.0
43	728	1.0
43	729	1.0
43	730	1.0
43	731	1.0
43	732	1.0
43	733	1.0
43	734	1.0
43	735	1.0
43	736	1.0
43	737	1.0
43	738	1.0
43	739	1.0
43	740	1.0
43	741	1.0
43	742	1.0
43	743	1.0
43	744	1.0
43	745	1.0
43	746	1.0
43	747	1.0
43	748	1.0
43	749	1.0
43	750	1.0
43	751	1.0
43	752	1.0
43	753	1.0
43	754	1.0
43	755	1.0
43	756	1.0
43	757	1.0
43	758	1.0
43	759	1.0
43	760	1.0
43	761	1.0
43	762	1.0
43	763	1.0
43	764	1.0
43	765	1.0
43	766	1.0
43	767	1.0
43	768	1.0
43	769	1.0
43	770	1.0
43	771	1.0
43	772	1.0
43	773	1.0
43	774	1.0
43	775	1.0
43	776	1.0
43	777	1.0
43	778	1.0
43	779	1.0
43	780	1.0
43	781	1.0
43	782	1.0
43	783	1.0
43	784	1.0
43	785	1.0
43	786	1.0
43	787	1.0
43	788	1.0
43	789	1.0
43	790	1.0
43	791	1.0
43	792	1.0
43	793	1.0
43	794	1.0
43	795	1.0
43	796	1.0
43	797	1.0
43	798	1.0
43	799	1.0
43	800	1.0
43	801	1.0
43	802	1.0
43	803	1.0
43	804	1.0
43	805	1.0
43	806	1.0
43	807	1.0
43	808	1.0
43	809	1.0
43	810	1.0
43	811	1.0
43	812	1.0
43	813	1.0
43	814	1.0
43	815	1.0
43	816	1.0
43	817	1.0
43	818	1.0
43	819	1.0
43	820	1.0
43	821	1.0
43	822	1.0
43	823	1.0
43	824	1.0
43	825	1.0
43	826	1.0
43	827	1.0
43	828	1.0
43	829	1.0
43	830	1.0
43	831	1.0
43	832	1.0
43	833	1.0
43	834	1.0
43	835	1.0
43	836	1.0
43	837	1.0
43	838	1.0
43	839	1.0
43	840	1.0
43	841	1.0
43	842	1.0
43	843	1.0
43	844	1.0
43	845	1.0
43	846	1.0
43	847	1.0
43	848	1.0
43	849	1.0
43	850	1.0
43	851	1.0
43	852	1.0
43	853	1.0
43	854	1.0
43	855	1.0
43	856	1.0
43	857	1.0
43	858	1.0
43	859	1.0
43	860	1.0
43	861	1.0
43	862	1.0
43	863	1.0
43	864	1.0
43	865	1.0
43	866	1.0
43	867	1.0
43	868	1.0
43	869	1.0
43	870	1.0
43	871	1.0
43	872	1.0
43	873	1.0
43	874	1.0
43	875	1.0
43	876	1.0
43	877	1.0
43	878	1.0
43	879	1.0
43	880	1.0
43	881	1.0
43	882	1.0
43	883	1.0
43	884	1.0
43	885	1.0
43	886	1.0
43	887	1.0
43	888	1.0
43	889	1.0
43	890	1.0
43	891	1.0
43	892	1.0
43	893	1.0
43	894	1.0
43	895	1.0
43	896	1.0
43	897	1.0
43	898	1.0
43	899	1.0
43	900	1.0
43	901	1.0
43	902	1.0
43	903	1.0
43	904	1.0
43	905	1.0
43	906	1.0
43	907	1.0
43	908	1.0
43	909	1.0
43	910	1.0
43	911	1.0
43	912	1.0
43	913	1.0
43	914	1.0
43	915	1.0
43	916	1.0
43	917	1.0
43	918	1.0
43	919	1.0
43	920	1.0
43	921	1.0
43	922	1.0
43	923	1.0
43	924	1.0
43	925	1.0
43	926	1.0
43	927	1.0
43	928	1.0
43	929	1.0
43	930	1.0
43	931	1.0
43	932	1.0
43	933	1.0
43	934	1.0
43	935	1.0
43	936	1.0
43	937	1.0
43	938	1.0
43	939	1.0
43	940	1.0
43	941	1.0
43	942	1.0
43	943	1.0
43	944	1.0
43	945	1.0
43	946	1.0
43	947	1.0
43	948	1.0
43	949	1.0
43	950	1.0
43	951	1.0
43	952	1.0
43	953	1.0
43	954	1.0
43	955	1.0
43	956	1.0
43	957	1.0
43	958	1.0
43	959	1.0
43	960	1.0
43	961	1.0
43	962	1.0
43	963	1.0
43	964	1.0
43	965	1.0
43	966	1.0
43	967	1.0
43	968	1.0
43	969	1.0
43	970	1.0
43	971	1.0
43	972	1.0
43	973	1.0
43	974	1.0
43	975	1.0
43	976	1.0
43	977	1.0
43	978	1.0
43	979	1.0
43	980	1.0
43	981	1.0
43	982	1.0
43	983	1.0
43	984	1.0
43	985	1.0
43	986	1.0
43	987	1.0
43	988	1.0
43	989	1.0
43	990	1.0
43	991	1.0
43	992	1.0
43	993	1.0
43	994	1.0
43	995	1.0
43	996	1.0
43	997	1.0
43	998	1.0
43	999	1.0
43	1000	1.0
43	1001	1.0
43	1002	1.0
43	1003	1.0
43	1004	1.0
43	1005	1.0
43	1006	1.0
1006	1007	1.0
1006	1008	1.0
1006	1009	1.0
1006	1010	1.0
1006	1011	1.0
1006	1012	1.0
1006	1013	1.0
1006	1014	1.0
43	1015	1.0
43	1016	1.0
43	1017	1.0
43	1018	1.0
43	1019	1.0
43	1020	1.0
43	1021	1.0
43	1022	1.0
43	1023	1.0
1023	1024	1.0
1023	1025	1.0
1023	1026	1.0
1023	1027	1.0
1023	1028	1.0
1023	1029	1.0
43	1030	1.0
43	1031	1.0
43	1032	1.0
43	1033	1.0
43	1034	1.0
43	1035	1.0
43	1036	1.0
43	1037	1.0
43	1038	1.0
43	1039	1.0
43	1040	1.0
43	1041	1.0
43	1042	1.0
43	1043	1.0
43	1044	1.0
43	1045	1.0
43	1046	1.0
43	1047	1.0
43	1048	1.0
43	1049	1.0
43	1050	1.0
43	1051	1.0
43	1052	1.0
43	1053	1.0
43	1054	1.0
43	1055	1.0
43	1056	1.0
43	1057	1.0
43	1058	1.0
43	1059	1.0
43	1060	1.0
43	1061	1.0
43	1062	1.0
43	1063	1.0
43	1064	1.0
43	1065	1.0
43	1066	1.0
43	1067	1.0
43	1068	1.0
1068	1069	1.0
1068	1070	1.0
1068	1071	1.0
1068	1072	1.0
1068	1073	1.0
1068	1074	1.0
1068	1075	1.0
1068	1076	1.0
1068	1077	1.0
1068	1078	1.0
43	1079	1.0
43	1080	1.0
43	1081	1.0
43	1082	1.0
43	1083	1.0
43	1084	1.0
43	1085	1.0
43	1086	1.0
43	1087	1.0
43	1088	1.0
43	1089	1.0
43	1090	1.0
43	1091	1.0
43	1092	1.0
43	1093	1.0
43	1094	1.0
43	1095	1.0
43	1096	1.0
43	1097	1.0
43	1098	1.0
43	1099	1.0
43	1100	1.0
43	1101	1.0
43	1102	1.0
43	1103	1.0
43	1104	1.0
43	1105	1.0
1105	1106	1.0
1105	1107	1.0
1105	1108	1.0
1105	1109	1.0
43	1110	1.0
43	1111	1.0
43	1112	1.0
43	1113	1.0
43	1114	1.0
43	1115	1.0
43	1116	1.0
43	1117	1.0
43	1118	1.0
43	1119	1.0
43	1120	1.0
43	1121	1.0
43	1122	1.0
43	1123	1.0
43	1124	1.0
43	1125	1.0
43	1126	1.0
43	1127	1.0
43	1128	1.0
43	1129	1.0
43	1130	1.0
43	1131	1.0
43	1132	1.0
43	1133	1.0
43	1134	1.0
43	1135	1.0
43	1136	1.0
43	1137	1.0
43	1138	1.0
43	1139	1.0
43	1140	1.0
43	1141	1.0
43	1142	1.0
43	1143	1.0
43	1144	1.0
43	1145	1.0
43	1146	1.0
43	1147	1.0
43	1148	1.0
43	1149	1.0
43	1150	1.0
43	1151	1.0
43	1152	1.0
43	1153	1.0
43	1154	1.0
43	1155	1.0
43	1156	1.0
43	1157	1.0
43	1158	1.0
43	1159	1.0
43	1160	1.0
43	1161	1.0
43	1162	1.0
43	1163	1.0
43	1164	1.0
43	1165	1.0
43	1166	1.0
43	1167	1.0
43	1168	1.0
1168	1169	1.0
1168	1170	1.0
1168	1171	1.0
1168	1172	1.0
1168	1173	1.0
1168	1174	1.0
1168	1175	1.0
1168	1176	1.0
1168	1177	1.0
1168	1178	1.0
43	1179	1.0
1179	1180	1.0
1179	1181	1.0
1179	1182	1.0
1179	1183	1.0
43	1184	1.0
43	1185	1.0
43	1186	1.0
43	1187	1.0
43	1188	1.0
43	1189	1.0
43	1190	1.0
43	1191	1.0
43	1192	1.0
43	1193	1.0
43	1194	1.0
43	1195	1.0
43	1196	1.0
43	1197	1.0
43	1198	1.0
43	1199	1.0
43	1200	1.0
43	1201	1.0
43	1202	1.0
43	1203	1.0
43	1204	1.0
43	1205	1.0
43	1206	1.0
43	1207	1.0
43	1208	1.0
43	1209	1.0
43	1210	1.0
43	1211	1.0
43	1212	1.0
43	1213	1.0
43	1214	1.0
43	1215	1.0
43	1216	1.0
43	1217	1.0
43	1218	1.0
43	1219	1.0
43	1220	1.0
43	1221	1.0
43	1222	1.0
43	1223	1.0
43	1224	1.0
43	1225	1.0
43	1226	1.0
43	1227	1.0
43	1228	1.0
43	1229	1.0
43	1230	1.0
43	1231	1.0
43	1232	1.0
43	1233	1.0
43	1234	1.0
1234	1235	1.0
1234	1236	1.0
1234	1237	1.0
1234	1238	1.0
1234	1239	1.0
1234	1240	1.0
1234	1241	1.0
1234	1242	1.0
43	1243	1.0
43	1244	1.0
43	1245	1.0
43	1246	1.0
43	1247	1.0
43	1248	1.0
43	1249	1.0
43	1250	1.0
43	1251	1.0
43	1252	1.0
43	1253	1.0
43	1254	1.0
43	1255	1.0
43	1256	1.0
43	1257	1.0
43	1258	1.0
43	1259	1.0
43	1260	1.0
43	1261	1.0
43	1262	1.0
43	1263	1.0
43	1264	1.0
43	1265	1.0
43	1266	1.0
43	1267	1.0
43	1268	1.0
43	1269	1.0
43	1270	1.0
43	1271	1.0
43	1272	1.0
43	1273	1.0
43	1274	1.0
43	1275	1.0
43	1276	1.0
43	1277	1.0
43	1278	1.0
43	1279	1.0
43	1280	1.0
43	1281	1.0
43	1282	1.0
43	1283	1.0
43	1284	1.0
43	1285	1.0
43	1286	1.0
43	1287	1.0
43	1288	1.0
43	1289	1.0
43	1290	1.0
1290	1291	1.0
1290	1292	1.0
1290	1293	1.0
1290	1294	1.0
1290	1295	1.0
1290	1296	1.0
1290	1297	1.0
1290	1298	1.0
1290	1299	1.0
1290	1300	1.0
1290	1301	1.0
1290	1302	1.0
1290	1303	1.0
1290	1304	1.0
1290	1305	1.0
1290	1306	1.0
43	1307	1.0
43	1308	1.0
43	1309	1.0
43	1310	1.0
43	1311	1.0
43	1312	1.0
43	1313	1.0
43	1314	1.0
43	1315	1.0
43	1316	1.0
43	1317	1.0
43	1318	1.0
43	1319	1.0
43	1320	1.0
43	1321	1.0
43	1322	1.0
43	1323	1.0
43	1324	1.0
43	1325	1.0
43	1326	1.0
43	1327	1.0
43	1328	1.0
43	1329	1.0
43	1330	1.0
43	1331	1.0
43	1332	1.0
43	1333	1.0
43	1334	1.0
43	1335	1.0
43	1336	1.0
43	1337	1.0
43	1338	1.0
43	1339	1.0
43	1340	1.0
43	1341	1.0
43	1342	1.0
43	1343	1.0
43	1344	1.0
43	1345	1.0
43	1346	1.0
43	1347	1.0
43	1348	1.0
43	1349	1.0
43	1350	1.0
43	1351	1.0
43	1352	1.0
43	1353	1.0
43	1354	1.0
43	1355	1.0
43	1356	1.0
43	1357	1.0
43	1358	1.0
43	1359	1.0
43	1360	1.0
43	1361	1.0
43	1362	1.0
43	1363	1.0
43	1364	1.0
43	1365	1.0
43	1366	1.0
43	1367	1.0
43	1368	1.0
43	1369	1.0
43	1370	1.0
43	1371	1.0
43	1372	1.0
43	1373	1.0
43	1374	1.0
43	1375	1.0
43	1376	1.0
43	1377	1.0
43	1378	1.0
43	1379	1.0
43	1380	1.0
43	1381	1.0
43	1382	1.0
43	1383	1.0
43	1384	1.0
43	1385	1.0
43	1386	1.0
43	1387	1.0
1387	1388	1.0
1387	1389	1.0
1387	1390	1.0
1387	1391	1.0
1387	1392	1.0
1387	1393	1.0
1387	1394	1.0
1387	1395	1.0
1387	1396	1.0
1387	1397	1.0
1387	1398	1.0
1387	1399	1.0
1387	1400	1.0
1387	1401	1.0
1387	1402	1.0
1387	1403	1.0
1387	1404	1.0
1387	1405	1.0
1387	1406	1.0
1387	1407	1.0
1387	1408	1.0
1387	1409	1.0
1387	1410	1.0
1387	1411	1.0
1387	1412	1.0
1387	1413	1.0
1387	1414	1.0
43	1415	1.0
43	1416	1.0
43	1417	1.0
43	1418	1.0
43	1419	1.0
43	1420	1.0
43	1421	1.0
43	1422	1.0
43	1423	1.0
43	1424	1.0
43	1425	1.0
43	1426	1.0
43	1427	1.0
43	1428	1.0
43	1429	1.0
43	1430	1.0
43	1431	1.0
43	1432	1.0
43	1433	1.0
43	1434	1.0
43	1435	1.0
43	1436	1.0
43	1437	1.0
43	1438	1.0
43	1439	1.0
43	1440	1.0
43	1441	1.0
43	1442	1.0
43	1443	1.0
43	1444	1.0
43	1445	1.0
43	1446	1.0
43	1447	1.0
43	1448	1.0
43	1449	1.0
43	1450	1.0
43	1451	1.0
43	1452	1.0
43	1453	1.0
43	1454	1.0
43	1455	1.0
43	1456	1.0
43	1457	1.0
43	1458	1.0
43	1459	1.0
43	1460	1.0
43	1461	1.0
43	1462	1.0
43	1463	1.0
43	1464	1.0
43	1465	1.0
43	1466	1.0
43	1467	1.0
43	1468	1.0
43	1469	1.0
43	1470	1.0
43	1471	1.0
43	1472	1.0
43	1473	1.0
43	1474	1.0
43	1475	1.0
43	1476	1.0
43	1477	1.0
43	1478	1.0
43	1479	1.0
43	1480	1.0
43	1481	1.0
43	1482	1.0
43	1483	1.0
43	1484	1.0
43	1485	1.0
43	1486	1.0
43	1487	1.0
43	1488	1.0
43	1489	1.0
43	1490	1.0
43	1491	1.0
43	1492	1.0
43	1493	1.0
43	1494	1.0
43	1495	1.0
43	1496	1.0
43	1497	1.0
43	1498	1.0
1498	1499	1.0
1498	1500	1.0
1498	1501	1.0
1498	1502	1.0
1498	1503	1.0
1498	1504	1.0
1498	1505	1.0
1498	1506	1.0
1498	1507	1.0
1498	1508	1.0
1498	1509	1.0
1498	1510	1.0
1498	1511	1.0
1498	1512	1.0
1498	1513	1.0
1498	1514	1.0
1498	1515	1.0
1498	1516	1.0
1498	1517	1.0
1498	1518	1.0
1498	1519	1.0
1498	1520	1.0
1498	1521	1.0
1498	1522	1.0
1498	1523	1.0
1498	1524	1.0
43	1525	1.0
43	1526	1.0
43	1527	1.0
43	1528	1.0
43	1529	1.0
43	1530	1.0
1530	1531	1.0
1530	1532	1.0
1530	1533	1.0
1530	1534	1.0
1530	1535	1.0
43	1536	1.0
43	1537	1.0
43	1538	1.0
43	1539	1.0
43	1540	1.0
43	1541	1.0
43	1542	1.0
43	1543	1.0
43	1544	1.0
43	1545	1.0
43	1546	1.0
43	1547	1.0
43	1548	1.0
43	1549	1.0
43	1550	1.0
43	1551	1.0
43	1552	1.0
43	1553	1.0
43	1554	1.0
43	1555	1.0
43	1556	1.0
43	1557	1.0
43	1558	1.0
43	1559	1.0
43	1560	1.0
43	1561	1.0
43	1562	1.0
43	1563	1.0
43	1564	1.0
43	1565	1.0
43	1566	1.0
43	1567	1.0
1567	1568	1.0
1567	1569	1.0
1567	1570	1.0
1567	1571	1.0
1567	1572	1.0
1567	1573	1.0
1567	1574	1.0
1567	1575	1.0
43	1576	1.0
43	1577	1.0
43	1578	1.0
43	1579	1.0
43	1580	1.0
43	1581	1.0
43	1582	1.0
43	1583	1.0
43	1584	1.0
43	1585	1.0
43	1586	1.0
43	1587	1.0
43	1588	1.0
43	1589	1.0
43	1590	1.0
43	1591	1.0
43	1592	1.0
43	1593	1.0
43	1594	1.0
43	1595	1.0
43	1596	1.0
43	1597	1.0
43	1598	1.0
43	1599	1.0
43	1600	1.0
43	1601	1.0
43	1602	1.0
43	1603	1.0
43	1604	1.0
43	1605	1.0
43	1606	1.0
43	1607	1.0
43	1608	1.0
43	1609	1.0
43	1610	1.0
43	1611	1.0
43	1612	1.0
43	1613	1.0
43	1614	1.0
43	1615	1.0
43	1616	1.0
43	1617	1.0
43	1618	1.0
43	1619	1.0
43	1620	1.0
43	1621	1.0
43	1622	1.0
43	1623	1.0
43	1624	1.0
43	1625	1.0
43	1626	1.0
43	1627	1.0
43	1628	1.0
43	1629	1.0
43	1630	1.0
43	1631	1.0
43	1632	1.0
43	1633	1.0
43	1634	1.0
43	1635	1.0
43	1636	1.0
43	1637	1.0
43	1638	1.0
43	1639	1.0
43	1640	1.0
43	1641	1.0
43	1642	1.0
43	1643	1.0
43	1644	1.0
43	1645	1.0
43	1646	1.0
43	1647	1.0
43	1648	1.0
43	1649	1.0
43	1650	1.0
43	1651	1.0
43	1652	1.0
43	1653	1.0
43	1654	1.0
43	1655	1.0
43	1656	1.0
43	1657	1.0
43	1658	1.0
43	1659	1.0
43	1660	1.0
43	1661	1.0
43	1662	1.0
43	1663	1.0
43	1664	1.0
43	1665	1.0
43	1666	1.0
43	1667	1.0
43	1668	1.0
43	1669	1.0
43	1670	1.0
43	1671	1.0
43	1672	1.0
43	1673	1.0
43	1674	1.0
43	1675	1.0
43	1676	1.0
43	1677	1.0
43	1678	1.0
43	1679	1.0
43	1680	1.0
43	1681	1.0
43	1682	1.0
43	1683	1.0
43	1684	1.0
43	1685	1.0
43	1686	1.0
43	1687	1.0
43	1688	1.0
43	1689	1.0
43	1690	1.0
43	1691	1.0
43	1692	1.0
43	1693	1.0
43	1694	1.0
43	1695	1.0
43	1696	1.0
43	1697	1.0
43	1698	1.0
43	1699	1.0
43	1700	1.0
43	1701	1.0
43	1702	1.0
43	1703	1.0
43	1704	1.0
43	1705	1.0
43	1706	1.0
43	1707	1.0
43	1708	1.0
43	1709	1.0
43	1710	1.0
43	1711	1.0
43	1712	1.0
43	1713	1.0
43	1714	1.0
43	1715	1.0
43	1716	1.0
43	1717	1.0
43	1718	1.0
43	1719	1.0
43	1720	1.0
43	1721	1.0
43	1722	1.0
43	1723	1.0
43	1724	1.0
43	1725	1.0
43	1726	1.0
43	1727	1.0
43	1728	1.0
43	1729	1.0
43	1730	1.0
43	1731	1.0
43	1732	1.0
43	1733	1.0
43	1734	1.0
43	1735	1.0
43	1736	1.0
43	1737	1.0
43	1738	1.0
43	1739	1.0
43	1740	1.0
43	1741	1.0
43	1742	1.0
43	1743	1.0
43	1744	1.0
43	1745	1.0
43	1746	1.0
43	1747	1.0
43	1748	1.0
1748	1749	1.0
1748	1750	1.0
1748	1751	1.0
1748	1752	1.0
43	1753	1.0
43	1754	1.0
43	1755	1.0
43	1756	1.0
43	1757	1.0
43	1758	1.0
43	1759	1.0
43	1760	1.0
43	1761	1.0
43	1762	1.0
43	1763	1.0
43	1764	1.0
43	1765	1.0
43	1766	1.0
43	1767	1.0
43	1768	1.0
43	1769	1.0
43	1770	1.0
43	1771	1.0
43	1772	1.0
43	1773	1.0
43	1774	1.0
43	1775	1.0
43	1776	1.0
43	1777	1.0
43	1778	1.0
43	1779	1.0
43	1780	1.0
43	1781	1.0
43	1782	1.0
43	1783	1.0
43	1784	1.0
43	1785	1.0
43	1786	1.0
43	1787	1.0
43	1788	1.0
43	1789	1.0
43	1790	1.0
43	1791	1.0
43	1792	1.0
43	1793	1.0
43	1794	1.0
43	1795	1.0
43	1796	1.0
43	1797	1.0
43	1798	1.0
43	1799	1.0
43	1800	1.0
43	1801	1.0
43	1802	1.0
43	1803	1.0
43	1804	1.0
43	1805	1.0
43	1806	1.0
43	1807	1.0
43	1808	1.0
43	1809	1.0
43	1810	1.0
43	1811	1.0
43	1812	1.0
43	1813	1.0
43	1814	1.0
43	1815	1.0
43	1816	1.0
43	1817	1.0
43	1818	1.0
43	1819	1.0
43	1820	1.0
43	1821	1.0
43	1822	1.0
43	1823	1.0
43	1824	1.0
43	1825	1.0
43	1826	1.0
43	1827	1.0
43	1828	1.0
43	1829	1.0
43	1830	1.0
43	1831	1.0
43	1832	1.0
43	1833	1.0
43	1834	1.0
43	1835	1.0
43	1836	1.0
43	1837	1.0
43	1838	1.0
43	1839	1.0
43	1840	1.0
43	1841	1.0
43	1842	1.0
43	1843	1.0
43	1844	1.0
43	1845	1.0
43	1846	1.0
43	1847	1.0
43	1848	1.0
43	1849	1.0
43	1850	1.0
43	1851	1.0
43	1852	1.0
43	1853	1.0
43	1854	1.0
43	1855	1.0
43	1856	1.0
43	1857	1.0
43	1858	1.0
43	1859	1.0
43	1860	1.0
43	1861	1.0
43	1862	1.0
43	1863	1.0
43	1864	1.0
43	1865	1.0
43	1866	1.0
43	1867	1.0
43	1868	1.0
43	1869	1.0
43	1870	1.0
43	1871	1.0
43	1872	1.0
43	1873	1.0
43	1874	1.0
43	1875	1.0
43	1876	1.0
43	1877	1.0
43	1878	1.0
43	1879	1.0
43	1880	1.0
43	1881	1.0
43	1882	1.0
43	1883	1.0
43	1884	1.0
43	1885	1.0
43	1886	1.0
43	1887	1.0
43	1888	1.0
43	1889	1.0
43	1890	1.0
43	1891	1.0
43	1892	1.0
43	1893	1.0
43	1894	1.0
43	1895	1.0
43	1896	1.0
43	1897	1.0
43	1898	1.0
43	1899	1.0
43	1900	1.0
43	1901	1.0
43	1902	1.0
43	1903	1.0
43	1904	1.0
43	1905	1.0
43	1906	1.0
43	1907	1.0
43	1908	1.0
1908	1909	1.0
1908	1910	1.0
1908	1911	1.0
1908	1912	1.0
1908	1913	1.0
1908	1914	1.0
43	1915	1.0
43	1916	1.0
43	1917	1.0
43	1918	1.0
43	1919	1.0
43	1920	1.0
43	1921	1.0
43	1922	1.0
43	1923	1.0
43	1924	1.0
43	1925	1.0
43	1926	1.0
43	1927	1.0
43	1928	1.0
43	1929	1.0
43	1930	1.0
43	1931	1.0
1931	1932	1.0
1931	1933	1.0
1931	1934	1.0
1931	1935	1.0
1931	1936	1.0
1931	1937	1.0
1931	1938	1.0
43	1939	1.0
43	1940	1.0
43	1941	1.0
43	1942	1.0
43	1943	1.0
43	1944	1.0
43	1945	1.0
43	1946	1.0
43	1947	1.0
43	1948	1.0
43	1949	1.0
43	1950	1.0
43	1951	1.0
43	1952	1.0
43	1953	1.0
43	1954	1.0
43	1955	1.0
43	1956	1.0
43	1957	1.0
43	1958	1.0
43	1959	1.0
43	1960	1.0
43	1961	1.0
43	1962	1.0
43	1963	1.0
43	1964	1.0
43	1965	1.0
43	1966	1.0
43	1967	1.0
43	1968	1.0
43	1969	1.0
43	1970	1.0
43	1971	1.0
43	1972	1.0
43	1973	1.0
43	1974	1.0
43	1975	1.0
43	1976	1.0
43	1977	1.0
43	1978	1.0
43	1979	1.0
43	1980	1.0
43	1981	1.0
43	1982	1.0
43	1983	1.0
43	1984	1.0
43	1985	1.0
43	1986	1.0
43	1987	1.0
43	1988	1.0
43	1989	1.0
43	1990	1.0
43	1991	1.0
43	1992	1.0
43	1993	1.0
43	1994	1.0
43	1995	1.0
43	1996	1.0
43	1997	1.0
43	1998	1.0
43	1999	1.0
43	2000	1.0
43	2001	1.0
43	2002	1.0
43	2003	1.0
43	2004	1.0
43	2005	1.0
43	2006	1.0
43	2007	1.0
43	2008	1.0
43	2009	1.0
43	2010	1.0
43	2011	1.0
43	2012	1.0
43	2013	1.0
26	2014	1.0
26	2015	1.0
26	2016	1.0
26	2017	1.0
26	2018	1.0
26	2019	1.0
26	2020	1.0
26	2021	1.0
26	2022	1.0
26	2023	1.0
26	2024	1.0
26	2025	1.0
26	2026	1.0
18	2027	1.0
17	2028	1.0
17	2029	1.0
4	2030	1.0
4	2031	1.0
4	2032	1.0
