0	1	1.0
0	2	1.0
0	3	1.0
3	4	1.0
4	5	1.0
4	6	1.0
6	7	1.0
6	8	1.0
8	9	1.0
8	10	1.0
8	11	1.0
8	12	1.0
8	13	1.0
13	14	1.0
13	15	1.0
13	16	1.0
13	17	1.0
13	18	1.0
13	19	1.0
13	20	1.0
13	21	1.0
13	22	1.0
13	23	1.0
13	24	1.0
13	25	1.0
13	26	1.0
13	27	1.0
13	28	1.0
13	29	1.0
13	30	1.0
13	31	1.0
13	32	1.0
13	33	1.0
13	34	1.0
13	35	1.0
13	36	1.0
13	37	1.0
13	38	1.0
13	39	1.0
13	40	1.0
13	41	1.0
13	42	1.0
13	43	1.0
13	44	1.0
13	45	1.0
13	46	1.0
13	47	1.0
13	48	1.0
13	49	1.0
49	50	1.0
49	51	1.0
49	52	1.0
49	53	1.0
49	54	1.0
49	55	1.0
49	56	1.0
49	57	1.0
57	58	1.0
57	59	1.0
57	60	1.0
57	61	1.0
57	62	1.0
57	63	1.0
57	64	1.0
57	65	1.0
57	66	1.0
57	67	1.0
57	68	1.0
57	69	1.0
57	70	1.0
57	71	1.0
57	72	1.0
57	73	1.0
57	74	1.0
57	75	1.0
57	76	1.0
57	77	1.0
57	78	1.0
57	79	1.0
57	80	1.0
57	81	1.0
57	82	1.0
57	83	1.0
57	84	1.0
57	85	1.0
57	86	1.0
57	87	1.0
57	88	1.0
57	89	1.0
57	90	1.0
57	91	1.0
91	92	1.0
91	93	1.0
91	94	1.0
91	95	1.0
91	96	1.0
91	97	1.0
91	98	1.0
91	99	1.0
91	100	1.0
91	101	1.0
91	102	1.0
91	103	1.0
91	104	1.0
91	105	1.0
91	106	1.0
91	107	1.0
91	108	1.0
91	109	1.0
109	110	1.0
109	111	1.0
109	112	1.0
109	113	1.0
109	114	1.0
91	115	1.0
91	116	1.0
91	117	1.0
57	118	1.0
57	119	1.0
57	120	1.0
57	121	1.0
57	122	1.0
57	123	1.0
57	124	1.0
57	125	1.0
57	126	1.0
57	127	1.0
57	128	1.0
57	129	1.0
57	130	1.0
57	131	1.0
131	132	1.0
131	133	1.0
133	134	1.0
133	135	1.0
133	136	1.0
133	137	1.0
133	138	1.0
133	139	1.0
133	140	1.0
133	141	1.0
133	142	1.0
133	143	1.0
133	144	1.0
133	145	1.0
133	146	1.0
133	147	1.0
133	148	1.0
131	149	1.0
131	150	1.0
131	151	1.0
131	152	1.0
131	153	1.0
131	154	1.0
131	155	1.0
131	156	1.0
131	157	1.0
57	158	1.0
57	159	1.0
57	160	1.0
57	161	1.0
57	162	1.0
57	163	1.0
57	164	1.0
57	165	1.0
57	166	1.0
57	167	1.0
57	168	1.0
57	169	1.0
57	170	1.0
57	171	1.0
57	172	1.0
57	173	1.0
57	174	1.0
57	175	1.0
57	176	1.0
57	177	1.0
57	178	1.0
57	179	1.0
57	180	1.0
57	181	1.0
57	182	1.0
57	183	1.0
57	184	1.0
57	185	1.0
57	186	1.0
57	187	1.0
57	188	1.0
57	189	1.0
57	190	1.0
57	191	1.0
57	192	1.0
57	193	1.0
57	194	1.0
57	195	1.0
57	196	1.0
57	197	1.0
57	198	1.0
57	199	1.0
57	200	1.0
57	201	1.0
57	202	1.0
57	203	1.0
57	204	1.0
57	205	1.0
57	206	1.0
57	207	1.0
57	208	1.0
57	209	1.0
57	210	1.0
57	211	1.0
57	212	1.0
57	213	1.0
57	214	1.0
57	215	1.0
57	216	1.0
57	217	1.0
57	218	1.0
57	219	1.0
57	220	1.0
57	221	1.0
57	222	1.0
57	223	1.0
57	224	1.0
57	225	1.0
57	226	1.0
57	227	1.0
57	228	1.0
57	229	1.0
57	230	1.0
57	231	1.0
57	232	1.0
57	233	1.0
57	234	1.0
57	235	1.0
57	236	1.0
57	237	1.0
57	238	1.0
57	239	1.0
57	240	1.0
240	241	1.0
240	242	1.0
240	243	1.0
240	244	1.0
57	245	1.0
57	246	1.0
57	247	1.0
57	248	1.0
57	249	1.0
57	250	1.0
57	251	1.0
57	252	1.0
57	253	1.0
57	254	1.0
57	255	1.0
57	256	1.0
57	257	1.0
57	258	1.0
57	259	1.0
57	260	1.0
57	261	1.0
57	262	1.0
57	263	1.0
57	264	1.0
57	265	1.0
57	266	1.0
57	267	1.0
57	268	1.0
57	269	1.0
57	270	1.0
57	271	1.0
57	272	1.0
57	273	1.0
57	274	1.0
57	275	1.0
57	276	1.0
57	277	1.0
57	278	1.0
57	279	1.0
57	280	1.0
57	281	1.0
57	282	1.0
57	283	1.0
57	284	1.0
57	285	1.0
57	286	1.0
57	287	1.0
57	288	1.0
288	289	1.0
288	290	1.0
288	291	1.0
288	292	1.0
288	293	1.0
288	294	1.0
288	295	1.0
288	296	1.0
288	297	1.0
57	298	1.0
57	299	1.0
57	300	1.0
57	301	1.0
57	302	1.0
57	303	1.0
57	304	1.0
57	305	1.0
57	306	1.0
57	307	1.0
57	308	1.0
57	309	1.0
57	310	1.0
57	311	1.0
57	312	1.0
57	313	1.0
57	314	1.0
57	315	1.0
57	316	1.0
57	317	1.0
57	318	1.0
57	319	1.0
57	320	1.0
57	321	1.0
57	322	1.0
57	323	1.0
57	324	1.0
57	325	1.0
57	326	1.0
57	327	1.0
57	328	1.0
57	329	1.0
57	330	1.0
57	331	1.0
57	332	1.0
57	333	1.0
57	334	1.0
57	335	1.0
57	336	1.0
57	337	1.0
57	338	1.0
57	339	1.0
57	340	1.0
57	341	1.0
57	342	1.0
57	343	1.0
57	344	1.0
57	345	1.0
57	346	1.0
57	347	1.0
57	348	1.0
57	349	1.0
57	350	1.0
57	351	1.0
57	352	1.0
57	353	1.0
57	354	1.0
57	355	1.0
57	356	1.0
57	357	1.0
57	358	1.0
57	359	1.0
57	360	1.0
57	361	1.0
57	362	1.0
57	363	1.0
57	364	1.0
57	365	1.0
57	366	1.0
57	367	1.0
57	368	1.0
57	369	1.0
57	370	1.0
57	371	1.0
57	372	1.0
57	373	1.0
57	374	1.0
57	375	1.0
57	376	1.0
57	377	1.0
57	378	1.0
57	379	1.0
57	380	1.0
57	381	1.0
57	382	1.0
57	383	1.0
57	384	1.0
57	385	1.0
57	386	1.0
57	387	1.0
57	388	1.0
57	389	1.0
57	390	1.0
57	391	1.0
57	392	1.0
57	393	1.0
57	394	1.0
57	395	1.0
57	396	1.0
57	397	1.0
57	398	1.0
57	399	1.0
57	400	1.0
57	401	1.0
57	402	1.0
57	403	1.0
57	404	1.0
57	405	1.0
57	406	1.0
57	407	1.0
57	408	1.0
57	409	1.0
57	410	1.0
57	411	1.0
57	412	1.0
57	413	1.0
57	414	1.0
57	415	1.0
57	416	1.0
57	417	1.0
57	418	1.0
57	419	1.0
57	420	1.0
57	421	1.0
57	422	1.0
57	423	1.0
57	424	1.0
57	425	1.0
57	426	1.0
57	427	1.0
57	428	1.0
57	429	1.0
57	430	1.0
57	431	1.0
57	432	1.0
57	433	1.0
57	434	1.0
57	435	1.0
57	436	1.0
57	437	1.0
57	438	1.0
57	439	1.0
57	440	1.0
57	441	1.0
57	442	1.0
57	443	1.0
57	444	1.0
57	445	1.0
57	446	1.0
57	447	1.0
57	448	1.0
57	449	1.0
57	450	1.0
57	451	1.0
57	452	1.0
57	453	1.0
57	454	1.0
57	455	1.0
57	456	1.0
57	457	1.0
57	458	1.0
57	459	1.0
57	460	1.0
57	461	1.0
57	462	1.0
57	463	1.0
57	464	1.0
57	465	1.0
57	466	1.0
57	467	1.0
57	468	1.0
57	469	1.0
57	470	1.0
57	471	1.0
57	472	1.0
57	473	1.0
57	474	1.0
57	475	1.0
475	476	1.0
475	477	1.0
475	478	1.0
475	479	1.0
475	480	1.0
475	481	1.0
57	482	1.0
57	483	1.0
57	484	1.0
57	485	1.0
57	486	1.0
57	487	1.0
57	488	1.0
57	489	1.0
57	490	1.0
57	491	1.0
57	492	1.0
57	493	1.0
57	494	1.0
57	495	1.0
57	496	1.0
57	497	1.0
57	498	1.0
57	499	1.0
57	500	1.0
57	501	1.0
57	502	1.0
57	503	1.0
57	504	1.0
57	505	1.0
57	506	1.0
57	507	1.0
57	508	1.0
57	509	1.0
57	510	1.0
57	511	1.0
57	512	1.0
512	513	1.0
513	514	1.0
513	515	1.0
515	516	1.0
515	517	1.0
515	518	1.0
515	519	1.0
515	520	1.0
515	521	1.0
515	522	1.0
512	523	1.0
512	524	1.0
512	525	1.0
512	526	1.0
57	527	1.0
57	528	1.0
57	529	1.0
57	530	1.0
57	531	1.0
57	532	1.0
57	533	1.0
57	534	1.0
57	535	1.0
57	536	1.0
57	537	1.0
57	538	1.0
57	539	1.0
57	540	1.0
57	541	1.0
57	542	1.0
57	543	1.0
543	544	1.0
543	545	1.0
543	546	1.0
543	547	1.0
57	548	1.0
57	549	1.0
57	550	1.0
57	551	1.0
57	552	1.0
57	553	1.0
57	554	1.0
57	555	1.0
57	556	1.0
57	557	1.0
57	558	1.0
57	559	1.0
57	560	1.0
57	561	1.0
57	562	1.0
57	563	1.0
57	564	1.0
57	565	1.0
57	566	1.0
57	567	1.0
57	568	1.0
57	569	1.0
57	570	1.0
57	571	1.0
57	572	1.0
57	573	1.0
57	574	1.0
57	575	1.0
57	576	1.0
57	577	1.0
57	578	1.0
57	579	1.0
57	580	1.0
57	581	1.0
57	582	1.0
57	583	1.0
57	584	1.0
57	585	1.0
57	586	1.0
57	587	1.0
57	588	1.0
57	589	1.0
57	590	1.0
57	591	1.0
57	592	1.0
57	593	1.0
57	594	1.0
57	595	1.0
57	596	1.0
57	597	1.0
57	598	1.0
57	599	1.0
57	600	1.0
57	601	1.0
57	602	1.0
57	603	1.0
57	604	1.0
57	605	1.0
57	606	1.0
57	607	1.0
57	608	1.0
57	609	1.0
57	610	1.0
57	611	1.0
57	612	1.0
57	613	1.0
57	614	1.0
57	615	1.0
57	616	1.0
57	617	1.0
57	618	1.0
57	619	1.0
57	620	1.0
57	621	1.0
57	622	1.0
57	623	1.0
57	624	1.0
57	625	1.0
57	626	1.0
57	627	1.0
57	628	1.0
57	629	1.0
57	630	1.0
57	631	1.0
57	632	1.0
57	633	1.0
57	634	1.0
57	635	1.0
57	636	1.0
57	637	1.0
57	638	1.0
57	639	1.0
57	640	1.0
57	641	1.0
57	642	1.0
57	643	1.0
57	644	1.0
57	645	1.0
57	646	1.0
57	647	1.0
57	648	1.0
57	649	1.0
57	650	1.0
57	651	1.0
57	652	1.0
57	653	1.0
57	654	1.0
57	655	1.0
57	656	1.0
57	657	1.0
57	658	1.0
57	659	1.0
57	660	1.0
57	661	1.0
57	662	1.0
57	663	1.0
57	664	1.0
57	665	1.0
57	666	1.0
57	667	1.0
57	668	1.0
57	669	1.0
57	670	1.0
57	671	1.0
57	672	1.0
57	673	1.0
57	674	1.0
57	675	1.0
57	676	1.0
57	677	1.0
57	678	1.0
57	679	1.0
57	680	1.0
57	681	1.0
57	682	1.0
57	683	1.0
57	684	1.0
57	685	1.0
57	686	1.0
57	687	1.0
687	688	1.0
687	689	1.0
687	690	1.0
687	691	1.0
687	692	1.0
687	693	1.0
687	694	1.0
687	695	1.0
687	696	1.0
687	697	1.0
687	698	1.0
687	699	1.0
687	700	1.0
57	701	1.0
57	702	1.0
57	703	1.0
57	704	1.0
57	705	1.0
57	706	1.0
57	707	1.0
57	708	1.0
57	709	1.0
57	710	1.0
57	711	1.0
57	712	1.0
57	713	1.0
57	714	1.0
57	715	1.0
57	716	1.0
57	717	1.0
717	718	1.0
717	719	1.0
717	720	1.0
717	721	1.0
717	722	1.0
717	723	1.0
717	724	1.0
717	725	1.0
57	726	1.0
57	727	1.0
727	728	1.0
727	729	1.0
727	730	1.0
727	731	1.0
727	732	1.0
727	733	1.0
727	734	1.0
727	735	1.0
727	736	1.0
727	737	1.0
57	738	1.0
57	739	1.0
57	740	1.0
57	741	1.0
57	742	1.0
57	743	1.0
57	744	1.0
57	745	1.0
57	746	1.0
57	747	1.0
57	748	1.0
57	749	1.0
57	750	1.0
57	751	1.0
57	752	1.0
57	753	1.0
57	754	1.0
57	755	1.0
57	756	1.0
57	757	1.0
57	758	1.0
57	759	1.0
57	760	1.0
57	761	1.0
57	762	1.0
57	763	1.0
57	764	1.0
57	765	1.0
57	766	1.0
57	767	1.0
57	768	1.0
57	769	1.0
57	770	1.0
57	771	1.0
57	772	1.0
57	773	1.0
57	774	1.0
57	775	1.0
57	776	1.0
57	777	1.0
57	778	1.0
57	779	1.0
57	780	1.0
57	781	1.0
57	782	1.0
57	783	1.0
57	784	1.0
57	785	1.0
57	786	1.0
57	787	1.0
57	788	1.0
57	789	1.0
57	790	1.0
57	791	1.0
57	792	1.0
57	793	1.0
793	794	1.0
793	795	1.0
793	796	1.0
793	797	1.0
793	798	1.0
57	799	1.0
799	800	1.0
799	801	1.0
799	802	1.0
799	803	1.0
57	804	1.0
57	805	1.0
57	806	1.0
57	807	1.0
57	808	1.0
57	809	1.0
57	810	1.0
57	811	1.0
57	812	1.0
57	813	1.0
813	814	1.0
813	815	1.0
813	816	1.0
813	817	1.0
57	818	1.0
57	819	1.0
57	820	1.0
57	821	1.0
57	822	1.0
57	823	1.0
57	824	1.0
57	825	1.0
57	826	1.0
57	827	1.0
57	828	1.0
57	829	1.0
57	830	1.0
57	831	1.0
57	832	1.0
57	833	1.0
57	834	1.0
57	835	1.0
57	836	1.0
57	837	1.0
57	838	1.0
57	839	1.0
57	840	1.0
57	841	1.0
57	842	1.0
57	843	1.0
57	844	1.0
57	845	1.0
57	846	1.0
57	847	1.0
57	848	1.0
57	849	1.0
57	850	1.0
57	851	1.0
57	852	1.0
57	853	1.0
57	854	1.0
57	855	1.0
57	856	1.0
57	857	1.0
57	858	1.0
57	859	1.0
57	860	1.0
57	861	1.0
57	862	1.0
57	863	1.0
57	864	1.0
57	865	1.0
57	866	1.0
57	867	1.0
57	868	1.0
57	869	1.0
57	870	1.0
57	871	1.0
57	872	1.0
57	873	1.0
57	874	1.0
57	875	1.0
57	876	1.0
57	877	1.0
57	878	1.0
57	879	1.0
57	880	1.0
57	881	1.0
57	882	1.0
57	883	1.0
57	884	1.0
57	885	1.0
57	886	1.0
57	887	1.0
57	888	1.0
57	889	1.0
57	890	1.0
57	891	1.0
57	892	1.0
57	893	1.0
57	894	1.0
57	895	1.0
57	896	1.0
57	897	1.0
57	898	1.0
57	899	1.0
57	900	1.0
57	901	1.0
57	902	1.0
57	903	1.0
57	904	1.0
57	905	1.0
57	906	1.0
57	907	1.0
57	908	1.0
57	909	1.0
57	910	1.0
57	911	1.0
57	912	1.0
57	913	1.0
57	914	1.0
57	915	1.0
57	916	1.0
57	917	1.0
57	918	1.0
57	919	1.0
57	920	1.0
57	921	1.0
57	922	1.0
57	923	1.0
57	924	1.0
57	925	1.0
57	926	1.0
57	927	1.0
57	928	1.0
57	929	1.0
57	930	1.0
57	931	1.0
57	932	1.0
57	933	1.0
57	934	1.0
57	935	1.0
57	936	1.0
57	937	1.0
57	938	1.0
57	939	1.0
57	940	1.0
57	941	1.0
57	942	1.0
57	943	1.0
57	944	1.0
57	945	1.0
57	946	1.0
57	947	1.0
57	948	1.0
57	949	1.0
57	950	1.0
57	951	1.0
57	952	1.0
57	953	1.0
57	954	1.0
57	955	1.0
57	956	1.0
57	957	1.0
57	958	1.0
57	959	1.0
57	960	1.0
57	961	1.0
57	962	1.0
57	963	1.0
57	964	1.0
57	965	1.0
57	966	1.0
57	967	1.0
57	968	1.0
57	969	1.0
57	970	1.0
57	971	1.0
57	972	1.0
57	973	1.0
57	974	1.0
57	975	1.0
57	976	1.0
57	977	1.0
57	978	1.0
57	979	1.0
57	980	1.0
57	981	1.0
57	982	1.0
57	983	1.0
57	984	1.0
57	985	1.0
57	986	1.0
57	987	1.0
57	988	1.0
57	989	1.0
57	990	1.0
57	991	1.0
57	992	1.0
57	993	1.0
57	994	1.0
57	995	1.0
57	996	1.0
57	997	1.0
57	998	1.0
57	999	1.0
57	1000	1.0
57	1001	1.0
57	1002	1.0
57	1003	1.0
57	1004	1.0
57	1005	1.0
57	1006	1.0
57	1007	1.0
57	1008	1.0
57	1009	1.0
57	1010	1.0
57	1011	1.0
57	1012	1.0
57	1013	1.0
57	1014	1.0
57	1015	1.0
57	1016	1.0
57	1017	1.0
57	1018	1.0
57	1019	1.0
57	1020	1.0
57	1021	1.0
57	1022	1.0
57	1023	1.0
57	1024	1.0
57	1025	1.0
57	1026	1.0
57	1027	1.0
57	1028	1.0
57	1029	1.0
57	1030	1.0
57	1031	1.0
57	1032	1.0
57	1033	1.0
57	1034	1.0
57	1035	1.0
57	1036	1.0
57	1037	1.0
57	1038	1.0
57	1039	1.0
57	1040	1.0
57	1041	1.0
57	1042	1.0
57	1043	1.0
57	1044	1.0
57	1045	1.0
57	1046	1.0
57	1047	1.0
57	1048	1.0
57	1049	1.0
57	1050	1.0
57	1051	1.0
57	1052	1.0
57	1053	1.0
57	1054	1.0
57	1055	1.0
57	1056	1.0
57	1057	1.0
57	1058	1.0
57	1059	1.0
57	1060	1.0
57	1061	1.0
57	1062	1.0
57	1063	1.0
57	1064	1.0
57	1065	1.0
1065	1066	1.0
1065	1067	1.0
1065	1068	1.0
1065	1069	1.0
1065	1070	1.0
57	1071	1.0
57	1072	1.0
57	1073	1.0
57	1074	1.0
57	1075	1.0
57	1076	1.0
57	1077	1.0
57	1078	1.0
57	1079	1.0
57	1080	1.0
57	1081	1.0
57	1082	1.0
57	1083	1.0
57	1084	1.0
57	1085	1.0
57	1086	1.0
57	1087	1.0
57	1088	1.0
57	1089	1.0
57	1090	1.0
57	1091	1.0
57	1092	1.0
57	1093	1.0
57	1094	1.0
57	1095	1.0
57	1096	1.0
57	1097	1.0
57	1098	1.0
57	1099	1.0
57	1100	1.0
57	1101	1.0
57	1102	1.0
57	1103	1.0
57	1104	1.0
57	1105	1.0
57	1106	1.0
57	1107	1.0
57	1108	1.0
57	1109	1.0
57	1110	1.0
57	1111	1.0
57	1112	1.0
57	1113	1.0
57	1114	1.0
57	1115	1.0
57	1116	1.0
57	1117	1.0
57	1118	1.0
57	1119	1.0
57	1120	1.0
57	1121	1.0
57	1122	1.0
57	1123	1.0
57	1124	1.0
57	1125	1.0
57	1126	1.0
57	1127	1.0
57	1128	1.0
57	1129	1.0
57	1130	1.0
57	1131	1.0
57	1132	1.0
57	1133	1.0
57	1134	1.0
57	1135	1.0
57	1136	1.0
57	1137	1.0
1137	1138	1.0
1137	1139	1.0
1137	1140	1.0
1137	1141	1.0
1137	1142	1.0
1137	1143	1.0
1137	1144	1.0
1137	1145	1.0
1137	1146	1.0
1137	1147	1.0
1147	1148	1.0
1147	1149	1.0
1147	1150	1.0
1147	1151	1.0
1147	1152	1.0
1147	1153	1.0
1147	1154	1.0
1147	1155	1.0
1147	1156	1.0
1147	1157	1.0
1147	1158	1.0
1137	1159	1.0
1137	1160	1.0
57	1161	1.0
57	1162	1.0
57	1163	1.0
57	1164	1.0
57	1165	1.0
57	1166	1.0
57	1167	1.0
57	1168	1.0
57	1169	1.0
57	1170	1.0
57	1171	1.0
57	1172	1.0
57	1173	1.0
57	1174	1.0
57	1175	1.0
57	1176	1.0
57	1177	1.0
57	1178	1.0
57	1179	1.0
57	1180	1.0
57	1181	1.0
57	1182	1.0
57	1183	1.0
1183	1184	1.0
1183	1185	1.0
1183	1186	1.0
1183	1187	1.0
1183	1188	1.0
57	1189	1.0
57	1190	1.0
57	1191	1.0
57	1192	1.0
57	1193	1.0
57	1194	1.0
57	1195	1.0
57	1196	1.0
57	1197	1.0
57	1198	1.0
57	1199	1.0
57	1200	1.0
57	1201	1.0
57	1202	1.0
57	1203	1.0
57	1204	1.0
57	1205	1.0
57	1206	1.0
57	1207	1.0
57	1208	1.0
57	1209	1.0
57	1210	1.0
57	1211	1.0
57	1212	1.0
57	1213	1.0
57	1214	1.0
57	1215	1.0
57	1216	1.0
57	1217	1.0
57	1218	1.0
57	1219	1.0
57	1220	1.0
57	1221	1.0
57	1222	1.0
57	1223	1.0
57	1224	1.0
57	1225	1.0
57	1226	1.0
57	1227	1.0
57	1228	1.0
57	1229	1.0
57	1230	1.0
57	1231	1.0
57	1232	1.0
57	1233	1.0
57	1234	1.0
57	1235	1.0
57	1236	1.0
57	1237	1.0
57	1238	1.0
57	1239	1.0
57	1240	1.0
57	1241	1.0
57	1242	1.0
57	1243	1.0
57	1244	1.0
57	1245	1.0
57	1246	1.0
57	1247	1.0
57	1248	1.0
57	1249	1.0
57	1250	1.0
57	1251	1.0
57	1252	1.0
57	1253	1.0
57	1254	1.0
57	1255	1.0
57	1256	1.0
57	1257	1.0
57	1258	1.0
57	1259	1.0
57	1260	1.0
57	1261	1.0
57	1262	1.0
57	1263	1.0
57	1264	1.0
57	1265	1.0
57	1266	1.0
57	1267	1.0
57	1268	1.0
57	1269	1.0
57	1270	1.0
57	1271	1.0
57	1272	1.0
57	1273	1.0
57	1274	1.0
57	1275	1.0
57	1276	1.0
57	1277	1.0
57	1278	1.0
57	1279	1.0
57	1280	1.0
57	1281	1.0
57	1282	1.0
57	1283	1.0
57	1284	1.0
57	1285	1.0
57	1286	1.0
57	1287	1.0
57	1288	1.0
57	1289	1.0
57	1290	1.0
57	1291	1.0
57	1292	1.0
57	1293	1.0
57	1294	1.0
57	1295	1.0
57	1296	1.0
57	1297	1.0
57	1298	1.0
57	1299	1.0
57	1300	1.0
57	1301	1.0
57	1302	1.0
57	1303	1.0
57	1304	1.0
57	1305	1.0
57	1306	1.0
57	1307	1.0
57	1308	1.0
57	1309	1.0
57	1310	1.0
57	1311	1.0
57	1312	1.0
57	1313	1.0
57	1314	1.0
57	1315	1.0
57	1316	1.0
57	1317	1.0
57	1318	1.0
57	1319	1.0
57	1320	1.0
57	1321	1.0
57	1322	1.0
57	1323	1.0
57	1324	1.0
57	1325	1.0
57	1326	1.0
57	1327	1.0
57	1328	1.0
57	1329	1.0
57	1330	1.0
57	1331	1.0
57	1332	1.0
57	1333	1.0
57	1334	1.0
57	1335	1.0
57	1336	1.0
57	1337	1.0
57	1338	1.0
57	1339	1.0
57	1340	1.0
1340	1341	1.0
1340	1342	1.0
1340	1343	1.0
1340	1344	1.0
57	1345	1.0
57	1346	1.0
57	1347	1.0
57	1348	1.0
57	1349	1.0
57	1350	1.0
57	1351	1.0
57	1352	1.0
57	1353	1.0
57	1354	1.0
57	1355	1.0
57	1356	1.0
57	1357	1.0
57	1358	1.0
57	1359	1.0
57	1360	1.0
57	1361	1.0
57	1362	1.0
57	1363	1.0
57	1364	1.0
57	1365	1.0
57	1366	1.0
57	1367	1.0
57	1368	1.0
57	1369	1.0
57	1370	1.0
57	1371	1.0
57	1372	1.0
57	1373	1.0
57	1374	1.0
57	1375	1.0
57	1376	1.0
57	1377	1.0
57	1378	1.0
57	1379	1.0
57	1380	1.0
57	1381	1.0
57	1382	1.0
57	1383	1.0
57	1384	1.0
57	1385	1.0
57	1386	1.0
57	1387	1.0
57	1388	1.0
57	1389	1.0
57	1390	1.0
57	1391	1.0
57	1392	1.0
57	1393	1.0
57	1394	1.0
57	1395	1.0
57	1396	1.0
57	1397	1.0
57	1398	1.0
57	1399	1.0
57	1400	1.0
57	1401	1.0
57	1402	1.0
57	1403	1.0
57	1404	1.0
57	1405	1.0
57	1406	1.0
57	1407	1.0
57	1408	1.0
57	1409	1.0
57	1410	1.0
57	1411	1.0
57	1412	1.0
57	1413	1.0
57	1414	1.0
57	1415	1.0
57	1416	1.0
57	1417	1.0
57	1418	1.0
57	1419	1.0
57	1420	1.0
57	1421	1.0
57	1422	1.0
57	1423	1.0
57	1424	1.0
57	1425	1.0
57	1426	1.0
57	1427	1.0
57	1428	1.0
57	1429	1.0
57	1430	1.0
57	1431	1.0
57	1432	1.0
57	1433	1.0
57	1434	1.0
57	1435	1.0
57	1436	1.0
57	1437	1.0
57	1438	1.0
57	1439	1.0
57	1440	1.0
57	1441	1.0
57	1442	1.0
57	1443	1.0
57	1444	1.0
57	1445	1.0
57	1446	1.0
57	1447	1.0
57	1448	1.0
57	1449	1.0
57	1450	1.0
57	1451	1.0
57	1452	1.0
57	1453	1.0
57	1454	1.0
57	1455	1.0
57	1456	1.0
57	1457	1.0
57	1458	1.0
57	1459	1.0
57	1460	1.0
57	1461	1.0
57	1462	1.0
57	1463	1.0
57	1464	1.0
57	1465	1.0
57	1466	1.0
57	1467	1.0
57	1468	1.0
57	1469	1.0
57	1470	1.0
57	1471	1.0
57	1472	1.0
57	1473	1.0
57	1474	1.0
57	1475	1.0
57	1476	1.0
57	1477	1.0
57	1478	1.0
57	1479	1.0
57	1480	1.0
57	1481	1.0
57	1482	1.0
57	1483	1.0
57	1484	1.0
57	1485	1.0
57	1486	1.0
57	1487	1.0
57	1488	1.0
57	1489	1.0
57	1490	1.0
57	1491	1.0
57	1492	1.0
57	1493	1.0
57	1494	1.0
57	1495	1.0
57	1496	1.0
57	1497	1.0
57	1498	1.0
57	1499	1.0
57	1500	1.0
57	1501	1.0
57	1502	1.0
57	1503	1.0
57	1504	1.0
57	1505	1.0
57	1506	1.0
57	1507	1.0
57	1508	1.0
57	1509	1.0
57	1510	1.0
57	1511	1.0
57	1512	1.0
57	1513	1.0
57	1514	1.0
57	1515	1.0
57	1516	1.0
57	1517	1.0
57	1518	1.0
57	1519	1.0
57	1520	1.0
57	1521	1.0
57	1522	1.0
57	1523	1.0
57	1524	1.0
57	1525	1.0
57	1526	1.0
57	1527	1.0
57	1528	1.0
57	1529	1.0
57	1530	1.0
57	1531	1.0
57	1532	1.0
57	1533	1.0
57	1534	1.0
57	1535	1.0
57	1536	1.0
57	1537	1.0
57	1538	1.0
57	1539	1.0
57	1540	1.0
57	1541	1.0
57	1542	1.0
57	1543	1.0
57	1544	1.0
57	1545	1.0
57	1546	1.0
57	1547	1.0
57	1548	1.0
57	1549	1.0
57	1550	1.0
57	1551	1.0
57	1552	1.0
57	1553	1.0
57	1554	1.0
57	1555	1.0
57	1556	1.0
57	1557	1.0
57	1558	1.0
57	1559	1.0
57	1560	1.0
57	1561	1.0
57	1562	1.0
57	1563	1.0
57	1564	1.0
57	1565	1.0
57	1566	1.0
57	1567	1.0
57	1568	1.0
57	1569	1.0
57	1570	1.0
57	1571	1.0
57	1572	1.0
57	1573	1.0
57	1574	1.0
57	1575	1.0
57	1576	1.0
57	1577	1.0
57	1578	1.0
57	1579	1.0
57	1580	1.0
57	1581	1.0
57	1582	1.0
57	1583	1.0
57	1584	1.0
57	1585	1.0
57	1586	1.0
57	1587	1.0
57	1588	1.0
57	1589	1.0
57	1590	1.0
57	1591	1.0
57	1592	1.0
57	1593	1.0
57	1594	1.0
57	1595	1.0
57	1596	1.0
57	1597	1.0
57	1598	1.0
57	1599	1.0
57	1600	1.0
57	1601	1.0
57	1602	1.0
57	1603	1.0
57	1604	1.0
57	1605	1.0
57	1606	1.0
57	1607	1.0
57	1608	1.0
57	1609	1.0
57	1610	1.0
57	1611	1.0
57	1612	1.0
57	1613	1.0
57	1614	1.0
57	1615	1.0
57	1616	1.0
57	1617	1.0
57	1618	1.0
57	1619	1.0
57	1620	1.0
57	1621	1.0
57	1622	1.0
57	1623	1.0
57	1624	1.0
57	1625	1.0
57	1626	1.0
57	1627	1.0
57	1628	1.0
57	1629	1.0
57	1630	1.0
57	1631	1.0
57	1632	1.0
57	1633	1.0
57	1634	1.0
57	1635	1.0
1635	1636	1.0
1635	1637	1.0
1635	1638	1.0
1635	1639	1.0
1635	1640	1.0
1635	1641	1.0
57	1642	1.0
57	1643	1.0
57	1644	1.0
57	1645	1.0
57	1646	1.0
57	1647	1.0
57	1648	1.0
57	1649	1.0
57	1650	1.0
57	1651	1.0
57	1652	1.0
57	1653	1.0
57	1654	1.0
57	1655	1.0
57	1656	1.0
1656	1657	1.0
1656	1658	1.0
1656	1659	1.0
1656	1660	1.0
57	1661	1.0
57	1662	1.0
57	1663	1.0
57	1664	1.0
57	1665	1.0
57	1666	1.0
57	1667	1.0
57	1668	1.0
57	1669	1.0
57	1670	1.0
57	1671	1.0
57	1672	1.0
57	1673	1.0
57	1674	1.0
57	1675	1.0
57	1676	1.0
57	1677	1.0
57	1678	1.0
57	1679	1.0
57	1680	1.0
57	1681	1.0
57	1682	1.0
57	1683	1.0
57	1684	1.0
57	1685	1.0
57	1686	1.0
57	1687	1.0
57	1688	1.0
57	1689	1.0
57	1690	1.0
57	1691	1.0
57	1692	1.0
57	1693	1.0
57	1694	1.0
57	1695	1.0
57	1696	1.0
57	1697	1.0
57	1698	1.0
57	1699	1.0
57	1700	1.0
57	1701	1.0
57	1702	1.0
57	1703	1.0
57	1704	1.0
57	1705	1.0
57	1706	1.0
57	1707	1.0
57	1708	1.0
57	1709	1.0
57	1710	1.0
57	1711	1.0
57	1712	1.0
57	1713	1.0
57	1714	1.0
57	1715	1.0
57	1716	1.0
57	1717	1.0
1717	1718	1.0
1717	1719	1.0
1717	1720	1.0
1717	1721	1.0
1717	1722	1.0
1717	1723	1.0
1717	1724	1.0
1717	1725	1.0
1717	1726	1.0
1717	1727	1.0
1717	1728	1.0
1717	1729	1.0
1717	1730	1.0
1717	1731	1.0
1717	1732	1.0
1717	1733	1.0
1717	1734	1.0
1717	1735	1.0
1717	1736	1.0
1717	1737	1.0
1717	1738	1.0
1717	1739	1.0
1717	1740	1.0
1717	1741	1.0
1717	1742	1.0
1717	1743	1.0
1717	1744	1.0
1717	1745	1.0
1717	1746	1.0
1717	1747	1.0
1717	1748	1.0
1717	1749	1.0
1717	1750	1.0
1717	1751	1.0
1717	1752	1.0
1717	1753	1.0
1717	1754	1.0
1717	1755	1.0
1717	1756	1.0
1717	1757	1.0
1717	1758	1.0
1717	1759	1.0
1717	1760	1.0
1717	1761	1.0
1717	1762	1.0
1717	1763	1.0
1717	1764	1.0
1717	1765	1.0
1717	1766	1.0
1717	1767	1.0
1717	1768	1.0
1717	1769	1.0
1717	1770	1.0
1717	1771	1.0
1717	1772	1.0
1717	1773	1.0
1717	1774	1.0
1717	1775	1.0
1717	1776	1.0
1717	1777	1.0
1717	1778	1.0
1717	1779	1.0
1717	1780	1.0
1717	1781	1.0
1717	1782	1.0
1717	1783	1.0
1717	1784	1.0
1717	1785	1.0
1717	1786	1.0
1717	1787	1.0
1717	1788	1.0
1717	1789	1.0
1717	1790	1.0
1717	1791	1.0
1717	1792	1.0
1717	1793	1.0
1717	1794	1.0
1717	1795	1.0
1717	1796	1.0
1796	1797	1.0
1796	1798	1.0
1798	1799	1.0
1798	1800	1.0
1798	1801	1.0
1798	1802	1.0
1796	1803	1.0
1717	1804	1.0
1717	1805	1.0
1717	1806	1.0
1717	1807	1.0
1717	1808	1.0
1717	1809	1.0
1717	1810	1.0
1717	1811	1.0
1717	1812	1.0
1717	1813	1.0
1717	1814	1.0
1717	1815	1.0
1717	1816	1.0
1717	1817	1.0
1717	1818	1.0
1717	1819	1.0
1717	1820	1.0
1717	1821	1.0
1717	1822	1.0
1717	1823	1.0
1717	1824	1.0
1717	1825	1.0
1717	1826	1.0
1717	1827	1.0
1717	1828	1.0
1717	1829	1.0
1717	1830	1.0
1717	1831	1.0
1717	1832	1.0
1717	1833	1.0
1717	1834	1.0
1717	1835	1.0
1717	1836	1.0
1717	1837	1.0
1717	1838	1.0
1717	1839	1.0
1717	1840	1.0
1717	1841	1.0
1717	1842	1.0
1717	1843	1.0
1717	1844	1.0
1717	1845	1.0
57	1846	1.0
57	1847	1.0
57	1848	1.0
57	1849	1.0
57	1850	1.0
57	1851	1.0
57	1852	1.0
57	1853	1.0
57	1854	1.0
57	1855	1.0
57	1856	1.0
57	1857	1.0
57	1858	1.0
57	1859	1.0
57	1860	1.0
57	1861	1.0
57	1862	1.0
57	1863	1.0
57	1864	1.0
57	1865	1.0
57	1866	1.0
57	1867	1.0
57	1868	1.0
57	1869	1.0
57	1870	1.0
57	1871	1.0
57	1872	1.0
57	1873	1.0
57	1874	1.0
57	1875	1.0
57	1876	1.0
57	1877	1.0
57	1878	1.0
57	1879	1.0
57	1880	1.0
57	1881	1.0
57	1882	1.0
57	1883	1.0
57	1884	1.0
57	1885	1.0
57	1886	1.0
57	1887	1.0
57	1888	1.0
57	1889	1.0
57	1890	1.0
57	1891	1.0
57	1892	1.0
57	1893	1.0
1893	1894	1.0
1893	1895	1.0
1893	1896	1.0
1893	1897	1.0
1893	1898	1.0
1893	1899	1.0
1893	1900	1.0
1893	1901	1.0
1893	1902	1.0
1893	1903	1.0
1893	1904	1.0
57	1905	1.0
57	1906	1.0
57	1907	1.0
57	1908	1.0
57	1909	1.0
57	1910	1.0
57	1911	1.0
57	1912	1.0
1912	1913	1.0
1912	1914	1.0
1912	1915	1.0
1912	1916	1.0
1912	1917	1.0
1917	1918	1.0
1917	1919	1.0
1917	1920	1.0
1917	1921	1.0
1912	1922	1.0
57	1923	1.0
57	1924	1.0
57	1925	1.0
57	1926	1.0
57	1927	1.0
57	1928	1.0
57	1929	1.0
57	1930	1.0
57	1931	1.0
57	1932	1.0
57	1933	1.0
57	1934	1.0
57	1935	1.0
57	1936	1.0
57	1937	1.0
57	1938	1.0
57	1939	1.0
57	1940	1.0
57	1941	1.0
57	1942	1.0
57	1943	1.0
57	1944	1.0
57	1945	1.0
57	1946	1.0
57	1947	1.0
1947	1948	1.0
1947	1949	1.0
1947	1950	1.0
1947	1951	1.0
1947	1952	1.0
1947	1953	1.0
1947	1954	1.0
1947	1955	1.0
1947	1956	1.0
1956	1957	1.0
1956	1958	1.0
1956	1959	1.0
1956	1960	1.0
1956	1961	1.0
1956	1962	1.0
1956	1963	1.0
1947	1964	1.0
1947	1965	1.0
1947	1966	1.0
1947	1967	1.0
1947	1968	1.0
1947	1969	1.0
1947	1970	1.0
1947	1971	1.0
1947	1972	1.0
1947	1973	1.0
1947	1974	1.0
1947	1975	1.0
1947	1976	1.0
1947	1977	1.0
1947	1978	1.0
1947	1979	1.0
1947	1980	1.0
1947	1981	1.0
1947	1982	1.0
1947	1983	1.0
1947	1984	1.0
1984	1985	1.0
1984	1986	1.0
1984	1987	1.0
1984	1988	1.0
1947	1989	1.0
1947	1990	1.0
1947	1991	1.0
1947	1992	1.0
1947	1993	1.0
1947	1994	1.0
1947	1995	1.0
1947	1996	1.0
1947	1997	1.0
1947	1998	1.0
1947	1999	1.0
1947	2000	1.0
1947	2001	1.0
1947	2002	1.0
1947	2003	1.0
1947	2004	1.0
1947	2005	1.0
1947	2006	1.0
1947	2007	1.0
1947	2008	1.0
57	2009	1.0
57	2010	1.0
57	2011	1.0
57	2012	1.0
57	2013	1.0
57	2014	1.0
57	2015	1.0
57	2016	1.0
57	2017	1.0
57	2018	1.0
57	2019	1.0
57	2020	1.0
57	2021	1.0
57	2022	1.0
57	2023	1.0
57	2024	1.0
57	2025	1.0
57	2026	1.0
57	2027	1.0
57	2028	1.0
57	2029	1.0
57	2030	1.0
57	2031	1.0
57	2032	1.0
57	2033	1.0
13	2034	1.0
13	2035	1.0
13	2036	1.0
13	2037	1.0
3	2038	1.0
3	2039	1.0
3	2040	1.0
