0	1	1.0
0	2	1.0
2	3	1.0
2	4	1.0
2	5	1.0
2	6	1.0
2	7	1.0
2	8	1.0
8	9	1.0
8	10	1.0
8	11	1.0
8	12	1.0
8	13	1.0
8	14	1.0
8	15	1.0
8	16	1.0
8	17	1.0
8	18	1.0
8	19	1.0
8	20	1.0
8	21	1.0
8	22	1.0
8	23	1.0
8	24	1.0
8	25	1.0
8	26	1.0
8	27	1.0
8	28	1.0
8	29	1.0
8	30	1.0
8	31	1.0
8	32	1.0
8	33	1.0
8	34	1.0
8	35	1.0
8	36	1.0
8	37	1.0
8	38	1.0
8	39	1.0
8	40	1.0
8	41	1.0
8	42	1.0
8	43	1.0
8	44	1.0
8	45	1.0
8	46	1.0
8	47	1.0
8	48	1.0
8	49	1.0
8	50	1.0
8	51	1.0
8	52	1.0
8	53	1.0
8	54	1.0
8	55	1.0
8	56	1.0
8	57	1.0
8	58	1.0
8	59	1.0
8	60	1.0
8	61	1.0
8	62	1.0
8	63	1.0
8	64	1.0
8	65	1.0
8	66	1.0
8	67	1.0
8	68	1.0
8	69	1.0
8	70	1.0
8	71	1.0
8	72	1.0
8	73	1.0
8	74	1.0
8	75	1.0
8	76	1.0
8	77	1.0
8	78	1.0
8	79	1.0
8	80	1.0
8	81	1.0
8	82	1.0
8	83	1.0
8	84	1.0
8	85	1.0
8	86	1.0
8	87	1.0
8	88	1.0
8	89	1.0
8	90	1.0
8	91	1.0
8	92	1.0
8	93	1.0
8	94	1.0
8	95	1.0
8	96	1.0
8	97	1.0
8	98	1.0
8	99	1.0
8	100	1.0
8	101	1.0
8	102	1.0
8	103	1.0
8	104	1.0
8	105	1.0
8	106	1.0
8	107	1.0
8	108	1.0
8	109	1.0
8	110	1.0
8	111	1.0
8	112	1.0
8	113	1.0
8	114	1.0
8	115	1.0
8	116	1.0
8	117	1.0
8	118	1.0
8	119	1.0
8	120	1.0
8	121	1.0
8	122	1.0
8	123	1.0
8	124	1.0
8	125	1.0
8	126	1.0
8	127	1.0
8	128	1.0
8	129	1.0
8	130	1.0
8	131	1.0
8	132	1.0
8	133	1.0
8	134	1.0
8	135	1.0
8	136	1.0
8	137	1.0
8	138	1.0
8	139	1.0
8	140	1.0
8	141	1.0
8	142	1.0
8	143	1.0
8	144	1.0
8	145	1.0
8	146	1.0
8	147	1.0
8	148	1.0
8	149	1.0
8	150	1.0
8	151	1.0
8	152	1.0
8	153	1.0
8	154	1.0
8	155	1.0
8	156	1.0
8	157	1.0
8	158	1.0
8	159	1.0
8	160	1.0
8	161	1.0
8	162	1.0
8	163	1.0
8	164	1.0
8	165	1.0
8	166	1.0
8	167	1.0
8	168	1.0
8	169	1.0
8	170	1.0
8	171	1.0
8	172	1.0
8	173	1.0
8	174	1.0
8	175	1.0
8	176	1.0
8	177	1.0
8	178	1.0
8	179	1.0
8	180	1.0
8	181	1.0
8	182	1.0
8	183	1.0
8	184	1.0
8	185	1.0
8	186	1.0
8	187	1.0
8	188	1.0
8	189	1.0
8	190	1.0
8	191	1.0
8	192	1.0
8	193	1.0
8	194	1.0
8	195	1.0
8	196	1.0
8	197	1.0
8	198	1.0
8	199	1.0
8	200	1.0
8	201	1.0
201	202	1.0
201	203	1.0
201	204	1.0
201	205	1.0
201	206	1.0
201	207	1.0
8	208	1.0
8	209	1.0
8	210	1.0
8	211	1.0
8	212	1.0
8	213	1.0
8	214	1.0
8	215	1.0
215	216	1.0
215	217	1.0
215	218	1.0
215	219	1.0
215	220	1.0
215	221	1.0
215	222	1.0
215	223	1.0
215	224	1.0
215	225	1.0
215	226	1.0
215	227	1.0
215	228	1.0
215	229	1.0
215	230	1.0
215	231	1.0
215	232	1.0
215	233	1.0
215	234	1.0
215	235	1.0
215	236	1.0
215	237	1.0
215	238	1.0
215	239	1.0
215	240	1.0
215	241	1.0
215	242	1.0
215	243	1.0
215	244	1.0
215	245	1.0
215	246	1.0
215	247	1.0
215	248	1.0
215	249	1.0
215	250	1.0
215	251	1.0
215	252	1.0
215	253	1.0
215	254	1.0
215	255	1.0
215	256	1.0
215	257	1.0
215	258	1.0
215	259	1.0
215	260	1.0
215	261	1.0
215	262	1.0
215	263	1.0
215	264	1.0
215	265	1.0
215	266	1.0
215	267	1.0
215	268	1.0
215	269	1.0
215	270	1.0
215	271	1.0
215	272	1.0
215	273	1.0
215	274	1.0
215	275	1.0
215	276	1.0
215	277	1.0
215	278	1.0
215	279	1.0
215	280	1.0
215	281	1.0
215	282	1.0
215	283	1.0
215	284	1.0
215	285	1.0
215	286	1.0
215	287	1.0
215	288	1.0
215	289	1.0
215	290	1.0
215	291	1.0
215	292	1.0
215	293	1.0
215	294	1.0
215	295	1.0
215	296	1.0
215	297	1.0
215	298	1.0
215	299	1.0
215	300	1.0
215	301	1.0
215	302	1.0
215	303	1.0
215	304	1.0
215	305	1.0
215	306	1.0
215	307	1.0
215	308	1.0
215	309	1.0
215	310	1.0
215	311	1.0
215	312	1.0
215	313	1.0
215	314	1.0
215	315	1.0
215	316	1.0
215	317	1.0
215	318	1.0
215	319	1.0
215	320	1.0
215	321	1.0
215	322	1.0
215	323	1.0
215	324	1.0
215	325	1.0
215	326	1.0
215	327	1.0
215	328	1.0
215	329	1.0
215	330	1.0
215	331	1.0
331	332	1.0
331	333	1.0
331	334	1.0
331	335	1.0
215	336	1.0
336	337	1.0
336	338	1.0
336	339	1.0
336	340	1.0
336	341	1.0
336	342	1.0
336	343	1.0
336	344	1.0
215	345	1.0
215	346	1.0
215	347	1.0
215	348	1.0
215	349	1.0
215	350	1.0
215	351	1.0
215	352	1.0
352	353	1.0
352	354	1.0
352	355	1.0
352	356	1.0
215	357	1.0
215	358	1.0
215	359	1.0
215	360	1.0
215	361	1.0
215	362	1.0
215	363	1.0
215	364	1.0
215	365	1.0
215	366	1.0
215	367	1.0
215	368	1.0
215	369	1.0
215	370	1.0
215	371	1.0
215	372	1.0
215	373	1.0
215	374	1.0
215	375	1.0
215	376	1.0
215	377	1.0
215	378	1.0
215	379	1.0
215	380	1.0
215	381	1.0
215	382	1.0
215	383	1.0
215	384	1.0
215	385	1.0
215	386	1.0
215	387	1.0
215	388	1.0
215	389	1.0
215	390	1.0
215	391	1.0
215	392	1.0
215	393	1.0
215	394	1.0
215	395	1.0
215	396	1.0
215	397	1.0
215	398	1.0
215	399	1.0
215	400	1.0
215	401	1.0
215	402	1.0
215	403	1.0
215	404	1.0
215	405	1.0
215	406	1.0
215	407	1.0
215	408	1.0
215	409	1.0
215	410	1.0
215	411	1.0
215	412	1.0
215	413	1.0
215	414	1.0
215	415	1.0
415	416	1.0
415	417	1.0
415	418	1.0
415	419	1.0
415	420	1.0
415	421	1.0
415	422	1.0
415	423	1.0
415	424	1.0
415	425	1.0
415	426	1.0
415	427	1.0
415	428	1.0
415	429	1.0
415	430	1.0
415	431	1.0
415	432	1.0
415	433	1.0
415	434	1.0
415	435	1.0
415	436	1.0
415	437	1.0
415	438	1.0
415	439	1.0
415	440	1.0
415	441	1.0
415	442	1.0
415	443	1.0
415	444	1.0
415	445	1.0
415	446	1.0
415	447	1.0
415	448	1.0
415	449	1.0
415	450	1.0
415	451	1.0
415	452	1.0
415	453	1.0
415	454	1.0
415	455	1.0
415	456	1.0
415	457	1.0
415	458	1.0
415	459	1.0
415	460	1.0
415	461	1.0
415	462	1.0
415	463	1.0
415	464	1.0
415	465	1.0
415	466	1.0
415	467	1.0
415	468	1.0
415	469	1.0
415	470	1.0
415	471	1.0
415	472	1.0
415	473	1.0
415	474	1.0
415	475	1.0
415	476	1.0
415	477	1.0
415	478	1.0
415	479	1.0
415	480	1.0
415	481	1.0
415	482	1.0
415	483	1.0
415	484	1.0
415	485	1.0
415	486	1.0
415	487	1.0
415	488	1.0
415	489	1.0
415	490	1.0
415	491	1.0
415	492	1.0
415	493	1.0
415	494	1.0
415	495	1.0
415	496	1.0
415	497	1.0
415	498	1.0
415	499	1.0
415	500	1.0
415	501	1.0
415	502	1.0
415	503	1.0
415	504	1.0
415	505	1.0
415	506	1.0
415	507	1.0
415	508	1.0
415	509	1.0
415	510	1.0
415	511	1.0
415	512	1.0
415	513	1.0
415	514	1.0
415	515	1.0
415	516	1.0
415	517	1.0
415	518	1.0
415	519	1.0
415	520	1.0
415	521	1.0
415	522	1.0
415	523	1.0
415	524	1.0
415	525	1.0
415	526	1.0
415	527	1.0
415	528	1.0
415	529	1.0
415	530	1.0
415	531	1.0
415	532	1.0
415	533	1.0
415	534	1.0
415	535	1.0
415	536	1.0
415	537	1.0
415	538	1.0
415	539	1.0
415	540	1.0
415	541	1.0
415	542	1.0
415	543	1.0
415	544	1.0
415	545	1.0
415	546	1.0
415	547	1.0
415	548	1.0
415	549	1.0
415	550	1.0
415	551	1.0
415	552	1.0
415	553	1.0
415	554	1.0
415	555	1.0
415	556	1.0
415	557	1.0
415	558	1.0
415	559	1.0
415	560	1.0
415	561	1.0
415	562	1.0
415	563	1.0
415	564	1.0
415	565	1.0
415	566	1.0
415	567	1.0
415	568	1.0
415	569	1.0
415	570	1.0
415	571	1.0
415	572	1.0
415	573	1.0
415	574	1.0
415	575	1.0
415	576	1.0
415	577	1.0
415	578	1.0
415	579	1.0
415	580	1.0
415	581	1.0
415	582	1.0
415	583	1.0
415	584	1.0
415	585	1.0
415	586	1.0
415	587	1.0
415	588	1.0
415	589	1.0
415	590	1.0
415	591	1.0
415	592	1.0
415	593	1.0
415	594	1.0
415	595	1.0
415	596	1.0
415	597	1.0
415	598	1.0
415	599	1.0
415	600	1.0
415	601	1.0
415	602	1.0
415	603	1.0
415	604	1.0
415	605	1.0
415	606	1.0
415	607	1.0
415	608	1.0
415	609	1.0
415	610	1.0
415	611	1.0
415	612	1.0
415	613	1.0
415	614	1.0
415	615	1.0
415	616	1.0
415	617	1.0
415	618	1.0
415	619	1.0
415	620	1.0
415	621	1.0
415	622	1.0
415	623	1.0
415	624	1.0
415	625	1.0
415	626	1.0
415	627	1.0
415	628	1.0
415	629	1.0
415	630	1.0
415	631	1.0
415	632	1.0
415	633	1.0
415	634	1.0
415	635	1.0
415	636	1.0
415	637	1.0
415	638	1.0
415	639	1.0
415	640	1.0
415	641	1.0
415	642	1.0
415	643	1.0
415	644	1.0
415	645	1.0
415	646	1.0
415	647	1.0
415	648	1.0
415	649	1.0
415	650	1.0
415	651	1.0
415	652	1.0
415	653	1.0
415	654	1.0
654	655	1.0
654	656	1.0
654	657	1.0
654	658	1.0
654	659	1.0
654	660	1.0
654	661	1.0
654	662	1.0
654	663	1.0
654	664	1.0
415	665	1.0
415	666	1.0
415	667	1.0
415	668	1.0
415	669	1.0
415	670	1.0
415	671	1.0
415	672	1.0
415	673	1.0
415	674	1.0
415	675	1.0
415	676	1.0
415	677	1.0
415	678	1.0
415	679	1.0
415	680	1.0
415	681	1.0
415	682	1.0
415	683	1.0
415	684	1.0
415	685	1.0
415	686	1.0
415	687	1.0
415	688	1.0
415	689	1.0
415	690	1.0
415	691	1.0
415	692	1.0
415	693	1.0
415	694	1.0
415	695	1.0
415	696	1.0
415	697	1.0
415	698	1.0
415	699	1.0
415	700	1.0
415	701	1.0
415	702	1.0
415	703	1.0
415	704	1.0
415	705	1.0
415	706	1.0
415	707	1.0
415	708	1.0
415	709	1.0
415	710	1.0
415	711	1.0
415	712	1.0
415	713	1.0
415	714	1.0
415	715	1.0
415	716	1.0
415	717	1.0
415	718	1.0
415	719	1.0
415	720	1.0
415	721	1.0
415	722	1.0
415	723	1.0
415	724	1.0
415	725	1.0
415	726	1.0
415	727	1.0
727	728	1.0
727	729	1.0
727	730	1.0
727	731	1.0
727	732	1.0
727	733	1.0
727	734	1.0
727	735	1.0
727	736	1.0
727	737	1.0
415	738	1.0
415	739	1.0
415	740	1.0
740	741	1.0
740	742	1.0
740	743	1.0
740	744	1.0
740	745	1.0
740	746	1.0
740	747	1.0
415	748	1.0
415	749	1.0
415	750	1.0
415	751	1.0
415	752	1.0
415	753	1.0
415	754	1.0
415	755	1.0
415	756	1.0
415	757	1.0
415	758	1.0
415	759	1.0
415	760	1.0
415	761	1.0
415	762	1.0
415	763	1.0
415	764	1.0
415	765	1.0
415	766	1.0
415	767	1.0
415	768	1.0
415	769	1.0
415	770	1.0
415	771	1.0
415	772	1.0
415	773	1.0
415	774	1.0
415	775	1.0
415	776	1.0
415	777	1.0
415	778	1.0
415	779	1.0
415	780	1.0
415	781	1.0
415	782	1.0
415	783	1.0
415	784	1.0
415	785	1.0
415	786	1.0
415	787	1.0
415	788	1.0
415	789	1.0
415	790	1.0
415	791	1.0
415	792	1.0
415	793	1.0
415	794	1.0
415	795	1.0
415	796	1.0
415	797	1.0
415	798	1.0
415	799	1.0
415	800	1.0
415	801	1.0
415	802	1.0
415	803	1.0
415	804	1.0
415	805	1.0
415	806	1.0
415	807	1.0
415	808	1.0
415	809	1.0
415	810	1.0
415	811	1.0
415	812	1.0
415	813	1.0
415	814	1.0
415	815	1.0
415	816	1.0
415	817	1.0
415	818	1.0
415	819	1.0
415	820	1.0
415	821	1.0
415	822	1.0
415	823	1.0
415	824	1.0
415	825	1.0
415	826	1.0
415	827	1.0
415	828	1.0
415	829	1.0
415	830	1.0
415	831	1.0
415	832	1.0
415	833	1.0
415	834	1.0
415	835	1.0
415	836	1.0
415	837	1.0
415	838	1.0
415	839	1.0
415	840	1.0
415	841	1.0
415	842	1.0
415	843	1.0
415	844	1.0
415	845	1.0
415	846	1.0
415	847	1.0
415	848	1.0
415	849	1.0
415	850	1.0
415	851	1.0
415	852	1.0
415	853	1.0
415	854	1.0
415	855	1.0
415	856	1.0
415	857	1.0
415	858	1.0
415	859	1.0
415	860	1.0
415	861	1.0
415	862	1.0
415	863	1.0
415	864	1.0
415	865	1.0
415	866	1.0
415	867	1.0
415	868	1.0
415	869	1.0
415	870	1.0
415	871	1.0
415	872	1.0
415	873	1.0
415	874	1.0
415	875	1.0
415	876	1.0
415	877	1.0
415	878	1.0
415	879	1.0
415	880	1.0
415	881	1.0
415	882	1.0
415	883	1.0
415	884	1.0
415	885	1.0
415	886	1.0
415	887	1.0
415	888	1.0
415	889	1.0
415	890	1.0
415	891	1.0
415	892	1.0
415	893	1.0
415	894	1.0
415	895	1.0
415	896	1.0
415	897	1.0
415	898	1.0
415	899	1.0
415	900	1.0
415	901	1.0
415	902	1.0
415	903	1.0
415	904	1.0
415	905	1.0
415	906	1.0
415	907	1.0
415	908	1.0
908	909	1.0
908	910	1.0
908	911	1.0
908	912	1.0
908	913	1.0
908	914	1.0
908	915	1.0
908	916	1.0
908	917	1.0
908	918	1.0
908	919	1.0
908	920	1.0
908	921	1.0
908	922	1.0
908	923	1.0
908	924	1.0
908	925	1.0
415	926	1.0
415	927	1.0
415	928	1.0
415	929	1.0
415	930	1.0
415	931	1.0
415	932	1.0
415	933	1.0
415	934	1.0
415	935	1.0
415	936	1.0
415	937	1.0
415	938	1.0
415	939	1.0
415	940	1.0
415	941	1.0
415	942	1.0
415	943	1.0
415	944	1.0
415	945	1.0
415	946	1.0
415	947	1.0
415	948	1.0
415	949	1.0
415	950	1.0
415	951	1.0
415	952	1.0
415	953	1.0
415	954	1.0
415	955	1.0
415	956	1.0
415	957	1.0
415	958	1.0
415	959	1.0
415	960	1.0
415	961	1.0
415	962	1.0
415	963	1.0
415	964	1.0
415	965	1.0
415	966	1.0
415	967	1.0
415	968	1.0
415	969	1.0
215	970	1.0
215	971	1.0
215	972	1.0
215	973	1.0
215	974	1.0
215	975	1.0
215	976	1.0
215	977	1.0
215	978	1.0
215	979	1.0
215	980	1.0
215	981	1.0
215	982	1.0
215	983	1.0
215	984	1.0
215	985	1.0
215	986	1.0
215	987	1.0
215	988	1.0
215	989	1.0
215	990	1.0
215	991	1.0
215	992	1.0
215	993	1.0
215	994	1.0
215	995	1.0
215	996	1.0
215	997	1.0
215	998	1.0
215	999	1.0
215	1000	1.0
215	1001	1.0
215	1002	1.0
215	1003	1.0
215	1004	1.0
215	1005	1.0
215	1006	1.0
215	1007	1.0
215	1008	1.0
215	1009	1.0
215	1010	1.0
215	1011	1.0
215	1012	1.0
215	1013	1.0
215	1014	1.0
215	1015	1.0
215	1016	1.0
215	1017	1.0
215	1018	1.0
215	1019	1.0
215	1020	1.0
215	1021	1.0
215	1022	1.0
215	1023	1.0
215	1024	1.0
215	1025	1.0
215	1026	1.0
215	1027	1.0
215	1028	1.0
215	1029	1.0
215	1030	1.0
215	1031	1.0
215	1032	1.0
215	1033	1.0
215	1034	1.0
215	1035	1.0
215	1036	1.0
215	1037	1.0
215	1038	1.0
1038	1039	1.0
1038	1040	1.0
1038	1041	1.0
1038	1042	1.0
215	1043	1.0
215	1044	1.0
215	1045	1.0
215	1046	1.0
215	1047	1.0
215	1048	1.0
215	1049	1.0
215	1050	1.0
215	1051	1.0
215	1052	1.0
215	1053	1.0
215	1054	1.0
215	1055	1.0
215	1056	1.0
215	1057	1.0
215	1058	1.0
215	1059	1.0
215	1060	1.0
215	1061	1.0
215	1062	1.0
215	1063	1.0
215	1064	1.0
215	1065	1.0
215	1066	1.0
215	1067	1.0
215	1068	1.0
215	1069	1.0
215	1070	1.0
215	1071	1.0
215	1072	1.0
215	1073	1.0
215	1074	1.0
215	1075	1.0
215	1076	1.0
215	1077	1.0
215	1078	1.0
215	1079	1.0
215	1080	1.0
215	1081	1.0
215	1082	1.0
215	1083	1.0
215	1084	1.0
215	1085	1.0
215	1086	1.0
215	1087	1.0
215	1088	1.0
215	1089	1.0
215	1090	1.0
215	1091	1.0
215	1092	1.0
215	1093	1.0
215	1094	1.0
215	1095	1.0
215	1096	1.0
215	1097	1.0
1097	1098	1.0
1097	1099	1.0
1097	1100	1.0
1097	1101	1.0
1097	1102	1.0
1097	1103	1.0
1097	1104	1.0
1097	1105	1.0
1097	1106	1.0
1097	1107	1.0
1097	1108	1.0
1097	1109	1.0
1097	1110	1.0
1097	1111	1.0
1097	1112	1.0
1097	1113	1.0
1097	1114	1.0
1097	1115	1.0
1097	1116	1.0
1097	1117	1.0
1097	1118	1.0
1097	1119	1.0
1097	1120	1.0
1097	1121	1.0
1097	1122	1.0
1097	1123	1.0
1097	1124	1.0
1097	1125	1.0
1097	1126	1.0
1097	1127	1.0
1097	1128	1.0
1097	1129	1.0
1097	1130	1.0
1097	1131	1.0
1097	1132	1.0
1097	1133	1.0
1097	1134	1.0
1097	1135	1.0
1097	1136	1.0
1097	1137	1.0
1097	1138	1.0
1097	1139	1.0
1097	1140	1.0
1097	1141	1.0
1097	1142	1.0
1097	1143	1.0
1097	1144	1.0
1097	1145	1.0
1097	1146	1.0
1097	1147	1.0
1097	1148	1.0
1097	1149	1.0
1097	1150	1.0
1097	1151	1.0
1097	1152	1.0
1097	1153	1.0
1097	1154	1.0
1097	1155	1.0
1097	1156	1.0
1097	1157	1.0
1097	1158	1.0
1097	1159	1.0
1097	1160	1.0
1097	1161	1.0
1097	1162	1.0
1097	1163	1.0
1097	1164	1.0
1097	1165	1.0
1097	1166	1.0
1097	1167	1.0
1097	1168	1.0
1097	1169	1.0
1097	1170	1.0
1097	1171	1.0
1097	1172	1.0
1097	1173	1.0
1097	1174	1.0
1097	1175	1.0
1097	1176	1.0
1097	1177	1.0
1097	1178	1.0
1097	1179	1.0
1097	1180	1.0
1097	1181	1.0
1097	1182	1.0
1097	1183	1.0
1097	1184	1.0
1097	1185	1.0
1097	1186	1.0
1097	1187	1.0
1097	1188	1.0
1097	1189	1.0
1097	1190	1.0
1097	1191	1.0
1097	1192	1.0
1097	1193	1.0
1097	1194	1.0
1097	1195	1.0
1097	1196	1.0
1097	1197	1.0
1097	1198	1.0
1097	1199	1.0
1097	1200	1.0
1097	1201	1.0
1097	1202	1.0
1097	1203	1.0
1097	1204	1.0
1097	1205	1.0
1097	1206	1.0
1097	1207	1.0
1097	1208	1.0
1097	1209	1.0
1097	1210	1.0
1097	1211	1.0
1097	1212	1.0
1097	1213	1.0
1097	1214	1.0
1097	1215	1.0
1097	1216	1.0
1097	1217	1.0
1097	1218	1.0
1097	1219	1.0
1097	1220	1.0
1097	1221	1.0
1097	1222	1.0
1097	1223	1.0
1097	1224	1.0
1097	1225	1.0
1097	1226	1.0
1097	1227	1.0
1097	1228	1.0
1097	1229	1.0
1097	1230	1.0
1097	1231	1.0
1097	1232	1.0
1097	1233	1.0
1097	1234	1.0
1097	1235	1.0
1097	1236	1.0
1097	1237	1.0
1097	1238	1.0
1097	1239	1.0
1097	1240	1.0
1097	1241	1.0
1097	1242	1.0
1097	1243	1.0
1097	1244	1.0
1097	1245	1.0
1097	1246	1.0
1097	1247	1.0
1097	1248	1.0
1097	1249	1.0
1097	1250	1.0
1097	1251	1.0
1097	1252	1.0
1097	1253	1.0
1097	1254	1.0
1097	1255	1.0
1097	1256	1.0
1097	1257	1.0
1097	1258	1.0
1097	1259	1.0
1097	1260	1.0
1097	1261	1.0
1097	1262	1.0
1097	1263	1.0
1097	1264	1.0
1097	1265	1.0
1265	1266	1.0
1265	1267	1.0
1265	1268	1.0
1265	1269	1.0
1265	1270	1.0
1097	1271	1.0
1097	1272	1.0
1097	1273	1.0
1097	1274	1.0
1097	1275	1.0
1097	1276	1.0
1097	1277	1.0
1097	1278	1.0
1097	1279	1.0
1097	1280	1.0
1097	1281	1.0
1097	1282	1.0
1097	1283	1.0
1097	1284	1.0
1097	1285	1.0
1097	1286	1.0
1097	1287	1.0
1097	1288	1.0
1097	1289	1.0
1097	1290	1.0
1097	1291	1.0
1097	1292	1.0
1097	1293	1.0
1097	1294	1.0
1097	1295	1.0
1097	1296	1.0
1097	1297	1.0
1097	1298	1.0
1097	1299	1.0
1097	1300	1.0
1097	1301	1.0
1097	1302	1.0
1097	1303	1.0
1097	1304	1.0
1097	1305	1.0
1097	1306	1.0
1097	1307	1.0
1097	1308	1.0
1097	1309	1.0
1097	1310	1.0
1097	1311	1.0
1097	1312	1.0
1097	1313	1.0
1097	1314	1.0
1097	1315	1.0
1097	1316	1.0
1097	1317	1.0
1097	1318	1.0
1097	1319	1.0
1097	1320	1.0
1097	1321	1.0
1097	1322	1.0
1097	1323	1.0
1323	1324	1.0
1323	1325	1.0
1323	1326	1.0
1323	1327	1.0
1323	1328	1.0
1097	1329	1.0
1097	1330	1.0
1097	1331	1.0
1097	1332	1.0
1097	1333	1.0
1097	1334	1.0
1097	1335	1.0
1097	1336	1.0
1097	1337	1.0
1097	1338	1.0
1097	1339	1.0
1097	1340	1.0
1097	1341	1.0
1097	1342	1.0
1097	1343	1.0
1097	1344	1.0
1097	1345	1.0
1097	1346	1.0
1097	1347	1.0
1097	1348	1.0
1097	1349	1.0
1097	1350	1.0
1097	1351	1.0
1097	1352	1.0
1097	1353	1.0
1097	1354	1.0
1097	1355	1.0
1097	1356	1.0
1097	1357	1.0
1097	1358	1.0
1097	1359	1.0
1097	1360	1.0
1097	1361	1.0
1097	1362	1.0
1097	1363	1.0
1097	1364	1.0
1097	1365	1.0
1097	1366	1.0
1366	1367	1.0
1366	1368	1.0
1368	1369	1.0
1368	1370	1.0
1368	1371	1.0
1368	1372	1.0
1368	1373	1.0
1368	1374	1.0
1368	1375	1.0
1368	1376	1.0
1366	1377	1.0
1366	1378	1.0
1366	1379	1.0
1366	1380	1.0
1366	1381	1.0
1366	1382	1.0
1366	1383	1.0
1366	1384	1.0
1366	1385	1.0
1366	1386	1.0
1366	1387	1.0
1366	1388	1.0
1366	1389	1.0
1366	1390	1.0
1366	1391	1.0
1366	1392	1.0
1366	1393	1.0
1366	1394	1.0
1366	1395	1.0
1366	1396	1.0
1366	1397	1.0
1366	1398	1.0
1366	1399	1.0
1366	1400	1.0
1366	1401	1.0
1366	1402	1.0
1366	1403	1.0
1366	1404	1.0
1366	1405	1.0
1366	1406	1.0
1366	1407	1.0
1366	1408	1.0
1366	1409	1.0
1366	1410	1.0
1366	1411	1.0
1366	1412	1.0
1366	1413	1.0
1366	1414	1.0
1366	1415	1.0
1366	1416	1.0
1366	1417	1.0
1366	1418	1.0
1366	1419	1.0
1366	1420	1.0
1366	1421	1.0
1366	1422	1.0
1366	1423	1.0
1366	1424	1.0
1366	1425	1.0
1366	1426	1.0
1366	1427	1.0
1366	1428	1.0
1366	1429	1.0
1366	1430	1.0
1366	1431	1.0
1366	1432	1.0
1366	1433	1.0
1366	1434	1.0
1366	1435	1.0
1366	1436	1.0
1366	1437	1.0
1366	1438	1.0
1366	1439	1.0
1366	1440	1.0
1366	1441	1.0
1366	1442	1.0
1366	1443	1.0
1366	1444	1.0
1366	1445	1.0
1366	1446	1.0
1366	1447	1.0
1366	1448	1.0
1366	1449	1.0
1366	1450	1.0
1366	1451	1.0
1366	1452	1.0
1366	1453	1.0
1366	1454	1.0
1366	1455	1.0
1366	1456	1.0
1366	1457	1.0
1366	1458	1.0
1366	1459	1.0
1366	1460	1.0
1366	1461	1.0
1366	1462	1.0
1366	1463	1.0
1366	1464	1.0
1366	1465	1.0
1366	1466	1.0
1366	1467	1.0
1366	1468	1.0
1366	1469	1.0
1366	1470	1.0
1366	1471	1.0
1366	1472	1.0
1366	1473	1.0
1366	1474	1.0
1366	1475	1.0
1366	1476	1.0
1366	1477	1.0
1366	1478	1.0
1366	1479	1.0
1366	1480	1.0
1366	1481	1.0
1366	1482	1.0
1366	1483	1.0
1366	1484	1.0
1366	1485	1.0
1366	1486	1.0
1366	1487	1.0
1366	1488	1.0
1366	1489	1.0
1366	1490	1.0
1366	1491	1.0
1366	1492	1.0
1366	1493	1.0
1366	1494	1.0
1366	1495	1.0
1366	1496	1.0
1366	1497	1.0
1366	1498	1.0
1366	1499	1.0
1366	1500	1.0
1366	1501	1.0
1366	1502	1.0
1366	1503	1.0
1366	1504	1.0
1366	1505	1.0
1366	1506	1.0
1366	1507	1.0
1366	1508	1.0
1366	1509	1.0
1366	1510	1.0
1366	1511	1.0
1366	1512	1.0
1366	1513	1.0
1366	1514	1.0
1366	1515	1.0
1366	1516	1.0
1366	1517	1.0
1366	1518	1.0
1366	1519	1.0
1366	1520	1.0
1366	1521	1.0
1366	1522	1.0
1366	1523	1.0
1366	1524	1.0
1366	1525	1.0
1366	1526	1.0
1366	1527	1.0
1366	1528	1.0
1366	1529	1.0
1366	1530	1.0
1366	1531	1.0
1366	1532	1.0
1366	1533	1.0
1366	1534	1.0
1366	1535	1.0
1366	1536	1.0
1366	1537	1.0
1366	1538	1.0
1366	1539	1.0
1366	1540	1.0
1366	1541	1.0
1366	1542	1.0
1366	1543	1.0
1366	1544	1.0
1366	1545	1.0
1366	1546	1.0
1366	1547	1.0
1366	1548	1.0
1366	1549	1.0
1366	1550	1.0
1366	1551	1.0
1366	1552	1.0
1366	1553	1.0
1366	1554	1.0
1366	1555	1.0
1366	1556	1.0
1366	1557	1.0
1366	1558	1.0
1366	1559	1.0
1366	1560	1.0
1366	1561	1.0
1366	1562	1.0
1366	1563	1.0
1366	1564	1.0
1366	1565	1.0
1366	1566	1.0
1366	1567	1.0
1366	1568	1.0
1366	1569	1.0
1366	1570	1.0
1366	1571	1.0
1366	1572	1.0
1366	1573	1.0
1366	1574	1.0
1366	1575	1.0
1366	1576	1.0
1366	1577	1.0
1366	1578	1.0
1366	1579	1.0
1366	1580	1.0
1366	1581	1.0
1366	1582	1.0
1366	1583	1.0
1366	1584	1.0
1366	1585	1.0
1366	1586	1.0
1366	1587	1.0
1366	1588	1.0
1366	1589	1.0
1366	1590	1.0
1366	1591	1.0
1366	1592	1.0
1366	1593	1.0
1366	1594	1.0
1594	1595	1.0
1594	1596	1.0
1594	1597	1.0
1594	1598	1.0
1594	1599	1.0
1594	1600	1.0
1594	1601	1.0
1594	1602	1.0
1594	1603	1.0
1594	1604	1.0
1594	1605	1.0
1594	1606	1.0
1594	1607	1.0
1594	1608	1.0
1594	1609	1.0
1594	1610	1.0
1366	1611	1.0
1366	1612	1.0
1366	1613	1.0
1366	1614	1.0
1366	1615	1.0
1366	1616	1.0
1366	1617	1.0
1366	1618	1.0
1366	1619	1.0
1366	1620	1.0
1366	1621	1.0
1366	1622	1.0
1366	1623	1.0
1366	1624	1.0
1366	1625	1.0
1366	1626	1.0
1366	1627	1.0
1366	1628	1.0
1366	1629	1.0
1366	1630	1.0
1366	1631	1.0
1366	1632	1.0
1366	1633	1.0
1366	1634	1.0
1366	1635	1.0
1366	1636	1.0
1366	1637	1.0
1366	1638	1.0
1366	1639	1.0
1366	1640	1.0
1366	1641	1.0
1366	1642	1.0
1366	1643	1.0
1366	1644	1.0
1366	1645	1.0
1366	1646	1.0
1366	1647	1.0
1366	1648	1.0
1366	1649	1.0
1366	1650	1.0
1366	1651	1.0
1366	1652	1.0
1366	1653	1.0
1366	1654	1.0
1366	1655	1.0
1366	1656	1.0
1366	1657	1.0
1366	1658	1.0
1366	1659	1.0
1366	1660	1.0
1366	1661	1.0
1366	1662	1.0
1366	1663	1.0
1366	1664	1.0
1366	1665	1.0
1366	1666	1.0
1366	1667	1.0
1366	1668	1.0
1366	1669	1.0
1366	1670	1.0
1366	1671	1.0
1366	1672	1.0
1366	1673	1.0
1366	1674	1.0
1366	1675	1.0
1366	1676	1.0
1366	1677	1.0
1366	1678	1.0
1097	1679	1.0
1097	1680	1.0
1097	1681	1.0
1097	1682	1.0
1097	1683	1.0
1097	1684	1.0
1097	1685	1.0
1097	1686	1.0
1097	1687	1.0
1097	1688	1.0
1097	1689	1.0
1097	1690	1.0
1097	1691	1.0
1097	1692	1.0
1097	1693	1.0
1097	1694	1.0
1097	1695	1.0
1097	1696	1.0
1097	1697	1.0
1097	1698	1.0
1097	1699	1.0
1097	1700	1.0
1097	1701	1.0
1097	1702	1.0
1097	1703	1.0
1097	1704	1.0
1097	1705	1.0
1097	1706	1.0
1097	1707	1.0
1097	1708	1.0
1097	1709	1.0
1097	1710	1.0
1097	1711	1.0
1097	1712	1.0
1097	1713	1.0
1097	1714	1.0
1097	1715	1.0
1097	1716	1.0
1097	1717	1.0
1097	1718	1.0
1097	1719	1.0
1097	1720	1.0
1097	1721	1.0
1097	1722	1.0
1097	1723	1.0
1097	1724	1.0
1097	1725	1.0
1097	1726	1.0
1097	1727	1.0
1097	1728	1.0
1097	1729	1.0
1097	1730	1.0
1097	1731	1.0
1097	1732	1.0
1097	1733	1.0
1097	1734	1.0
1097	1735	1.0
1097	1736	1.0
1097	1737	1.0
1097	1738	1.0
1097	1739	1.0
1097	1740	1.0
1097	1741	1.0
1097	1742	1.0
1097	1743	1.0
1097	1744	1.0
1097	1745	1.0
1097	1746	1.0
1097	1747	1.0
1097	1748	1.0
1097	1749	1.0
1097	1750	1.0
1097	1751	1.0
1097	1752	1.0
1097	1753	1.0
1097	1754	1.0
1097	1755	1.0
1097	1756	1.0
1097	1757	1.0
1097	1758	1.0
1097	1759	1.0
1097	1760	1.0
1097	1761	1.0
1097	1762	1.0
1097	1763	1.0
1097	1764	1.0
1097	1765	1.0
1097	1766	1.0
1097	1767	1.0
1097	1768	1.0
1097	1769	1.0
1097	1770	1.0
1097	1771	1.0
1097	1772	1.0
1097	1773	1.0
1097	1774	1.0
1097	1775	1.0
1097	1776	1.0
1097	1777	1.0
1097	1778	1.0
1097	1779	1.0
1097	1780	1.0
1097	1781	1.0
1097	1782	1.0
1097	1783	1.0
1097	1784	1.0
1097	1785	1.0
1097	1786	1.0
1097	1787	1.0
1097	1788	1.0
1097	1789	1.0
1097	1790	1.0
1097	1791	1.0
1097	1792	1.0
1097	1793	1.0
1097	1794	1.0
1097	1795	1.0
1097	1796	1.0
1097	1797	1.0
1097	1798	1.0
1097	1799	1.0
1097	1800	1.0
1097	1801	1.0
1097	1802	1.0
1097	1803	1.0
1097	1804	1.0
1097	1805	1.0
1097	1806	1.0
1097	1807	1.0
1097	1808	1.0
1808	1809	1.0
1808	1810	1.0
1808	1811	1.0
1808	1812	1.0
1808	1813	1.0
1808	1814	1.0
1808	1815	1.0
1808	1816	1.0
1808	1817	1.0
1808	1818	1.0
1808	1819	1.0
1808	1820	1.0
1808	1821	1.0
1808	1822	1.0
1808	1823	1.0
1808	1824	1.0
1808	1825	1.0
1808	1826	1.0
1097	1827	1.0
1097	1828	1.0
1097	1829	1.0
1097	1830	1.0
1097	1831	1.0
1097	1832	1.0
1097	1833	1.0
1097	1834	1.0
1097	1835	1.0
1097	1836	1.0
1097	1837	1.0
1097	1838	1.0
1097	1839	1.0
1097	1840	1.0
1097	1841	1.0
1097	1842	1.0
1097	1843	1.0
1097	1844	1.0
1097	1845	1.0
1097	1846	1.0
1097	1847	1.0
1097	1848	1.0
1097	1849	1.0
1097	1850	1.0
1097	1851	1.0
1097	1852	1.0
1097	1853	1.0
1097	1854	1.0
1097	1855	1.0
1097	1856	1.0
1097	1857	1.0
1097	1858	1.0
1097	1859	1.0
1097	1860	1.0
1097	1861	1.0
1097	1862	1.0
1097	1863	1.0
1097	1864	1.0
1097	1865	1.0
1097	1866	1.0
1097	1867	1.0
1097	1868	1.0
1097	1869	1.0
1097	1870	1.0
1097	1871	1.0
1097	1872	1.0
1097	1873	1.0
1097	1874	1.0
1097	1875	1.0
1097	1876	1.0
1097	1877	1.0
1097	1878	1.0
1097	1879	1.0
1097	1880	1.0
1097	1881	1.0
1097	1882	1.0
1097	1883	1.0
1097	1884	1.0
1097	1885	1.0
1097	1886	1.0
1097	1887	1.0
1097	1888	1.0
1097	1889	1.0
1097	1890	1.0
1097	1891	1.0
1097	1892	1.0
1097	1893	1.0
1097	1894	1.0
1097	1895	1.0
1097	1896	1.0
1097	1897	1.0
1097	1898	1.0
1097	1899	1.0
1097	1900	1.0
1097	1901	1.0
1097	1902	1.0
1097	1903	1.0
1097	1904	1.0
1097	1905	1.0
1097	1906	1.0
1097	1907	1.0
1097	1908	1.0
1097	1909	1.0
1097	1910	1.0
1097	1911	1.0
1097	1912	1.0
1097	1913	1.0
1097	1914	1.0
1097	1915	1.0
1097	1916	1.0
1097	1917	1.0
1097	1918	1.0
1097	1919	1.0
1097	1920	1.0
1097	1921	1.0
1097	1922	1.0
1097	1923	1.0
1097	1924	1.0
1097	1925	1.0
1097	1926	1.0
1097	1927	1.0
1097	1928	1.0
1097	1929	1.0
1097	1930	1.0
1097	1931	1.0
1097	1932	1.0
1097	1933	1.0
1097	1934	1.0
1097	1935	1.0
1097	1936	1.0
1097	1937	1.0
1097	1938	1.0
1097	1939	1.0
1097	1940	1.0
1097	1941	1.0
1097	1942	1.0
1097	1943	1.0
1097	1944	1.0
1097	1945	1.0
1097	1946	1.0
1097	1947	1.0
1097	1948	1.0
1097	1949	1.0
1097	1950	1.0
1097	1951	1.0
1097	1952	1.0
1097	1953	1.0
1097	1954	1.0
1097	1955	1.0
1097	1956	1.0
1097	1957	1.0
1097	1958	1.0
1097	1959	1.0
1097	1960	1.0
1097	1961	1.0
1097	1962	1.0
1097	1963	1.0
1097	1964	1.0
1097	1965	1.0
1097	1966	1.0
1097	1967	1.0
1097	1968	1.0
1097	1969	1.0
1097	1970	1.0
1097	1971	1.0
1097	1972	1.0
1097	1973	1.0
1097	1974	1.0
8	1975	1.0
8	1976	1.0
8	1977	1.0
8	1978	1.0
8	1979	1.0
8	1980	1.0
8	1981	1.0
8	1982	1.0
8	1983	1.0
8	1984	1.0
8	1985	1.0
8	1986	1.0
8	1987	1.0
8	1988	1.0
8	1989	1.0
8	1990	1.0
8	1991	1.0
8	1992	1.0
8	1993	1.0
8	1994	1.0
8	1995	1.0
8	1996	1.0
8	1997	1.0
8	1998	1.0
8	1999	1.0
8	2000	1.0
8	2001	1.0
8	2002	1.0
8	2003	1.0
8	2004	1.0
8	2005	1.0
8	2006	1.0
8	2007	1.0
8	2008	1.0
8	2009	1.0
8	2010	1.0
8	2011	1.0
8	2012	1.0
8	2013	1.0
8	2014	1.0
8	2015	1.0
8	2016	1.0
8	2017	1.0
8	2018	1.0
8	2019	1.0
8	2020	1.0
