0	1	1.0
0	2	1.0
0	3	1.0
3	4	1.0
3	5	1.0
5	6	1.0
5	7	1.0
7	8	1.0
8	9	1.0
9	10	1.0
10	11	1.0
10	12	1.0
10	13	1.0
13	14	1.0
13	15	1.0
13	16	1.0
13	17	1.0
13	18	1.0
13	19	1.0
13	20	1.0
13	21	1.0
13	22	1.0
13	23	1.0
13	24	1.0
13	25	1.0
13	26	1.0
13	27	1.0
13	28	1.0
13	29	1.0
13	30	1.0
13	31	1.0
13	32	1.0
13	33	1.0
13	34	1.0
13	35	1.0
13	36	1.0
13	37	1.0
13	38	1.0
13	39	1.0
13	40	1.0
13	41	1.0
13	42	1.0
13	43	1.0
13	44	1.0
13	45	1.0
13	46	1.0
13	47	1.0
13	48	1.0
13	49	1.0
13	50	1.0
13	51	1.0
13	52	1.0
13	53	1.0
13	54	1.0
13	55	1.0
13	56	1.0
13	57	1.0
13	58	1.0
13	59	1.0
13	60	1.0
13	61	1.0
13	62	1.0
13	63	1.0
13	64	1.0
13	65	1.0
13	66	1.0
13	67	1.0
13	68	1.0
13	69	1.0
13	70	1.0
13	71	1.0
13	72	1.0
13	73	1.0
73	74	1.0
73	75	1.0
73	76	1.0
73	77	1.0
13	78	1.0
13	79	1.0
13	80	1.0
13	81	1.0
13	82	1.0
13	83	1.0
13	84	1.0
13	85	1.0
13	86	1.0
13	87	1.0
13	88	1.0
13	89	1.0
13	90	1.0
13	91	1.0
13	92	1.0
13	93	1.0
13	94	1.0
13	95	1.0
95	96	1.0
95	97	1.0
95	98	1.0
95	99	1.0
95	100	1.0
95	101	1.0
95	102	1.0
95	103	1.0
95	104	1.0
95	105	1.0
95	106	1.0
95	107	1.0
95	108	1.0
95	109	1.0
95	110	1.0
95	111	1.0
95	112	1.0
95	113	1.0
95	114	1.0
95	115	1.0
95	116	1.0
95	117	1.0
95	118	1.0
95	119	1.0
95	120	1.0
95	121	1.0
95	122	1.0
95	123	1.0
95	124	1.0
95	125	1.0
95	126	1.0
95	127	1.0
95	128	1.0
95	129	1.0
95	130	1.0
95	131	1.0
95	132	1.0
95	133	1.0
13	134	1.0
13	135	1.0
13	136	1.0
13	137	1.0
13	138	1.0
13	139	1.0
13	140	1.0
13	141	1.0
13	142	1.0
13	143	1.0
13	144	1.0
13	145	1.0
13	146	1.0
13	147	1.0
13	148	1.0
13	149	1.0
149	150	1.0
149	151	1.0
149	152	1.0
149	153	1.0
149	154	1.0
149	155	1.0
149	156	1.0
149	157	1.0
13	158	1.0
13	159	1.0
13	160	1.0
13	161	1.0
13	162	1.0
13	163	1.0
13	164	1.0
13	165	1.0
13	166	1.0
13	167	1.0
13	168	1.0
13	169	1.0
13	170	1.0
13	171	1.0
13	172	1.0
13	173	1.0
13	174	1.0
13	175	1.0
13	176	1.0
13	177	1.0
13	178	1.0
13	179	1.0
13	180	1.0
13	181	1.0
13	182	1.0
13	183	1.0
13	184	1.0
13	185	1.0
13	186	1.0
13	187	1.0
13	188	1.0
13	189	1.0
13	190	1.0
13	191	1.0
13	192	1.0
13	193	1.0
13	194	1.0
13	195	1.0
13	196	1.0
13	197	1.0
13	198	1.0
13	199	1.0
13	200	1.0
13	201	1.0
201	202	1.0
201	203	1.0
201	204	1.0
201	205	1.0
13	206	1.0
13	207	1.0
13	208	1.0
13	209	1.0
13	210	1.0
13	211	1.0
13	212	1.0
13	213	1.0
13	214	1.0
13	215	1.0
13	216	1.0
13	217	1.0
13	218	1.0
13	219	1.0
13	220	1.0
13	221	1.0
13	222	1.0
13	223	1.0
13	224	1.0
13	225	1.0
13	226	1.0
13	227	1.0
13	228	1.0
13	229	1.0
13	230	1.0
13	231	1.0
13	232	1.0
13	233	1.0
13	234	1.0
13	235	1.0
13	236	1.0
13	237	1.0
13	238	1.0
13	239	1.0
13	240	1.0
13	241	1.0
13	242	1.0
13	243	1.0
13	244	1.0
13	245	1.0
13	246	1.0
13	247	1.0
13	248	1.0
13	249	1.0
13	250	1.0
13	251	1.0
13	252	1.0
13	253	1.0
13	254	1.0
13	255	1.0
13	256	1.0
13	257	1.0
13	258	1.0
13	259	1.0
13	260	1.0
13	261	1.0
13	262	1.0
13	263	1.0
13	264	1.0
13	265	1.0
13	266	1.0
13	267	1.0
13	268	1.0
13	269	1.0
13	270	1.0
13	271	1.0
13	272	1.0
13	273	1.0
13	274	1.0
13	275	1.0
13	276	1.0
13	277	1.0
13	278	1.0
13	279	1.0
13	280	1.0
13	281	1.0
13	282	1.0
13	283	1.0
13	284	1.0
13	285	1.0
13	286	1.0
13	287	1.0
13	288	1.0
13	289	1.0
13	290	1.0
13	291	1.0
13	292	1.0
13	293	1.0
13	294	1.0
13	295	1.0
13	296	1.0
13	297	1.0
13	298	1.0
13	299	1.0
13	300	1.0
13	301	1.0
13	302	1.0
13	303	1.0
13	304	1.0
13	305	1.0
13	306	1.0
13	307	1.0
13	308	1.0
13	309	1.0
13	310	1.0
13	311	1.0
13	312	1.0
13	313	1.0
13	314	1.0
13	315	1.0
13	316	1.0
13	317	1.0
13	318	1.0
13	319	1.0
13	320	1.0
13	321	1.0
13	322	1.0
13	323	1.0
13	324	1.0
13	325	1.0
13	326	1.0
13	327	1.0
13	328	1.0
13	329	1.0
13	330	1.0
13	331	1.0
13	332	1.0
13	333	1.0
13	334	1.0
13	335	1.0
13	336	1.0
13	337	1.0
13	338	1.0
13	339	1.0
13	340	1.0
13	341	1.0
13	342	1.0
13	343	1.0
13	344	1.0
13	345	1.0
13	346	1.0
13	347	1.0
13	348	1.0
13	349	1.0
13	350	1.0
13	351	1.0
13	352	1.0
13	353	1.0
13	354	1.0
13	355	1.0
13	356	1.0
13	357	1.0
13	358	1.0
13	359	1.0
13	360	1.0
13	361	1.0
13	362	1.0
13	363	1.0
13	364	1.0
13	365	1.0
13	366	1.0
13	367	1.0
13	368	1.0
13	369	1.0
13	370	1.0
13	371	1.0
13	372	1.0
13	373	1.0
13	374	1.0
13	375	1.0
13	376	1.0
13	377	1.0
13	378	1.0
13	379	1.0
13	380	1.0
13	381	1.0
13	382	1.0
13	383	1.0
13	384	1.0
13	385	1.0
13	386	1.0
13	387	1.0
13	388	1.0
13	389	1.0
13	390	1.0
13	391	1.0
13	392	1.0
13	393	1.0
13	394	1.0
13	395	1.0
13	396	1.0
13	397	1.0
13	398	1.0
13	399	1.0
13	400	1.0
13	401	1.0
13	402	1.0
13	403	1.0
13	404	1.0
13	405	1.0
13	406	1.0
13	407	1.0
13	408	1.0
13	409	1.0
13	410	1.0
13	411	1.0
13	412	1.0
13	413	1.0
13	414	1.0
13	415	1.0
13	416	1.0
13	417	1.0
13	418	1.0
13	419	1.0
13	420	1.0
13	421	1.0
13	422	1.0
13	423	1.0
13	424	1.0
13	425	1.0
13	426	1.0
13	427	1.0
13	428	1.0
13	429	1.0
13	430	1.0
13	431	1.0
13	432	1.0
13	433	1.0
13	434	1.0
13	435	1.0
13	436	1.0
13	437	1.0
13	438	1.0
13	439	1.0
13	440	1.0
13	441	1.0
13	442	1.0
13	443	1.0
13	444	1.0
13	445	1.0
13	446	1.0
13	447	1.0
13	448	1.0
13	449	1.0
13	450	1.0
13	451	1.0
13	452	1.0
13	453	1.0
13	454	1.0
13	455	1.0
13	456	1.0
13	457	1.0
13	458	1.0
13	459	1.0
459	460	1.0
459	461	1.0
459	462	1.0
459	463	1.0
13	464	1.0
13	465	1.0
13	466	1.0
13	467	1.0
13	468	1.0
13	469	1.0
13	470	1.0
13	471	1.0
13	472	1.0
13	473	1.0
13	474	1.0
13	475	1.0
13	476	1.0
13	477	1.0
13	478	1.0
13	479	1.0
13	480	1.0
13	481	1.0
13	482	1.0
13	483	1.0
13	484	1.0
13	485	1.0
13	486	1.0
13	487	1.0
13	488	1.0
13	489	1.0
13	490	1.0
13	491	1.0
13	492	1.0
13	493	1.0
13	494	1.0
13	495	1.0
13	496	1.0
13	497	1.0
13	498	1.0
13	499	1.0
13	500	1.0
13	501	1.0
13	502	1.0
502	503	1.0
502	504	1.0
502	505	1.0
502	506	1.0
502	507	1.0
502	508	1.0
502	509	1.0
502	510	1.0
502	511	1.0
502	512	1.0
502	513	1.0
502	514	1.0
502	515	1.0
13	516	1.0
13	517	1.0
13	518	1.0
13	519	1.0
13	520	1.0
13	521	1.0
13	522	1.0
13	523	1.0
13	524	1.0
13	525	1.0
13	526	1.0
13	527	1.0
13	528	1.0
13	529	1.0
13	530	1.0
13	531	1.0
13	532	1.0
13	533	1.0
13	534	1.0
13	535	1.0
13	536	1.0
13	537	1.0
13	538	1.0
13	539	1.0
13	540	1.0
13	541	1.0
13	542	1.0
13	543	1.0
13	544	1.0
13	545	1.0
13	546	1.0
13	547	1.0
13	548	1.0
13	549	1.0
13	550	1.0
13	551	1.0
13	552	1.0
13	553	1.0
13	554	1.0
13	555	1.0
13	556	1.0
13	557	1.0
13	558	1.0
13	559	1.0
13	560	1.0
13	561	1.0
13	562	1.0
13	563	1.0
13	564	1.0
13	565	1.0
13	566	1.0
13	567	1.0
13	568	1.0
13	569	1.0
13	570	1.0
13	571	1.0
13	572	1.0
13	573	1.0
13	574	1.0
13	575	1.0
13	576	1.0
13	577	1.0
13	578	1.0
13	579	1.0
13	580	1.0
13	581	1.0
13	582	1.0
13	583	1.0
13	584	1.0
13	585	1.0
13	586	1.0
13	587	1.0
13	588	1.0
13	589	1.0
13	590	1.0
13	591	1.0
13	592	1.0
13	593	1.0
13	594	1.0
13	595	1.0
13	596	1.0
13	597	1.0
13	598	1.0
13	599	1.0
13	600	1.0
13	601	1.0
13	602	1.0
13	603	1.0
13	604	1.0
13	605	1.0
13	606	1.0
13	607	1.0
13	608	1.0
13	609	1.0
13	610	1.0
13	611	1.0
13	612	1.0
13	613	1.0
13	614	1.0
13	615	1.0
13	616	1.0
13	617	1.0
13	618	1.0
13	619	1.0
13	620	1.0
13	621	1.0
13	622	1.0
13	623	1.0
13	624	1.0
13	625	1.0
13	626	1.0
13	627	1.0
13	628	1.0
13	629	1.0
13	630	1.0
13	631	1.0
13	632	1.0
13	633	1.0
13	634	1.0
13	635	1.0
13	636	1.0
13	637	1.0
13	638	1.0
13	639	1.0
13	640	1.0
13	641	1.0
13	642	1.0
13	643	1.0
13	644	1.0
13	645	1.0
13	646	1.0
13	647	1.0
13	648	1.0
13	649	1.0
13	650	1.0
13	651	1.0
13	652	1.0
13	653	1.0
13	654	1.0
13	655	1.0
13	656	1.0
13	657	1.0
13	658	1.0
13	659	1.0
13	660	1.0
13	661	1.0
13	662	1.0
13	663	1.0
13	664	1.0
13	665	1.0
13	666	1.0
13	667	1.0
13	668	1.0
13	669	1.0
13	670	1.0
13	671	1.0
13	672	1.0
13	673	1.0
13	674	1.0
13	675	1.0
13	676	1.0
13	677	1.0
13	678	1.0
13	679	1.0
13	680	1.0
13	681	1.0
13	682	1.0
13	683	1.0
13	684	1.0
13	685	1.0
13	686	1.0
13	687	1.0
13	688	1.0
13	689	1.0
13	690	1.0
13	691	1.0
13	692	1.0
13	693	1.0
13	694	1.0
13	695	1.0
13	696	1.0
13	697	1.0
13	698	1.0
13	699	1.0
13	700	1.0
13	701	1.0
13	702	1.0
13	703	1.0
13	704	1.0
13	705	1.0
13	706	1.0
13	707	1.0
13	708	1.0
13	709	1.0
13	710	1.0
13	711	1.0
13	712	1.0
13	713	1.0
13	714	1.0
13	715	1.0
13	716	1.0
13	717	1.0
13	718	1.0
13	719	1.0
13	720	1.0
13	721	1.0
13	722	1.0
13	723	1.0
13	724	1.0
13	725	1.0
13	726	1.0
13	727	1.0
13	728	1.0
13	729	1.0
13	730	1.0
13	731	1.0
13	732	1.0
732	733	1.0
732	734	1.0
732	735	1.0
732	736	1.0
732	737	1.0
732	738	1.0
732	739	1.0
732	740	1.0
732	741	1.0
732	742	1.0
13	743	1.0
13	744	1.0
13	745	1.0
13	746	1.0
13	747	1.0
13	748	1.0
13	749	1.0
13	750	1.0
13	751	1.0
13	752	1.0
13	753	1.0
13	754	1.0
13	755	1.0
13	756	1.0
13	757	1.0
13	758	1.0
13	759	1.0
13	760	1.0
13	761	1.0
13	762	1.0
13	763	1.0
13	764	1.0
13	765	1.0
13	766	1.0
13	767	1.0
13	768	1.0
13	769	1.0
13	770	1.0
13	771	1.0
13	772	1.0
13	773	1.0
13	774	1.0
13	775	1.0
13	776	1.0
13	777	1.0
13	778	1.0
13	779	1.0
779	780	1.0
779	781	1.0
779	782	1.0
779	783	1.0
13	784	1.0
13	785	1.0
13	786	1.0
13	787	1.0
13	788	1.0
13	789	1.0
13	790	1.0
13	791	1.0
13	792	1.0
13	793	1.0
13	794	1.0
13	795	1.0
13	796	1.0
13	797	1.0
797	798	1.0
797	799	1.0
797	800	1.0
797	801	1.0
797	802	1.0
797	803	1.0
797	804	1.0
797	805	1.0
797	806	1.0
13	807	1.0
13	808	1.0
13	809	1.0
13	810	1.0
13	811	1.0
13	812	1.0
13	813	1.0
13	814	1.0
13	815	1.0
13	816	1.0
13	817	1.0
13	818	1.0
13	819	1.0
819	820	1.0
819	821	1.0
819	822	1.0
819	823	1.0
819	824	1.0
819	825	1.0
819	826	1.0
819	827	1.0
819	828	1.0
819	829	1.0
819	830	1.0
819	831	1.0
13	832	1.0
13	833	1.0
13	834	1.0
13	835	1.0
13	836	1.0
13	837	1.0
13	838	1.0
13	839	1.0
13	840	1.0
13	841	1.0
13	842	1.0
13	843	1.0
13	844	1.0
13	845	1.0
13	846	1.0
13	847	1.0
13	848	1.0
13	849	1.0
13	850	1.0
13	851	1.0
13	852	1.0
13	853	1.0
13	854	1.0
13	855	1.0
13	856	1.0
13	857	1.0
13	858	1.0
13	859	1.0
13	860	1.0
13	861	1.0
13	862	1.0
13	863	1.0
13	864	1.0
13	865	1.0
13	866	1.0
13	867	1.0
13	868	1.0
13	869	1.0
13	870	1.0
13	871	1.0
13	872	1.0
13	873	1.0
13	874	1.0
13	875	1.0
13	876	1.0
13	877	1.0
13	878	1.0
13	879	1.0
13	880	1.0
13	881	1.0
13	882	1.0
13	883	1.0
13	884	1.0
13	885	1.0
13	886	1.0
13	887	1.0
13	888	1.0
13	889	1.0
13	890	1.0
13	891	1.0
13	892	1.0
13	893	1.0
13	894	1.0
13	895	1.0
13	896	1.0
13	897	1.0
13	898	1.0
13	899	1.0
13	900	1.0
13	901	1.0
13	902	1.0
13	903	1.0
13	904	1.0
13	905	1.0
13	906	1.0
13	907	1.0
13	908	1.0
13	909	1.0
13	910	1.0
13	911	1.0
13	912	1.0
13	913	1.0
13	914	1.0
13	915	1.0
13	916	1.0
13	917	1.0
13	918	1.0
13	919	1.0
13	920	1.0
13	921	1.0
13	922	1.0
13	923	1.0
13	924	1.0
13	925	1.0
13	926	1.0
13	927	1.0
13	928	1.0
928	929	1.0
928	930	1.0
928	931	1.0
928	932	1.0
928	933	1.0
928	934	1.0
928	935	1.0
928	936	1.0
928	937	1.0
928	938	1.0
928	939	1.0
928	940	1.0
13	941	1.0
13	942	1.0
13	943	1.0
13	944	1.0
13	945	1.0
13	946	1.0
13	947	1.0
13	948	1.0
13	949	1.0
13	950	1.0
13	951	1.0
13	952	1.0
13	953	1.0
13	954	1.0
13	955	1.0
13	956	1.0
13	957	1.0
13	958	1.0
13	959	1.0
13	960	1.0
13	961	1.0
13	962	1.0
13	963	1.0
13	964	1.0
13	965	1.0
13	966	1.0
13	967	1.0
13	968	1.0
13	969	1.0
13	970	1.0
13	971	1.0
13	972	1.0
13	973	1.0
13	974	1.0
13	975	1.0
13	976	1.0
13	977	1.0
13	978	1.0
13	979	1.0
13	980	1.0
13	981	1.0
13	982	1.0
13	983	1.0
13	984	1.0
13	985	1.0
13	986	1.0
13	987	1.0
13	988	1.0
13	989	1.0
13	990	1.0
13	991	1.0
13	992	1.0
13	993	1.0
13	994	1.0
13	995	1.0
13	996	1.0
13	997	1.0
13	998	1.0
13	999	1.0
13	1000	1.0
13	1001	1.0
13	1002	1.0
13	1003	1.0
13	1004	1.0
13	1005	1.0
13	1006	1.0
13	1007	1.0
13	1008	1.0
13	1009	1.0
13	1010	1.0
13	1011	1.0
13	1012	1.0
13	1013	1.0
13	1014	1.0
13	1015	1.0
13	1016	1.0
13	1017	1.0
13	1018	1.0
13	1019	1.0
13	1020	1.0
13	1021	1.0
13	1022	1.0
13	1023	1.0
13	1024	1.0
13	1025	1.0
13	1026	1.0
13	1027	1.0
13	1028	1.0
13	1029	1.0
13	1030	1.0
13	1031	1.0
13	1032	1.0
13	1033	1.0
13	1034	1.0
13	1035	1.0
13	1036	1.0
13	1037	1.0
13	1038	1.0
13	1039	1.0
13	1040	1.0
13	1041	1.0
13	1042	1.0
13	1043	1.0
13	1044	1.0
13	1045	1.0
13	1046	1.0
13	1047	1.0
13	1048	1.0
13	1049	1.0
13	1050	1.0
13	1051	1.0
13	1052	1.0
13	1053	1.0
13	1054	1.0
13	1055	1.0
13	1056	1.0
13	1057	1.0
13	1058	1.0
13	1059	1.0
13	1060	1.0
13	1061	1.0
13	1062	1.0
13	1063	1.0
13	1064	1.0
13	1065	1.0
13	1066	1.0
13	1067	1.0
13	1068	1.0
13	1069	1.0
13	1070	1.0
13	1071	1.0
13	1072	1.0
13	1073	1.0
13	1074	1.0
13	1075	1.0
13	1076	1.0
13	1077	1.0
13	1078	1.0
13	1079	1.0
13	1080	1.0
13	1081	1.0
13	1082	1.0
13	1083	1.0
13	1084	1.0
13	1085	1.0
13	1086	1.0
13	1087	1.0
13	1088	1.0
13	1089	1.0
13	1090	1.0
13	1091	1.0
13	1092	1.0
13	1093	1.0
13	1094	1.0
13	1095	1.0
13	1096	1.0
13	1097	1.0
13	1098	1.0
13	1099	1.0
13	1100	1.0
13	1101	1.0
13	1102	1.0
13	1103	1.0
13	1104	1.0
13	1105	1.0
13	1106	1.0
13	1107	1.0
13	1108	1.0
13	1109	1.0
13	1110	1.0
13	1111	1.0
13	1112	1.0
13	1113	1.0
13	1114	1.0
13	1115	1.0
13	1116	1.0
13	1117	1.0
13	1118	1.0
13	1119	1.0
13	1120	1.0
13	1121	1.0
13	1122	1.0
1122	1123	1.0
1122	1124	1.0
1122	1125	1.0
1122	1126	1.0
1122	1127	1.0
1122	1128	1.0
1122	1129	1.0
1122	1130	1.0
13	1131	1.0
13	1132	1.0
13	1133	1.0
13	1134	1.0
13	1135	1.0
13	1136	1.0
13	1137	1.0
13	1138	1.0
13	1139	1.0
13	1140	1.0
13	1141	1.0
13	1142	1.0
13	1143	1.0
13	1144	1.0
13	1145	1.0
13	1146	1.0
13	1147	1.0
13	1148	1.0
13	1149	1.0
13	1150	1.0
13	1151	1.0
13	1152	1.0
13	1153	1.0
13	1154	1.0
13	1155	1.0
13	1156	1.0
13	1157	1.0
13	1158	1.0
13	1159	1.0
13	1160	1.0
13	1161	1.0
13	1162	1.0
13	1163	1.0
13	1164	1.0
13	1165	1.0
13	1166	1.0
13	1167	1.0
13	1168	1.0
13	1169	1.0
13	1170	1.0
13	1171	1.0
13	1172	1.0
13	1173	1.0
13	1174	1.0
13	1175	1.0
13	1176	1.0
13	1177	1.0
13	1178	1.0
13	1179	1.0
13	1180	1.0
13	1181	1.0
13	1182	1.0
13	1183	1.0
13	1184	1.0
13	1185	1.0
13	1186	1.0
13	1187	1.0
13	1188	1.0
1188	1189	1.0
1188	1190	1.0
1188	1191	1.0
1188	1192	1.0
13	1193	1.0
13	1194	1.0
13	1195	1.0
13	1196	1.0
13	1197	1.0
13	1198	1.0
13	1199	1.0
13	1200	1.0
13	1201	1.0
13	1202	1.0
13	1203	1.0
13	1204	1.0
13	1205	1.0
13	1206	1.0
13	1207	1.0
13	1208	1.0
13	1209	1.0
13	1210	1.0
13	1211	1.0
13	1212	1.0
13	1213	1.0
13	1214	1.0
13	1215	1.0
13	1216	1.0
13	1217	1.0
13	1218	1.0
13	1219	1.0
13	1220	1.0
13	1221	1.0
13	1222	1.0
13	1223	1.0
13	1224	1.0
13	1225	1.0
13	1226	1.0
13	1227	1.0
13	1228	1.0
13	1229	1.0
13	1230	1.0
13	1231	1.0
13	1232	1.0
13	1233	1.0
13	1234	1.0
13	1235	1.0
13	1236	1.0
13	1237	1.0
13	1238	1.0
13	1239	1.0
13	1240	1.0
13	1241	1.0
13	1242	1.0
13	1243	1.0
13	1244	1.0
13	1245	1.0
13	1246	1.0
13	1247	1.0
13	1248	1.0
13	1249	1.0
13	1250	1.0
13	1251	1.0
13	1252	1.0
13	1253	1.0
13	1254	1.0
13	1255	1.0
13	1256	1.0
13	1257	1.0
13	1258	1.0
13	1259	1.0
13	1260	1.0
13	1261	1.0
13	1262	1.0
13	1263	1.0
13	1264	1.0
13	1265	1.0
13	1266	1.0
13	1267	1.0
13	1268	1.0
13	1269	1.0
13	1270	1.0
13	1271	1.0
13	1272	1.0
13	1273	1.0
13	1274	1.0
13	1275	1.0
13	1276	1.0
1276	1277	1.0
1276	1278	1.0
1276	1279	1.0
1276	1280	1.0
1276	1281	1.0
1276	1282	1.0
1276	1283	1.0
1276	1284	1.0
1276	1285	1.0
1276	1286	1.0
1276	1287	1.0
1276	1288	1.0
1276	1289	1.0
1276	1290	1.0
1276	1291	1.0
1276	1292	1.0
1276	1293	1.0
1276	1294	1.0
1276	1295	1.0
1276	1296	1.0
1276	1297	1.0
1297	1298	1.0
1297	1299	1.0
1297	1300	1.0
1297	1301	1.0
1297	1302	1.0
1276	1303	1.0
1276	1304	1.0
1276	1305	1.0
1276	1306	1.0
1276	1307	1.0
1276	1308	1.0
1276	1309	1.0
1276	1310	1.0
1276	1311	1.0
1276	1312	1.0
1276	1313	1.0
1276	1314	1.0
1276	1315	1.0
1276	1316	1.0
1276	1317	1.0
1276	1318	1.0
1276	1319	1.0
1276	1320	1.0
1276	1321	1.0
1276	1322	1.0
1276	1323	1.0
1276	1324	1.0
1276	1325	1.0
1276	1326	1.0
1276	1327	1.0
1276	1328	1.0
1276	1329	1.0
1276	1330	1.0
1276	1331	1.0
1276	1332	1.0
1276	1333	1.0
1276	1334	1.0
1276	1335	1.0
1276	1336	1.0
1276	1337	1.0
1276	1338	1.0
1276	1339	1.0
1276	1340	1.0
1276	1341	1.0
1276	1342	1.0
1276	1343	1.0
1276	1344	1.0
1276	1345	1.0
1276	1346	1.0
1276	1347	1.0
1276	1348	1.0
1276	1349	1.0
1276	1350	1.0
1276	1351	1.0
1276	1352	1.0
1276	1353	1.0
1276	1354	1.0
1276	1355	1.0
1276	1356	1.0
1276	1357	1.0
1276	1358	1.0
1276	1359	1.0
1276	1360	1.0
1276	1361	1.0
1276	1362	1.0
1276	1363	1.0
1276	1364	1.0
1276	1365	1.0
1276	1366	1.0
1276	1367	1.0
1276	1368	1.0
1276	1369	1.0
1369	1370	1.0
1369	1371	1.0
1369	1372	1.0
1369	1373	1.0
1276	1374	1.0
1276	1375	1.0
1276	1376	1.0
1276	1377	1.0
1276	1378	1.0
1276	1379	1.0
1276	1380	1.0
1276	1381	1.0
1276	1382	1.0
1276	1383	1.0
1276	1384	1.0
1276	1385	1.0
1276	1386	1.0
1276	1387	1.0
1276	1388	1.0
1276	1389	1.0
1276	1390	1.0
1276	1391	1.0
1276	1392	1.0
1276	1393	1.0
1276	1394	1.0
1276	1395	1.0
1276	1396	1.0
1276	1397	1.0
1276	1398	1.0
1276	1399	1.0
1276	1400	1.0
1276	1401	1.0
1276	1402	1.0
1276	1403	1.0
1276	1404	1.0
1276	1405	1.0
1276	1406	1.0
1276	1407	1.0
1276	1408	1.0
13	1409	1.0
13	1410	1.0
13	1411	1.0
13	1412	1.0
13	1413	1.0
13	1414	1.0
13	1415	1.0
13	1416	1.0
13	1417	1.0
13	1418	1.0
13	1419	1.0
13	1420	1.0
1420	1421	1.0
1420	1422	1.0
1420	1423	1.0
1420	1424	1.0
1420	1425	1.0
1420	1426	1.0
1420	1427	1.0
1420	1428	1.0
1420	1429	1.0
1420	1430	1.0
1420	1431	1.0
1420	1432	1.0
1420	1433	1.0
1420	1434	1.0
1420	1435	1.0
1420	1436	1.0
1420	1437	1.0
1420	1438	1.0
13	1439	1.0
13	1440	1.0
13	1441	1.0
13	1442	1.0
13	1443	1.0
13	1444	1.0
13	1445	1.0
13	1446	1.0
13	1447	1.0
13	1448	1.0
13	1449	1.0
13	1450	1.0
13	1451	1.0
13	1452	1.0
13	1453	1.0
13	1454	1.0
13	1455	1.0
13	1456	1.0
13	1457	1.0
13	1458	1.0
13	1459	1.0
13	1460	1.0
13	1461	1.0
13	1462	1.0
13	1463	1.0
13	1464	1.0
13	1465	1.0
13	1466	1.0
13	1467	1.0
13	1468	1.0
13	1469	1.0
13	1470	1.0
13	1471	1.0
13	1472	1.0
13	1473	1.0
13	1474	1.0
13	1475	1.0
13	1476	1.0
13	1477	1.0
13	1478	1.0
13	1479	1.0
13	1480	1.0
13	1481	1.0
13	1482	1.0
13	1483	1.0
13	1484	1.0
13	1485	1.0
13	1486	1.0
13	1487	1.0
13	1488	1.0
13	1489	1.0
13	1490	1.0
13	1491	1.0
13	1492	1.0
13	1493	1.0
13	1494	1.0
13	1495	1.0
13	1496	1.0
13	1497	1.0
13	1498	1.0
13	1499	1.0
13	1500	1.0
13	1501	1.0
13	1502	1.0
13	1503	1.0
13	1504	1.0
13	1505	1.0
13	1506	1.0
13	1507	1.0
13	1508	1.0
13	1509	1.0
13	1510	1.0
13	1511	1.0
13	1512	1.0
13	1513	1.0
13	1514	1.0
13	1515	1.0
13	1516	1.0
13	1517	1.0
13	1518	1.0
13	1519	1.0
13	1520	1.0
13	1521	1.0
13	1522	1.0
13	1523	1.0
13	1524	1.0
13	1525	1.0
13	1526	1.0
13	1527	1.0
1527	1528	1.0
1527	1529	1.0
1527	1530	1.0
1527	1531	1.0
1527	1532	1.0
1527	1533	1.0
1527	1534	1.0
1527	1535	1.0
1527	1536	1.0
1527	1537	1.0
1527	1538	1.0
1527	1539	1.0
1527	1540	1.0
1527	1541	1.0
13	1542	1.0
13	1543	1.0
13	1544	1.0
13	1545	1.0
13	1546	1.0
13	1547	1.0
13	1548	1.0
13	1549	1.0
13	1550	1.0
13	1551	1.0
13	1552	1.0
13	1553	1.0
13	1554	1.0
13	1555	1.0
13	1556	1.0
13	1557	1.0
13	1558	1.0
13	1559	1.0
13	1560	1.0
13	1561	1.0
13	1562	1.0
1562	1563	1.0
1562	1564	1.0
1562	1565	1.0
1562	1566	1.0
13	1567	1.0
13	1568	1.0
13	1569	1.0
13	1570	1.0
13	1571	1.0
13	1572	1.0
13	1573	1.0
13	1574	1.0
13	1575	1.0
13	1576	1.0
13	1577	1.0
13	1578	1.0
13	1579	1.0
13	1580	1.0
13	1581	1.0
13	1582	1.0
13	1583	1.0
13	1584	1.0
13	1585	1.0
13	1586	1.0
13	1587	1.0
13	1588	1.0
13	1589	1.0
13	1590	1.0
13	1591	1.0
13	1592	1.0
13	1593	1.0
13	1594	1.0
13	1595	1.0
13	1596	1.0
13	1597	1.0
13	1598	1.0
13	1599	1.0
13	1600	1.0
13	1601	1.0
13	1602	1.0
13	1603	1.0
13	1604	1.0
13	1605	1.0
13	1606	1.0
13	1607	1.0
13	1608	1.0
13	1609	1.0
13	1610	1.0
13	1611	1.0
13	1612	1.0
13	1613	1.0
13	1614	1.0
13	1615	1.0
13	1616	1.0
13	1617	1.0
13	1618	1.0
13	1619	1.0
13	1620	1.0
13	1621	1.0
13	1622	1.0
13	1623	1.0
13	1624	1.0
13	1625	1.0
13	1626	1.0
13	1627	1.0
13	1628	1.0
13	1629	1.0
13	1630	1.0
13	1631	1.0
13	1632	1.0
13	1633	1.0
13	1634	1.0
13	1635	1.0
13	1636	1.0
13	1637	1.0
13	1638	1.0
13	1639	1.0
13	1640	1.0
13	1641	1.0
13	1642	1.0
13	1643	1.0
13	1644	1.0
13	1645	1.0
13	1646	1.0
13	1647	1.0
13	1648	1.0
13	1649	1.0
13	1650	1.0
13	1651	1.0
13	1652	1.0
13	1653	1.0
13	1654	1.0
13	1655	1.0
13	1656	1.0
13	1657	1.0
13	1658	1.0
13	1659	1.0
13	1660	1.0
13	1661	1.0
13	1662	1.0
13	1663	1.0
13	1664	1.0
13	1665	1.0
13	1666	1.0
13	1667	1.0
13	1668	1.0
13	1669	1.0
13	1670	1.0
13	1671	1.0
13	1672	1.0
13	1673	1.0
13	1674	1.0
13	1675	1.0
13	1676	1.0
13	1677	1.0
13	1678	1.0
13	1679	1.0
13	1680	1.0
13	1681	1.0
13	1682	1.0
13	1683	1.0
13	1684	1.0
13	1685	1.0
13	1686	1.0
13	1687	1.0
13	1688	1.0
13	1689	1.0
13	1690	1.0
13	1691	1.0
13	1692	1.0
13	1693	1.0
13	1694	1.0
13	1695	1.0
1695	1696	1.0
1695	1697	1.0
1695	1698	1.0
1695	1699	1.0
13	1700	1.0
13	1701	1.0
13	1702	1.0
13	1703	1.0
13	1704	1.0
13	1705	1.0
13	1706	1.0
13	1707	1.0
13	1708	1.0
13	1709	1.0
13	1710	1.0
13	1711	1.0
13	1712	1.0
13	1713	1.0
13	1714	1.0
13	1715	1.0
13	1716	1.0
13	1717	1.0
13	1718	1.0
13	1719	1.0
13	1720	1.0
13	1721	1.0
13	1722	1.0
13	1723	1.0
13	1724	1.0
13	1725	1.0
13	1726	1.0
13	1727	1.0
13	1728	1.0
13	1729	1.0
13	1730	1.0
13	1731	1.0
13	1732	1.0
13	1733	1.0
13	1734	1.0
13	1735	1.0
13	1736	1.0
13	1737	1.0
13	1738	1.0
13	1739	1.0
13	1740	1.0
13	1741	1.0
13	1742	1.0
13	1743	1.0
13	1744	1.0
13	1745	1.0
13	1746	1.0
13	1747	1.0
13	1748	1.0
13	1749	1.0
13	1750	1.0
13	1751	1.0
13	1752	1.0
13	1753	1.0
13	1754	1.0
13	1755	1.0
13	1756	1.0
13	1757	1.0
13	1758	1.0
13	1759	1.0
13	1760	1.0
13	1761	1.0
13	1762	1.0
13	1763	1.0
13	1764	1.0
13	1765	1.0
13	1766	1.0
13	1767	1.0
13	1768	1.0
13	1769	1.0
13	1770	1.0
13	1771	1.0
13	1772	1.0
13	1773	1.0
13	1774	1.0
13	1775	1.0
13	1776	1.0
13	1777	1.0
13	1778	1.0
13	1779	1.0
13	1780	1.0
13	1781	1.0
13	1782	1.0
13	1783	1.0
13	1784	1.0
13	1785	1.0
13	1786	1.0
13	1787	1.0
13	1788	1.0
13	1789	1.0
13	1790	1.0
13	1791	1.0
13	1792	1.0
13	1793	1.0
13	1794	1.0
13	1795	1.0
13	1796	1.0
13	1797	1.0
1797	1798	1.0
1797	1799	1.0
1797	1800	1.0
1797	1801	1.0
1797	1802	1.0
1797	1803	1.0
13	1804	1.0
13	1805	1.0
13	1806	1.0
13	1807	1.0
13	1808	1.0
13	1809	1.0
13	1810	1.0
13	1811	1.0
13	1812	1.0
13	1813	1.0
13	1814	1.0
13	1815	1.0
13	1816	1.0
13	1817	1.0
13	1818	1.0
13	1819	1.0
13	1820	1.0
13	1821	1.0
13	1822	1.0
13	1823	1.0
13	1824	1.0
13	1825	1.0
13	1826	1.0
13	1827	1.0
13	1828	1.0
13	1829	1.0
13	1830	1.0
13	1831	1.0
13	1832	1.0
13	1833	1.0
13	1834	1.0
13	1835	1.0
13	1836	1.0
13	1837	1.0
1837	1838	1.0
1837	1839	1.0
1837	1840	1.0
1837	1841	1.0
1837	1842	1.0
1837	1843	1.0
1837	1844	1.0
1837	1845	1.0
1837	1846	1.0
1837	1847	1.0
1837	1848	1.0
1837	1849	1.0
1837	1850	1.0
1837	1851	1.0
1837	1852	1.0
1837	1853	1.0
1837	1854	1.0
1837	1855	1.0
1837	1856	1.0
1837	1857	1.0
1837	1858	1.0
1837	1859	1.0
1837	1860	1.0
1837	1861	1.0
1837	1862	1.0
1837	1863	1.0
1837	1864	1.0
13	1865	1.0
13	1866	1.0
13	1867	1.0
13	1868	1.0
13	1869	1.0
13	1870	1.0
13	1871	1.0
13	1872	1.0
13	1873	1.0
13	1874	1.0
13	1875	1.0
13	1876	1.0
13	1877	1.0
13	1878	1.0
13	1879	1.0
13	1880	1.0
13	1881	1.0
13	1882	1.0
13	1883	1.0
13	1884	1.0
13	1885	1.0
13	1886	1.0
13	1887	1.0
13	1888	1.0
13	1889	1.0
13	1890	1.0
1890	1891	1.0
1890	1892	1.0
1890	1893	1.0
1890	1894	1.0
13	1895	1.0
13	1896	1.0
13	1897	1.0
13	1898	1.0
1898	1899	1.0
1898	1900	1.0
1898	1901	1.0
1898	1902	1.0
1898	1903	1.0
1898	1904	1.0
1898	1905	1.0
13	1906	1.0
13	1907	1.0
13	1908	1.0
13	1909	1.0
13	1910	1.0
13	1911	1.0
13	1912	1.0
13	1913	1.0
13	1914	1.0
13	1915	1.0
13	1916	1.0
13	1917	1.0
13	1918	1.0
13	1919	1.0
13	1920	1.0
13	1921	1.0
13	1922	1.0
13	1923	1.0
13	1924	1.0
13	1925	1.0
13	1926	1.0
13	1927	1.0
13	1928	1.0
13	1929	1.0
13	1930	1.0
13	1931	1.0
13	1932	1.0
13	1933	1.0
13	1934	1.0
13	1935	1.0
13	1936	1.0
13	1937	1.0
13	1938	1.0
13	1939	1.0
13	1940	1.0
13	1941	1.0
13	1942	1.0
13	1943	1.0
13	1944	1.0
13	1945	1.0
13	1946	1.0
13	1947	1.0
13	1948	1.0
13	1949	1.0
13	1950	1.0
13	1951	1.0
13	1952	1.0
13	1953	1.0
13	1954	1.0
13	1955	1.0
13	1956	1.0
13	1957	1.0
13	1958	1.0
13	1959	1.0
13	1960	1.0
13	1961	1.0
13	1962	1.0
13	1963	1.0
13	1964	1.0
13	1965	1.0
13	1966	1.0
13	1967	1.0
13	1968	1.0
13	1969	1.0
13	1970	1.0
13	1971	1.0
13	1972	1.0
13	1973	1.0
13	1974	1.0
13	1975	1.0
13	1976	1.0
13	1977	1.0
13	1978	1.0
13	1979	1.0
13	1980	1.0
13	1981	1.0
13	1982	1.0
13	1983	1.0
13	1984	1.0
13	1985	1.0
13	1986	1.0
13	1987	1.0
13	1988	1.0
13	1989	1.0
13	1990	1.0
13	1991	1.0
13	1992	1.0
13	1993	1.0
13	1994	1.0
13	1995	1.0
13	1996	1.0
13	1997	1.0
13	1998	1.0
13	1999	1.0
13	2000	1.0
13	2001	1.0
13	2002	1.0
13	2003	1.0
13	2004	1.0
13	2005	1.0
13	2006	1.0
13	2007	1.0
13	2008	1.0
13	2009	1.0
13	2010	1.0
13	2011	1.0
13	2012	1.0
13	2013	1.0
13	2014	1.0
13	2015	1.0
13	2016	1.0
13	2017	1.0
13	2018	1.0
13	2019	1.0
13	2020	1.0
13	2021	1.0
13	2022	1.0
13	2023	1.0
13	2024	1.0
9	2025	1.0
8	2026	1.0
7	2027	1.0
7	2028	1.0
7	2029	1.0
7	2030	1.0
7	2031	1.0
