0	1	1.0
0	2	1.0
0	3	1.0
0	4	1.0
4	5	1.0
4	6	1.0
4	7	1.0
4	8	1.0
8	9	1.0
8	10	1.0
10	11	1.0
10	12	1.0
10	13	1.0
10	14	1.0
10	15	1.0
10	16	1.0
10	17	1.0
10	18	1.0
10	19	1.0
10	20	1.0
10	21	1.0
10	22	1.0
10	23	1.0
10	24	1.0
10	25	1.0
10	26	1.0
10	27	1.0
10	28	1.0
10	29	1.0
10	30	1.0
10	31	1.0
10	32	1.0
10	33	1.0
10	34	1.0
10	35	1.0
10	36	1.0
10	37	1.0
10	38	1.0
10	39	1.0
10	40	1.0
10	41	1.0
10	42	1.0
10	43	1.0
10	44	1.0
10	45	1.0
10	46	1.0
10	47	1.0
10	48	1.0
10	49	1.0
10	50	1.0
10	51	1.0
10	52	1.0
10	53	1.0
10	54	1.0
10	55	1.0
10	56	1.0
10	57	1.0
10	58	1.0
10	59	1.0
10	60	1.0
10	61	1.0
10	62	1.0
10	63	1.0
10	64	1.0
10	65	1.0
10	66	1.0
10	67	1.0
10	68	1.0
10	69	1.0
10	70	1.0
10	71	1.0
10	72	1.0
10	73	1.0
10	74	1.0
10	75	1.0
10	76	1.0
10	77	1.0
10	78	1.0
10	79	1.0
10	80	1.0
80	81	1.0
80	82	1.0
80	83	1.0
80	84	1.0
84	85	1.0
84	86	1.0
84	87	1.0
84	88	1.0
84	89	1.0
84	90	1.0
84	91	1.0
84	92	1.0
84	93	1.0
84	94	1.0
84	95	1.0
84	96	1.0
84	97	1.0
84	98	1.0
84	99	1.0
84	100	1.0
84	101	1.0
84	102	1.0
84	103	1.0
84	104	1.0
84	105	1.0
84	106	1.0
84	107	1.0
84	108	1.0
84	109	1.0
84	110	1.0
84	111	1.0
84	112	1.0
84	113	1.0
84	114	1.0
84	115	1.0
84	116	1.0
84	117	1.0
84	118	1.0
84	119	1.0
80	120	1.0
10	121	1.0
10	122	1.0
10	123	1.0
10	124	1.0
10	125	1.0
10	126	1.0
10	127	1.0
10	128	1.0
10	129	1.0
10	130	1.0
10	131	1.0
10	132	1.0
10	133	1.0
10	134	1.0
10	135	1.0
10	136	1.0
10	137	1.0
10	138	1.0
10	139	1.0
10	140	1.0
10	141	1.0
10	142	1.0
10	143	1.0
10	144	1.0
10	145	1.0
10	146	1.0
10	147	1.0
10	148	1.0
10	149	1.0
10	150	1.0
10	151	1.0
10	152	1.0
10	153	1.0
10	154	1.0
10	155	1.0
10	156	1.0
10	157	1.0
10	158	1.0
10	159	1.0
10	160	1.0
10	161	1.0
10	162	1.0
10	163	1.0
10	164	1.0
10	165	1.0
10	166	1.0
10	167	1.0
10	168	1.0
10	169	1.0
169	170	1.0
170	171	1.0
170	172	1.0
170	173	1.0
170	174	1.0
170	175	1.0
170	176	1.0
170	177	1.0
170	178	1.0
170	179	1.0
170	180	1.0
170	181	1.0
170	182	1.0
170	183	1.0
170	184	1.0
170	185	1.0
170	186	1.0
170	187	1.0
170	188	1.0
170	189	1.0
170	190	1.0
170	191	1.0
170	192	1.0
170	193	1.0
170	194	1.0
170	195	1.0
170	196	1.0
170	197	1.0
170	198	1.0
170	199	1.0
170	200	1.0
200	201	1.0
200	202	1.0
200	203	1.0
200	204	1.0
170	205	1.0
170	206	1.0
170	207	1.0
170	208	1.0
170	209	1.0
209	210	1.0
209	211	1.0
209	212	1.0
209	213	1.0
209	214	1.0
209	215	1.0
209	216	1.0
209	217	1.0
209	218	1.0
209	219	1.0
219	220	1.0
219	221	1.0
219	222	1.0
219	223	1.0
219	224	1.0
219	225	1.0
219	226	1.0
219	227	1.0
219	228	1.0
219	229	1.0
219	230	1.0
219	231	1.0
219	232	1.0
219	233	1.0
219	234	1.0
219	235	1.0
219	236	1.0
219	237	1.0
219	238	1.0
219	239	1.0
219	240	1.0
219	241	1.0
219	242	1.0
219	243	1.0
219	244	1.0
244	245	1.0
244	246	1.0
244	247	1.0
244	248	1.0
219	249	1.0
219	250	1.0
219	251	1.0
219	252	1.0
219	253	1.0
219	254	1.0
219	255	1.0
219	256	1.0
219	257	1.0
219	258	1.0
219	259	1.0
219	260	1.0
219	261	1.0
219	262	1.0
219	263	1.0
219	264	1.0
219	265	1.0
219	266	1.0
219	267	1.0
219	268	1.0
219	269	1.0
219	270	1.0
219	271	1.0
219	272	1.0
219	273	1.0
219	274	1.0
219	275	1.0
219	276	1.0
276	277	1.0
276	278	1.0
276	279	1.0
276	280	1.0
276	281	1.0
276	282	1.0
276	283	1.0
219	284	1.0
219	285	1.0
219	286	1.0
219	287	1.0
219	288	1.0
219	289	1.0
219	290	1.0
219	291	1.0
219	292	1.0
219	293	1.0
219	294	1.0
219	295	1.0
219	296	1.0
219	297	1.0
219	298	1.0
219	299	1.0
219	300	1.0
219	301	1.0
219	302	1.0
219	303	1.0
219	304	1.0
219	305	1.0
219	306	1.0
219	307	1.0
219	308	1.0
219	309	1.0
219	310	1.0
219	311	1.0
219	312	1.0
219	313	1.0
219	314	1.0
219	315	1.0
219	316	1.0
219	317	1.0
219	318	1.0
219	319	1.0
219	320	1.0
219	321	1.0
219	322	1.0
219	323	1.0
219	324	1.0
219	325	1.0
219	326	1.0
219	327	1.0
219	328	1.0
219	329	1.0
219	330	1.0
219	331	1.0
219	332	1.0
219	333	1.0
219	334	1.0
219	335	1.0
219	336	1.0
219	337	1.0
219	338	1.0
219	339	1.0
219	340	1.0
219	341	1.0
219	342	1.0
219	343	1.0
219	344	1.0
219	345	1.0
219	346	1.0
219	347	1.0
219	348	1.0
219	349	1.0
219	350	1.0
219	351	1.0
219	352	1.0
219	353	1.0
219	354	1.0
219	355	1.0
219	356	1.0
219	357	1.0
219	358	1.0
219	359	1.0
219	360	1.0
219	361	1.0
219	362	1.0
219	363	1.0
219	364	1.0
219	365	1.0
219	366	1.0
219	367	1.0
219	368	1.0
219	369	1.0
219	370	1.0
219	371	1.0
219	372	1.0
219	373	1.0
219	374	1.0
219	375	1.0
219	376	1.0
219	377	1.0
219	378	1.0
219	379	1.0
219	380	1.0
219	381	1.0
219	382	1.0
219	383	1.0
219	384	1.0
219	385	1.0
219	386	1.0
219	387	1.0
219	388	1.0
219	389	1.0
219	390	1.0
219	391	1.0
219	392	1.0
219	393	1.0
219	394	1.0
219	395	1.0
219	396	1.0
219	397	1.0
219	398	1.0
219	399	1.0
219	400	1.0
219	401	1.0
219	402	1.0
219	403	1.0
219	404	1.0
219	405	1.0
219	406	1.0
219	407	1.0
219	408	1.0
219	409	1.0
219	410	1.0
219	411	1.0
219	412	1.0
412	413	1.0
412	414	1.0
412	415	1.0
412	416	1.0
412	417	1.0
412	418	1.0
412	419	1.0
412	420	1.0
412	421	1.0
412	422	1.0
219	423	1.0
219	424	1.0
219	425	1.0
219	426	1.0
219	427	1.0
219	428	1.0
219	429	1.0
219	430	1.0
219	431	1.0
219	432	1.0
219	433	1.0
219	434	1.0
219	435	1.0
219	436	1.0
219	437	1.0
219	438	1.0
219	439	1.0
219	440	1.0
219	441	1.0
219	442	1.0
219	443	1.0
219	444	1.0
219	445	1.0
219	446	1.0
219	447	1.0
219	448	1.0
219	449	1.0
219	450	1.0
219	451	1.0
219	452	1.0
219	453	1.0
219	454	1.0
219	455	1.0
219	456	1.0
219	457	1.0
219	458	1.0
219	459	1.0
219	460	1.0
219	461	1.0
219	462	1.0
219	463	1.0
219	464	1.0
219	465	1.0
219	466	1.0
219	467	1.0
219	468	1.0
219	469	1.0
219	470	1.0
219	471	1.0
219	472	1.0
219	473	1.0
219	474	1.0
219	475	1.0
219	476	1.0
219	477	1.0
219	478	1.0
219	479	1.0
219	480	1.0
219	481	1.0
219	482	1.0
219	483	1.0
219	484	1.0
219	485	1.0
219	486	1.0
219	487	1.0
219	488	1.0
219	489	1.0
219	490	1.0
219	491	1.0
219	492	1.0
219	493	1.0
219	494	1.0
219	495	1.0
219	496	1.0
219	497	1.0
219	498	1.0
219	499	1.0
219	500	1.0
219	501	1.0
219	502	1.0
219	503	1.0
219	504	1.0
219	505	1.0
219	506	1.0
219	507	1.0
219	508	1.0
219	509	1.0
219	510	1.0
219	511	1.0
219	512	1.0
219	513	1.0
219	514	1.0
219	515	1.0
219	516	1.0
219	517	1.0
219	518	1.0
219	519	1.0
219	520	1.0
219	521	1.0
219	522	1.0
219	523	1.0
219	524	1.0
219	525	1.0
219	526	1.0
219	527	1.0
219	528	1.0
219	529	1.0
219	530	1.0
219	531	1.0
219	532	1.0
219	533	1.0
219	534	1.0
219	535	1.0
219	536	1.0
219	537	1.0
219	538	1.0
219	539	1.0
219	540	1.0
219	541	1.0
219	542	1.0
219	543	1.0
209	544	1.0
209	545	1.0
209	546	1.0
209	547	1.0
209	548	1.0
209	549	1.0
209	550	1.0
209	551	1.0
209	552	1.0
209	553	1.0
209	554	1.0
209	555	1.0
209	556	1.0
209	557	1.0
209	558	1.0
209	559	1.0
209	560	1.0
209	561	1.0
209	562	1.0
209	563	1.0
209	564	1.0
209	565	1.0
209	566	1.0
209	567	1.0
209	568	1.0
209	569	1.0
209	570	1.0
209	571	1.0
209	572	1.0
209	573	1.0
209	574	1.0
209	575	1.0
209	576	1.0
209	577	1.0
209	578	1.0
209	579	1.0
209	580	1.0
209	581	1.0
209	582	1.0
209	583	1.0
209	584	1.0
209	585	1.0
209	586	1.0
209	587	1.0
209	588	1.0
209	589	1.0
209	590	1.0
209	591	1.0
209	592	1.0
209	593	1.0
209	594	1.0
594	595	1.0
594	596	1.0
594	597	1.0
594	598	1.0
594	599	1.0
594	600	1.0
594	601	1.0
594	602	1.0
594	603	1.0
209	604	1.0
209	605	1.0
209	606	1.0
209	607	1.0
209	608	1.0
209	609	1.0
209	610	1.0
209	611	1.0
611	612	1.0
611	613	1.0
611	614	1.0
611	615	1.0
209	616	1.0
209	617	1.0
209	618	1.0
209	619	1.0
209	620	1.0
209	621	1.0
209	622	1.0
209	623	1.0
209	624	1.0
209	625	1.0
209	626	1.0
209	627	1.0
209	628	1.0
209	629	1.0
209	630	1.0
209	631	1.0
209	632	1.0
209	633	1.0
209	634	1.0
209	635	1.0
209	636	1.0
209	637	1.0
209	638	1.0
209	639	1.0
209	640	1.0
209	641	1.0
209	642	1.0
209	643	1.0
209	644	1.0
209	645	1.0
209	646	1.0
209	647	1.0
209	648	1.0
209	649	1.0
209	650	1.0
209	651	1.0
209	652	1.0
209	653	1.0
209	654	1.0
209	655	1.0
209	656	1.0
209	657	1.0
209	658	1.0
209	659	1.0
209	660	1.0
209	661	1.0
209	662	1.0
209	663	1.0
209	664	1.0
209	665	1.0
209	666	1.0
209	667	1.0
209	668	1.0
209	669	1.0
209	670	1.0
209	671	1.0
209	672	1.0
209	673	1.0
209	674	1.0
209	675	1.0
209	676	1.0
209	677	1.0
209	678	1.0
209	679	1.0
209	680	1.0
209	681	1.0
209	682	1.0
209	683	1.0
209	684	1.0
209	685	1.0
209	686	1.0
209	687	1.0
209	688	1.0
688	689	1.0
688	690	1.0
688	691	1.0
688	692	1.0
688	693	1.0
688	694	1.0
688	695	1.0
209	696	1.0
209	697	1.0
209	698	1.0
209	699	1.0
209	700	1.0
209	701	1.0
209	702	1.0
209	703	1.0
209	704	1.0
209	705	1.0
209	706	1.0
209	707	1.0
209	708	1.0
209	709	1.0
209	710	1.0
209	711	1.0
209	712	1.0
209	713	1.0
209	714	1.0
209	715	1.0
209	716	1.0
209	717	1.0
209	718	1.0
209	719	1.0
209	720	1.0
209	721	1.0
209	722	1.0
209	723	1.0
209	724	1.0
209	725	1.0
209	726	1.0
209	727	1.0
209	728	1.0
209	729	1.0
209	730	1.0
209	731	1.0
209	732	1.0
209	733	1.0
209	734	1.0
209	735	1.0
209	736	1.0
209	737	1.0
209	738	1.0
209	739	1.0
209	740	1.0
209	741	1.0
209	742	1.0
209	743	1.0
209	744	1.0
209	745	1.0
209	746	1.0
209	747	1.0
209	748	1.0
209	749	1.0
209	750	1.0
209	751	1.0
209	752	1.0
209	753	1.0
209	754	1.0
209	755	1.0
209	756	1.0
209	757	1.0
209	758	1.0
209	759	1.0
209	760	1.0
209	761	1.0
209	762	1.0
209	763	1.0
209	764	1.0
209	765	1.0
209	766	1.0
209	767	1.0
209	768	1.0
209	769	1.0
209	770	1.0
209	771	1.0
209	772	1.0
209	773	1.0
209	774	1.0
209	775	1.0
209	776	1.0
209	777	1.0
209	778	1.0
209	779	1.0
209	780	1.0
209	781	1.0
209	782	1.0
209	783	1.0
209	784	1.0
209	785	1.0
209	786	1.0
209	787	1.0
209	788	1.0
209	789	1.0
209	790	1.0
209	791	1.0
209	792	1.0
209	793	1.0
209	794	1.0
209	795	1.0
209	796	1.0
209	797	1.0
209	798	1.0
209	799	1.0
209	800	1.0
209	801	1.0
209	802	1.0
209	803	1.0
209	804	1.0
209	805	1.0
209	806	1.0
209	807	1.0
209	808	1.0
209	809	1.0
209	810	1.0
209	811	1.0
209	812	1.0
209	813	1.0
209	814	1.0
209	815	1.0
209	816	1.0
209	817	1.0
209	818	1.0
209	819	1.0
209	820	1.0
209	821	1.0
209	822	1.0
209	823	1.0
209	824	1.0
209	825	1.0
209	826	1.0
209	827	1.0
209	828	1.0
209	829	1.0
209	830	1.0
209	831	1.0
209	832	1.0
209	833	1.0
209	834	1.0
209	835	1.0
209	836	1.0
209	837	1.0
209	838	1.0
209	839	1.0
209	840	1.0
209	841	1.0
209	842	1.0
209	843	1.0
209	844	1.0
209	845	1.0
209	846	1.0
209	847	1.0
209	848	1.0
209	849	1.0
209	850	1.0
209	851	1.0
209	852	1.0
209	853	1.0
209	854	1.0
209	855	1.0
855	856	1.0
855	857	1.0
855	858	1.0
855	859	1.0
855	860	1.0
855	861	1.0
855	862	1.0
855	863	1.0
855	864	1.0
855	865	1.0
855	866	1.0
855	867	1.0
855	868	1.0
855	869	1.0
855	870	1.0
855	871	1.0
855	872	1.0
855	873	1.0
855	874	1.0
855	875	1.0
855	876	1.0
855	877	1.0
855	878	1.0
209	879	1.0
209	880	1.0
209	881	1.0
209	882	1.0
209	883	1.0
209	884	1.0
209	885	1.0
209	886	1.0
209	887	1.0
209	888	1.0
209	889	1.0
209	890	1.0
209	891	1.0
209	892	1.0
209	893	1.0
209	894	1.0
209	895	1.0
209	896	1.0
209	897	1.0
209	898	1.0
209	899	1.0
209	900	1.0
209	901	1.0
209	902	1.0
902	903	1.0
902	904	1.0
902	905	1.0
902	906	1.0
902	907	1.0
902	908	1.0
902	909	1.0
902	910	1.0
902	911	1.0
902	912	1.0
902	913	1.0
902	914	1.0
902	915	1.0
902	916	1.0
902	917	1.0
902	918	1.0
902	919	1.0
902	920	1.0
902	921	1.0
902	922	1.0
902	923	1.0
902	924	1.0
924	925	1.0
924	926	1.0
924	927	1.0
924	928	1.0
924	929	1.0
924	930	1.0
924	931	1.0
924	932	1.0
924	933	1.0
924	934	1.0
924	935	1.0
924	936	1.0
924	937	1.0
924	938	1.0
924	939	1.0
924	940	1.0
924	941	1.0
924	942	1.0
924	943	1.0
924	944	1.0
924	945	1.0
924	946	1.0
924	947	1.0
924	948	1.0
924	949	1.0
924	950	1.0
924	951	1.0
924	952	1.0
924	953	1.0
924	954	1.0
924	955	1.0
924	956	1.0
924	957	1.0
924	958	1.0
924	959	1.0
924	960	1.0
924	961	1.0
924	962	1.0
924	963	1.0
924	964	1.0
924	965	1.0
924	966	1.0
924	967	1.0
924	968	1.0
924	969	1.0
924	970	1.0
924	971	1.0
924	972	1.0
924	973	1.0
924	974	1.0
924	975	1.0
924	976	1.0
924	977	1.0
924	978	1.0
924	979	1.0
924	980	1.0
924	981	1.0
924	982	1.0
924	983	1.0
924	984	1.0
924	985	1.0
924	986	1.0
924	987	1.0
924	988	1.0
924	989	1.0
924	990	1.0
924	991	1.0
924	992	1.0
924	993	1.0
924	994	1.0
924	995	1.0
924	996	1.0
924	997	1.0
924	998	1.0
924	999	1.0
924	1000	1.0
924	1001	1.0
924	1002	1.0
924	1003	1.0
924	1004	1.0
924	1005	1.0
924	1006	1.0
924	1007	1.0
924	1008	1.0
924	1009	1.0
924	1010	1.0
924	1011	1.0
924	1012	1.0
924	1013	1.0
924	1014	1.0
924	1015	1.0
924	1016	1.0
924	1017	1.0
924	1018	1.0
924	1019	1.0
924	1020	1.0
924	1021	1.0
924	1022	1.0
924	1023	1.0
924	1024	1.0
924	1025	1.0
924	1026	1.0
924	1027	1.0
924	1028	1.0
924	1029	1.0
924	1030	1.0
924	1031	1.0
924	1032	1.0
924	1033	1.0
924	1034	1.0
924	1035	1.0
924	1036	1.0
924	1037	1.0
924	1038	1.0
924	1039	1.0
924	1040	1.0
924	1041	1.0
924	1042	1.0
924	1043	1.0
924	1044	1.0
924	1045	1.0
924	1046	1.0
924	1047	1.0
924	1048	1.0
924	1049	1.0
924	1050	1.0
924	1051	1.0
924	1052	1.0
924	1053	1.0
924	1054	1.0
924	1055	1.0
924	1056	1.0
924	1057	1.0
924	1058	1.0
924	1059	1.0
924	1060	1.0
924	1061	1.0
924	1062	1.0
924	1063	1.0
924	1064	1.0
924	1065	1.0
924	1066	1.0
924	1067	1.0
924	1068	1.0
924	1069	1.0
924	1070	1.0
924	1071	1.0
924	1072	1.0
924	1073	1.0
924	1074	1.0
924	1075	1.0
924	1076	1.0
924	1077	1.0
924	1078	1.0
924	1079	1.0
924	1080	1.0
924	1081	1.0
924	1082	1.0
924	1083	1.0
924	1084	1.0
924	1085	1.0
924	1086	1.0
924	1087	1.0
924	1088	1.0
924	1089	1.0
924	1090	1.0
924	1091	1.0
924	1092	1.0
924	1093	1.0
924	1094	1.0
924	1095	1.0
924	1096	1.0
924	1097	1.0
924	1098	1.0
924	1099	1.0
924	1100	1.0
924	1101	1.0
924	1102	1.0
924	1103	1.0
924	1104	1.0
924	1105	1.0
924	1106	1.0
924	1107	1.0
924	1108	1.0
924	1109	1.0
924	1110	1.0
924	1111	1.0
924	1112	1.0
924	1113	1.0
924	1114	1.0
924	1115	1.0
924	1116	1.0
924	1117	1.0
924	1118	1.0
924	1119	1.0
924	1120	1.0
924	1121	1.0
924	1122	1.0
924	1123	1.0
924	1124	1.0
924	1125	1.0
924	1126	1.0
924	1127	1.0
924	1128	1.0
924	1129	1.0
924	1130	1.0
924	1131	1.0
924	1132	1.0
924	1133	1.0
924	1134	1.0
924	1135	1.0
924	1136	1.0
1136	1137	1.0
1136	1138	1.0
1136	1139	1.0
1136	1140	1.0
1136	1141	1.0
1136	1142	1.0
1136	1143	1.0
1136	1144	1.0
1136	1145	1.0
1136	1146	1.0
924	1147	1.0
924	1148	1.0
924	1149	1.0
924	1150	1.0
924	1151	1.0
924	1152	1.0
924	1153	1.0
924	1154	1.0
924	1155	1.0
924	1156	1.0
924	1157	1.0
924	1158	1.0
924	1159	1.0
924	1160	1.0
924	1161	1.0
924	1162	1.0
924	1163	1.0
924	1164	1.0
924	1165	1.0
924	1166	1.0
924	1167	1.0
924	1168	1.0
924	1169	1.0
924	1170	1.0
924	1171	1.0
924	1172	1.0
924	1173	1.0
924	1174	1.0
924	1175	1.0
924	1176	1.0
924	1177	1.0
924	1178	1.0
924	1179	1.0
924	1180	1.0
924	1181	1.0
924	1182	1.0
924	1183	1.0
924	1184	1.0
924	1185	1.0
924	1186	1.0
924	1187	1.0
924	1188	1.0
924	1189	1.0
924	1190	1.0
924	1191	1.0
924	1192	1.0
924	1193	1.0
924	1194	1.0
924	1195	1.0
924	1196	1.0
924	1197	1.0
924	1198	1.0
924	1199	1.0
924	1200	1.0
924	1201	1.0
924	1202	1.0
924	1203	1.0
924	1204	1.0
924	1205	1.0
924	1206	1.0
924	1207	1.0
924	1208	1.0
924	1209	1.0
924	1210	1.0
924	1211	1.0
924	1212	1.0
924	1213	1.0
924	1214	1.0
924	1215	1.0
902	1216	1.0
209	1217	1.0
209	1218	1.0
209	1219	1.0
209	1220	1.0
209	1221	1.0
209	1222	1.0
209	1223	1.0
209	1224	1.0
209	1225	1.0
209	1226	1.0
209	1227	1.0
209	1228	1.0
209	1229	1.0
209	1230	1.0
209	1231	1.0
209	1232	1.0
209	1233	1.0
209	1234	1.0
209	1235	1.0
209	1236	1.0
209	1237	1.0
209	1238	1.0
209	1239	1.0
209	1240	1.0
209	1241	1.0
209	1242	1.0
209	1243	1.0
209	1244	1.0
209	1245	1.0
209	1246	1.0
209	1247	1.0
209	1248	1.0
209	1249	1.0
209	1250	1.0
209	1251	1.0
209	1252	1.0
209	1253	1.0
209	1254	1.0
209	1255	1.0
209	1256	1.0
209	1257	1.0
209	1258	1.0
209	1259	1.0
209	1260	1.0
209	1261	1.0
209	1262	1.0
209	1263	1.0
209	1264	1.0
209	1265	1.0
209	1266	1.0
209	1267	1.0
209	1268	1.0
209	1269	1.0
209	1270	1.0
209	1271	1.0
209	1272	1.0
209	1273	1.0
209	1274	1.0
209	1275	1.0
209	1276	1.0
209	1277	1.0
209	1278	1.0
209	1279	1.0
209	1280	1.0
209	1281	1.0
209	1282	1.0
209	1283	1.0
209	1284	1.0
209	1285	1.0
209	1286	1.0
209	1287	1.0
209	1288	1.0
209	1289	1.0
209	1290	1.0
209	1291	1.0
209	1292	1.0
209	1293	1.0
209	1294	1.0
209	1295	1.0
209	1296	1.0
209	1297	1.0
209	1298	1.0
209	1299	1.0
209	1300	1.0
209	1301	1.0
209	1302	1.0
209	1303	1.0
209	1304	1.0
209	1305	1.0
209	1306	1.0
209	1307	1.0
209	1308	1.0
209	1309	1.0
209	1310	1.0
209	1311	1.0
209	1312	1.0
209	1313	1.0
209	1314	1.0
209	1315	1.0
209	1316	1.0
209	1317	1.0
209	1318	1.0
209	1319	1.0
209	1320	1.0
209	1321	1.0
209	1322	1.0
209	1323	1.0
209	1324	1.0
209	1325	1.0
209	1326	1.0
209	1327	1.0
209	1328	1.0
209	1329	1.0
209	1330	1.0
209	1331	1.0
209	1332	1.0
209	1333	1.0
209	1334	1.0
209	1335	1.0
209	1336	1.0
209	1337	1.0
209	1338	1.0
209	1339	1.0
209	1340	1.0
209	1341	1.0
209	1342	1.0
209	1343	1.0
209	1344	1.0
209	1345	1.0
209	1346	1.0
209	1347	1.0
209	1348	1.0
209	1349	1.0
209	1350	1.0
209	1351	1.0
209	1352	1.0
209	1353	1.0
209	1354	1.0
209	1355	1.0
209	1356	1.0
209	1357	1.0
209	1358	1.0
209	1359	1.0
209	1360	1.0
209	1361	1.0
209	1362	1.0
209	1363	1.0
209	1364	1.0
209	1365	1.0
209	1366	1.0
209	1367	1.0
209	1368	1.0
209	1369	1.0
209	1370	1.0
1370	1371	1.0
1370	1372	1.0
1370	1373	1.0
1370	1374	1.0
209	1375	1.0
209	1376	1.0
209	1377	1.0
209	1378	1.0
209	1379	1.0
209	1380	1.0
209	1381	1.0
209	1382	1.0
209	1383	1.0
209	1384	1.0
209	1385	1.0
209	1386	1.0
209	1387	1.0
209	1388	1.0
209	1389	1.0
209	1390	1.0
209	1391	1.0
1391	1392	1.0
1391	1393	1.0
1391	1394	1.0
1391	1395	1.0
209	1396	1.0
209	1397	1.0
209	1398	1.0
209	1399	1.0
209	1400	1.0
209	1401	1.0
209	1402	1.0
209	1403	1.0
209	1404	1.0
209	1405	1.0
209	1406	1.0
209	1407	1.0
209	1408	1.0
209	1409	1.0
209	1410	1.0
209	1411	1.0
209	1412	1.0
209	1413	1.0
209	1414	1.0
209	1415	1.0
209	1416	1.0
209	1417	1.0
209	1418	1.0
209	1419	1.0
209	1420	1.0
209	1421	1.0
209	1422	1.0
209	1423	1.0
209	1424	1.0
209	1425	1.0
209	1426	1.0
209	1427	1.0
209	1428	1.0
209	1429	1.0
209	1430	1.0
209	1431	1.0
209	1432	1.0
209	1433	1.0
209	1434	1.0
209	1435	1.0
209	1436	1.0
209	1437	1.0
209	1438	1.0
209	1439	1.0
209	1440	1.0
209	1441	1.0
209	1442	1.0
209	1443	1.0
209	1444	1.0
209	1445	1.0
209	1446	1.0
209	1447	1.0
209	1448	1.0
209	1449	1.0
209	1450	1.0
209	1451	1.0
209	1452	1.0
209	1453	1.0
209	1454	1.0
209	1455	1.0
209	1456	1.0
209	1457	1.0
209	1458	1.0
209	1459	1.0
209	1460	1.0
209	1461	1.0
209	1462	1.0
209	1463	1.0
209	1464	1.0
209	1465	1.0
209	1466	1.0
209	1467	1.0
209	1468	1.0
209	1469	1.0
209	1470	1.0
209	1471	1.0
209	1472	1.0
209	1473	1.0
209	1474	1.0
209	1475	1.0
209	1476	1.0
209	1477	1.0
209	1478	1.0
209	1479	1.0
209	1480	1.0
209	1481	1.0
209	1482	1.0
209	1483	1.0
209	1484	1.0
209	1485	1.0
209	1486	1.0
209	1487	1.0
209	1488	1.0
209	1489	1.0
209	1490	1.0
209	1491	1.0
209	1492	1.0
209	1493	1.0
209	1494	1.0
170	1495	1.0
170	1496	1.0
170	1497	1.0
170	1498	1.0
170	1499	1.0
170	1500	1.0
170	1501	1.0
170	1502	1.0
170	1503	1.0
170	1504	1.0
170	1505	1.0
170	1506	1.0
170	1507	1.0
170	1508	1.0
170	1509	1.0
170	1510	1.0
170	1511	1.0
170	1512	1.0
170	1513	1.0
170	1514	1.0
170	1515	1.0
170	1516	1.0
170	1517	1.0
170	1518	1.0
170	1519	1.0
170	1520	1.0
170	1521	1.0
170	1522	1.0
170	1523	1.0
170	1524	1.0
170	1525	1.0
170	1526	1.0
170	1527	1.0
170	1528	1.0
170	1529	1.0
170	1530	1.0
170	1531	1.0
170	1532	1.0
170	1533	1.0
170	1534	1.0
170	1535	1.0
170	1536	1.0
170	1537	1.0
170	1538	1.0
170	1539	1.0
170	1540	1.0
170	1541	1.0
170	1542	1.0
170	1543	1.0
170	1544	1.0
170	1545	1.0
170	1546	1.0
170	1547	1.0
170	1548	1.0
170	1549	1.0
170	1550	1.0
170	1551	1.0
170	1552	1.0
170	1553	1.0
170	1554	1.0
170	1555	1.0
170	1556	1.0
170	1557	1.0
170	1558	1.0
170	1559	1.0
170	1560	1.0
170	1561	1.0
170	1562	1.0
170	1563	1.0
170	1564	1.0
170	1565	1.0
170	1566	1.0
170	1567	1.0
170	1568	1.0
170	1569	1.0
170	1570	1.0
170	1571	1.0
170	1572	1.0
170	1573	1.0
170	1574	1.0
170	1575	1.0
170	1576	1.0
170	1577	1.0
170	1578	1.0
170	1579	1.0
170	1580	1.0
170	1581	1.0
170	1582	1.0
170	1583	1.0
170	1584	1.0
170	1585	1.0
170	1586	1.0
170	1587	1.0
170	1588	1.0
170	1589	1.0
170	1590	1.0
170	1591	1.0
170	1592	1.0
170	1593	1.0
170	1594	1.0
170	1595	1.0
170	1596	1.0
170	1597	1.0
170	1598	1.0
170	1599	1.0
170	1600	1.0
170	1601	1.0
170	1602	1.0
170	1603	1.0
169	1604	1.0
169	1605	1.0
169	1606	1.0
169	1607	1.0
169	1608	1.0
169	1609	1.0
169	1610	1.0
169	1611	1.0
169	1612	1.0
169	1613	1.0
169	1614	1.0
169	1615	1.0
169	1616	1.0
169	1617	1.0
169	1618	1.0
169	1619	1.0
169	1620	1.0
169	1621	1.0
169	1622	1.0
169	1623	1.0
169	1624	1.0
169	1625	1.0
169	1626	1.0
169	1627	1.0
169	1628	1.0
169	1629	1.0
169	1630	1.0
169	1631	1.0
169	1632	1.0
169	1633	1.0
169	1634	1.0
169	1635	1.0
169	1636	1.0
169	1637	1.0
169	1638	1.0
169	1639	1.0
169	1640	1.0
169	1641	1.0
169	1642	1.0
169	1643	1.0
169	1644	1.0
169	1645	1.0
169	1646	1.0
169	1647	1.0
169	1648	1.0
169	1649	1.0
169	1650	1.0
169	1651	1.0
169	1652	1.0
169	1653	1.0
169	1654	1.0
169	1655	1.0
169	1656	1.0
169	1657	1.0
169	1658	1.0
169	1659	1.0
169	1660	1.0
169	1661	1.0
169	1662	1.0
169	1663	1.0
169	1664	1.0
169	1665	1.0
169	1666	1.0
169	1667	1.0
169	1668	1.0
169	1669	1.0
169	1670	1.0
169	1671	1.0
169	1672	1.0
169	1673	1.0
169	1674	1.0
169	1675	1.0
169	1676	1.0
169	1677	1.0
169	1678	1.0
169	1679	1.0
169	1680	1.0
169	1681	1.0
169	1682	1.0
169	1683	1.0
169	1684	1.0
169	1685	1.0
169	1686	1.0
169	1687	1.0
169	1688	1.0
169	1689	1.0
169	1690	1.0
169	1691	1.0
169	1692	1.0
169	1693	1.0
169	1694	1.0
169	1695	1.0
169	1696	1.0
169	1697	1.0
169	1698	1.0
169	1699	1.0
169	1700	1.0
169	1701	1.0
169	1702	1.0
169	1703	1.0
169	1704	1.0
169	1705	1.0
169	1706	1.0
169	1707	1.0
169	1708	1.0
169	1709	1.0
169	1710	1.0
169	1711	1.0
169	1712	1.0
169	1713	1.0
169	1714	1.0
169	1715	1.0
169	1716	1.0
169	1717	1.0
169	1718	1.0
169	1719	1.0
169	1720	1.0
169	1721	1.0
169	1722	1.0
169	1723	1.0
169	1724	1.0
169	1725	1.0
169	1726	1.0
169	1727	1.0
169	1728	1.0
169	1729	1.0
169	1730	1.0
169	1731	1.0
169	1732	1.0
169	1733	1.0
169	1734	1.0
169	1735	1.0
169	1736	1.0
169	1737	1.0
169	1738	1.0
169	1739	1.0
169	1740	1.0
169	1741	1.0
169	1742	1.0
169	1743	1.0
169	1744	1.0
169	1745	1.0
169	1746	1.0
169	1747	1.0
169	1748	1.0
169	1749	1.0
169	1750	1.0
169	1751	1.0
169	1752	1.0
169	1753	1.0
169	1754	1.0
169	1755	1.0
169	1756	1.0
169	1757	1.0
169	1758	1.0
169	1759	1.0
169	1760	1.0
169	1761	1.0
169	1762	1.0
169	1763	1.0
169	1764	1.0
169	1765	1.0
169	1766	1.0
169	1767	1.0
169	1768	1.0
169	1769	1.0
169	1770	1.0
169	1771	1.0
169	1772	1.0
169	1773	1.0
169	1774	1.0
169	1775	1.0
169	1776	1.0
169	1777	1.0
169	1778	1.0
169	1779	1.0
169	1780	1.0
1780	1781	1.0
1780	1782	1.0
1780	1783	1.0
1780	1784	1.0
169	1785	1.0
169	1786	1.0
169	1787	1.0
169	1788	1.0
169	1789	1.0
169	1790	1.0
169	1791	1.0
169	1792	1.0
169	1793	1.0
169	1794	1.0
169	1795	1.0
169	1796	1.0
169	1797	1.0
169	1798	1.0
169	1799	1.0
169	1800	1.0
169	1801	1.0
169	1802	1.0
169	1803	1.0
169	1804	1.0
169	1805	1.0
169	1806	1.0
169	1807	1.0
169	1808	1.0
169	1809	1.0
169	1810	1.0
169	1811	1.0
169	1812	1.0
169	1813	1.0
169	1814	1.0
169	1815	1.0
169	1816	1.0
169	1817	1.0
169	1818	1.0
169	1819	1.0
169	1820	1.0
169	1821	1.0
169	1822	1.0
169	1823	1.0
169	1824	1.0
169	1825	1.0
169	1826	1.0
169	1827	1.0
169	1828	1.0
169	1829	1.0
169	1830	1.0
169	1831	1.0
169	1832	1.0
169	1833	1.0
169	1834	1.0
169	1835	1.0
169	1836	1.0
169	1837	1.0
169	1838	1.0
169	1839	1.0
169	1840	1.0
169	1841	1.0
169	1842	1.0
169	1843	1.0
169	1844	1.0
169	1845	1.0
169	1846	1.0
169	1847	1.0
169	1848	1.0
169	1849	1.0
169	1850	1.0
169	1851	1.0
169	1852	1.0
169	1853	1.0
169	1854	1.0
169	1855	1.0
169	1856	1.0
169	1857	1.0
169	1858	1.0
169	1859	1.0
169	1860	1.0
169	1861	1.0
169	1862	1.0
169	1863	1.0
169	1864	1.0
169	1865	1.0
169	1866	1.0
169	1867	1.0
169	1868	1.0
169	1869	1.0
169	1870	1.0
169	1871	1.0
169	1872	1.0
169	1873	1.0
169	1874	1.0
169	1875	1.0
169	1876	1.0
169	1877	1.0
169	1878	1.0
169	1879	1.0
169	1880	1.0
169	1881	1.0
169	1882	1.0
169	1883	1.0
169	1884	1.0
169	1885	1.0
169	1886	1.0
169	1887	1.0
169	1888	1.0
169	1889	1.0
169	1890	1.0
169	1891	1.0
169	1892	1.0
169	1893	1.0
169	1894	1.0
169	1895	1.0
169	1896	1.0
169	1897	1.0
169	1898	1.0
169	1899	1.0
169	1900	1.0
169	1901	1.0
169	1902	1.0
169	1903	1.0
169	1904	1.0
169	1905	1.0
169	1906	1.0
169	1907	1.0
169	1908	1.0
169	1909	1.0
169	1910	1.0
169	1911	1.0
169	1912	1.0
169	1913	1.0
169	1914	1.0
169	1915	1.0
169	1916	1.0
169	1917	1.0
169	1918	1.0
169	1919	1.0
169	1920	1.0
169	1921	1.0
169	1922	1.0
169	1923	1.0
169	1924	1.0
169	1925	1.0
169	1926	1.0
169	1927	1.0
169	1928	1.0
169	1929	1.0
169	1930	1.0
169	1931	1.0
169	1932	1.0
169	1933	1.0
169	1934	1.0
169	1935	1.0
169	1936	1.0
169	1937	1.0
169	1938	1.0
169	1939	1.0
169	1940	1.0
169	1941	1.0
169	1942	1.0
169	1943	1.0
169	1944	1.0
10	1945	1.0
10	1946	1.0
10	1947	1.0
10	1948	1.0
10	1949	1.0
10	1950	1.0
10	1951	1.0
10	1952	1.0
10	1953	1.0
1953	1954	1.0
1953	1955	1.0
1953	1956	1.0
1953	1957	1.0
10	1958	1.0
10	1959	1.0
10	1960	1.0
10	1961	1.0
10	1962	1.0
10	1963	1.0
10	1964	1.0
8	1965	1.0
8	1966	1.0
8	1967	1.0
8	1968	1.0
8	1969	1.0
8	1970	1.0
8	1971	1.0
8	1972	1.0
8	1973	1.0
4	1974	1.0
4	1975	1.0
4	1976	1.0
4	1977	1.0
4	1978	1.0
4	1979	1.0
4	1980	1.0
4	1981	1.0
4	1982	1.0
4	1983	1.0
4	1984	1.0
4	1985	1.0
4	1986	1.0
4	1987	1.0
4	1988	1.0
4	1989	1.0
4	1990	1.0
4	1991	1.0
4	1992	1.0
4	1993	1.0
4	1994	1.0
4	1995	1.0
4	1996	1.0
4	1997	1.0
4	1998	1.0
4	1999	1.0
4	2000	1.0
4	2001	1.0
4	2002	1.0
4	2003	1.0
4	2004	1.0
4	2005	1.0
4	2006	1.0
4	2007	1.0
4	2008	1.0
4	2009	1.0
4	2010	1.0
4	2011	1.0
4	2012	1.0
4	2013	1.0
4	2014	1.0
4	2015	1.0
4	2016	1.0
4	2017	1.0
4	2018	1.0
4	2019	1.0
4	2020	1.0
4	2021	1.0
4	2022	1.0
4	2023	1.0
4	2024	1.0
