0	1	1.0
1	2	1.0
2	3	1.0
2	4	1.0
2	5	1.0
2	6	1.0
2	7	1.0
2	8	1.0
2	9	1.0
2	10	1.0
2	11	1.0
2	12	1.0
2	13	1.0
2	14	1.0
2	15	1.0
2	16	1.0
2	17	1.0
2	18	1.0
2	19	1.0
2	20	1.0
2	21	1.0
2	22	1.0
2	23	1.0
2	24	1.0
24	25	1.0
24	26	1.0
24	27	1.0
24	28	1.0
24	29	1.0
24	30	1.0
24	31	1.0
24	32	1.0
24	33	1.0
24	34	1.0
34	35	1.0
34	36	1.0
34	37	1.0
34	38	1.0
34	39	1.0
34	40	1.0
34	41	1.0
34	42	1.0
24	43	1.0
24	44	1.0
24	45	1.0
24	46	1.0
24	47	1.0
24	48	1.0
24	49	1.0
24	50	1.0
24	51	1.0
24	52	1.0
24	53	1.0
24	54	1.0
24	55	1.0
24	56	1.0
2	57	1.0
2	58	1.0
2	59	1.0
2	60	1.0
2	61	1.0
61	62	1.0
61	63	1.0
61	64	1.0
61	65	1.0
61	66	1.0
61	67	1.0
61	68	1.0
61	69	1.0
2	70	1.0
2	71	1.0
2	72	1.0
2	73	1.0
2	74	1.0
2	75	1.0
2	76	1.0
2	77	1.0
2	78	1.0
2	79	1.0
2	80	1.0
2	81	1.0
2	82	1.0
2	83	1.0
2	84	1.0
2	85	1.0
2	86	1.0
2	87	1.0
87	88	1.0
87	89	1.0
87	90	1.0
87	91	1.0
87	92	1.0
87	93	1.0
87	94	1.0
87	95	1.0
87	96	1.0
87	97	1.0
87	98	1.0
87	99	1.0
87	100	1.0
87	101	1.0
87	102	1.0
87	103	1.0
103	104	1.0
103	105	1.0
103	106	1.0
103	107	1.0
103	108	1.0
103	109	1.0
103	110	1.0
103	111	1.0
103	112	1.0
103	113	1.0
103	114	1.0
103	115	1.0
103	116	1.0
103	117	1.0
103	118	1.0
103	119	1.0
103	120	1.0
103	121	1.0
103	122	1.0
103	123	1.0
103	124	1.0
103	125	1.0
103	126	1.0
103	127	1.0
103	128	1.0
103	129	1.0
103	130	1.0
103	131	1.0
103	132	1.0
103	133	1.0
103	134	1.0
103	135	1.0
103	136	1.0
103	137	1.0
103	138	1.0
103	139	1.0
103	140	1.0
103	141	1.0
103	142	1.0
103	143	1.0
103	144	1.0
103	145	1.0
103	146	1.0
103	147	1.0
103	148	1.0
103	149	1.0
103	150	1.0
103	151	1.0
103	152	1.0
103	153	1.0
153	154	1.0
153	155	1.0
153	156	1.0
153	157	1.0
153	158	1.0
153	159	1.0
153	160	1.0
153	161	1.0
153	162	1.0
153	163	1.0
153	164	1.0
153	165	1.0
153	166	1.0
153	167	1.0
153	168	1.0
153	169	1.0
153	170	1.0
103	171	1.0
103	172	1.0
103	173	1.0
103	174	1.0
174	175	1.0
174	176	1.0
174	177	1.0
174	178	1.0
174	179	1.0
174	180	1.0
174	181	1.0
174	182	1.0
174	183	1.0
174	184	1.0
174	185	1.0
174	186	1.0
186	187	1.0
186	188	1.0
186	189	1.0
186	190	1.0
186	191	1.0
174	192	1.0
174	193	1.0
174	194	1.0
174	195	1.0
174	196	1.0
174	197	1.0
174	198	1.0
174	199	1.0
174	200	1.0
174	201	1.0
174	202	1.0
174	203	1.0
174	204	1.0
174	205	1.0
174	206	1.0
174	207	1.0
174	208	1.0
174	209	1.0
174	210	1.0
174	211	1.0
174	212	1.0
174	213	1.0
174	214	1.0
174	215	1.0
174	216	1.0
174	217	1.0
174	218	1.0
174	219	1.0
219	220	1.0
219	221	1.0
219	222	1.0
219	223	1.0
219	224	1.0
219	225	1.0
219	226	1.0
219	227	1.0
219	228	1.0
219	229	1.0
219	230	1.0
219	231	1.0
219	232	1.0
174	233	1.0
174	234	1.0
174	235	1.0
174	236	1.0
174	237	1.0
174	238	1.0
174	239	1.0
174	240	1.0
174	241	1.0
174	242	1.0
174	243	1.0
174	244	1.0
174	245	1.0
174	246	1.0
174	247	1.0
174	248	1.0
174	249	1.0
174	250	1.0
174	251	1.0
174	252	1.0
174	253	1.0
174	254	1.0
174	255	1.0
174	256	1.0
174	257	1.0
174	258	1.0
174	259	1.0
174	260	1.0
174	261	1.0
174	262	1.0
174	263	1.0
174	264	1.0
174	265	1.0
265	266	1.0
265	267	1.0
265	268	1.0
265	269	1.0
265	270	1.0
265	271	1.0
265	272	1.0
265	273	1.0
265	274	1.0
265	275	1.0
265	276	1.0
174	277	1.0
277	278	1.0
277	279	1.0
277	280	1.0
277	281	1.0
277	282	1.0
277	283	1.0
277	284	1.0
277	285	1.0
277	286	1.0
277	287	1.0
277	288	1.0
277	289	1.0
277	290	1.0
277	291	1.0
277	292	1.0
277	293	1.0
277	294	1.0
277	295	1.0
277	296	1.0
277	297	1.0
277	298	1.0
277	299	1.0
277	300	1.0
277	301	1.0
277	302	1.0
277	303	1.0
277	304	1.0
277	305	1.0
277	306	1.0
277	307	1.0
277	308	1.0
277	309	1.0
277	310	1.0
277	311	1.0
277	312	1.0
277	313	1.0
277	314	1.0
277	315	1.0
277	316	1.0
277	317	1.0
277	318	1.0
277	319	1.0
277	320	1.0
277	321	1.0
277	322	1.0
277	323	1.0
277	324	1.0
277	325	1.0
277	326	1.0
174	327	1.0
174	328	1.0
174	329	1.0
174	330	1.0
174	331	1.0
174	332	1.0
174	333	1.0
174	334	1.0
174	335	1.0
174	336	1.0
174	337	1.0
174	338	1.0
174	339	1.0
174	340	1.0
174	341	1.0
174	342	1.0
174	343	1.0
174	344	1.0
174	345	1.0
174	346	1.0
174	347	1.0
174	348	1.0
174	349	1.0
174	350	1.0
174	351	1.0
174	352	1.0
174	353	1.0
174	354	1.0
174	355	1.0
174	356	1.0
174	357	1.0
174	358	1.0
174	359	1.0
174	360	1.0
174	361	1.0
174	362	1.0
174	363	1.0
174	364	1.0
174	365	1.0
174	366	1.0
174	367	1.0
174	368	1.0
174	369	1.0
174	370	1.0
174	371	1.0
174	372	1.0
174	373	1.0
174	374	1.0
174	375	1.0
174	376	1.0
174	377	1.0
174	378	1.0
174	379	1.0
174	380	1.0
174	381	1.0
174	382	1.0
174	383	1.0
174	384	1.0
174	385	1.0
174	386	1.0
174	387	1.0
174	388	1.0
174	389	1.0
174	390	1.0
174	391	1.0
174	392	1.0
174	393	1.0
174	394	1.0
174	395	1.0
174	396	1.0
174	397	1.0
174	398	1.0
174	399	1.0
174	400	1.0
174	401	1.0
174	402	1.0
174	403	1.0
174	404	1.0
174	405	1.0
174	406	1.0
174	407	1.0
174	408	1.0
174	409	1.0
174	410	1.0
174	411	1.0
174	412	1.0
174	413	1.0
174	414	1.0
174	415	1.0
174	416	1.0
174	417	1.0
174	418	1.0
174	419	1.0
174	420	1.0
174	421	1.0
174	422	1.0
174	423	1.0
174	424	1.0
174	425	1.0
174	426	1.0
174	427	1.0
174	428	1.0
174	429	1.0
174	430	1.0
174	431	1.0
174	432	1.0
174	433	1.0
174	434	1.0
174	435	1.0
174	436	1.0
174	437	1.0
174	438	1.0
174	439	1.0
174	440	1.0
174	441	1.0
174	442	1.0
174	443	1.0
174	444	1.0
174	445	1.0
174	446	1.0
174	447	1.0
174	448	1.0
174	449	1.0
174	450	1.0
174	451	1.0
174	452	1.0
174	453	1.0
174	454	1.0
174	455	1.0
174	456	1.0
174	457	1.0
174	458	1.0
174	459	1.0
174	460	1.0
174	461	1.0
174	462	1.0
174	463	1.0
174	464	1.0
174	465	1.0
174	466	1.0
174	467	1.0
174	468	1.0
174	469	1.0
174	470	1.0
174	471	1.0
174	472	1.0
174	473	1.0
174	474	1.0
174	475	1.0
174	476	1.0
174	477	1.0
174	478	1.0
174	479	1.0
174	480	1.0
174	481	1.0
174	482	1.0
174	483	1.0
174	484	1.0
174	485	1.0
174	486	1.0
174	487	1.0
174	488	1.0
174	489	1.0
174	490	1.0
174	491	1.0
174	492	1.0
174	493	1.0
174	494	1.0
174	495	1.0
174	496	1.0
174	497	1.0
174	498	1.0
174	499	1.0
174	500	1.0
174	501	1.0
174	502	1.0
174	503	1.0
174	504	1.0
174	505	1.0
174	506	1.0
174	507	1.0
174	508	1.0
174	509	1.0
174	510	1.0
174	511	1.0
174	512	1.0
174	513	1.0
174	514	1.0
174	515	1.0
174	516	1.0
174	517	1.0
174	518	1.0
174	519	1.0
174	520	1.0
174	521	1.0
174	522	1.0
174	523	1.0
174	524	1.0
174	525	1.0
174	526	1.0
174	527	1.0
174	528	1.0
174	529	1.0
174	530	1.0
174	531	1.0
174	532	1.0
174	533	1.0
174	534	1.0
174	535	1.0
174	536	1.0
174	537	1.0
174	538	1.0
174	539	1.0
174	540	1.0
174	541	1.0
174	542	1.0
174	543	1.0
174	544	1.0
174	545	1.0
174	546	1.0
174	547	1.0
174	548	1.0
174	549	1.0
174	550	1.0
174	551	1.0
174	552	1.0
174	553	1.0
174	554	1.0
174	555	1.0
174	556	1.0
174	557	1.0
174	558	1.0
174	559	1.0
174	560	1.0
174	561	1.0
174	562	1.0
174	563	1.0
174	564	1.0
174	565	1.0
174	566	1.0
174	567	1.0
174	568	1.0
174	569	1.0
174	570	1.0
174	571	1.0
103	572	1.0
103	573	1.0
103	574	1.0
103	575	1.0
103	576	1.0
103	577	1.0
103	578	1.0
103	579	1.0
103	580	1.0
103	581	1.0
103	582	1.0
103	583	1.0
103	584	1.0
103	585	1.0
103	586	1.0
103	587	1.0
103	588	1.0
103	589	1.0
103	590	1.0
103	591	1.0
103	592	1.0
103	593	1.0
103	594	1.0
103	595	1.0
103	596	1.0
103	597	1.0
103	598	1.0
103	599	1.0
103	600	1.0
103	601	1.0
103	602	1.0
103	603	1.0
103	604	1.0
103	605	1.0
103	606	1.0
103	607	1.0
103	608	1.0
103	609	1.0
103	610	1.0
103	611	1.0
103	612	1.0
103	613	1.0
103	614	1.0
103	615	1.0
103	616	1.0
103	617	1.0
103	618	1.0
103	619	1.0
103	620	1.0
103	621	1.0
103	622	1.0
103	623	1.0
103	624	1.0
103	625	1.0
103	626	1.0
103	627	1.0
103	628	1.0
103	629	1.0
103	630	1.0
103	631	1.0
103	632	1.0
103	633	1.0
103	634	1.0
103	635	1.0
103	636	1.0
103	637	1.0
103	638	1.0
103	639	1.0
103	640	1.0
103	641	1.0
103	642	1.0
103	643	1.0
103	644	1.0
103	645	1.0
103	646	1.0
103	647	1.0
103	648	1.0
103	649	1.0
103	650	1.0
103	651	1.0
103	652	1.0
103	653	1.0
103	654	1.0
103	655	1.0
103	656	1.0
103	657	1.0
103	658	1.0
103	659	1.0
103	660	1.0
103	661	1.0
103	662	1.0
103	663	1.0
103	664	1.0
103	665	1.0
103	666	1.0
103	667	1.0
103	668	1.0
103	669	1.0
103	670	1.0
103	671	1.0
103	672	1.0
103	673	1.0
103	674	1.0
103	675	1.0
103	676	1.0
103	677	1.0
103	678	1.0
103	679	1.0
103	680	1.0
103	681	1.0
103	682	1.0
103	683	1.0
103	684	1.0
103	685	1.0
103	686	1.0
103	687	1.0
103	688	1.0
103	689	1.0
103	690	1.0
103	691	1.0
103	692	1.0
103	693	1.0
103	694	1.0
103	695	1.0
103	696	1.0
103	697	1.0
103	698	1.0
103	699	1.0
103	700	1.0
103	701	1.0
103	702	1.0
103	703	1.0
103	704	1.0
103	705	1.0
103	706	1.0
103	707	1.0
103	708	1.0
103	709	1.0
103	710	1.0
103	711	1.0
103	712	1.0
103	713	1.0
103	714	1.0
103	715	1.0
103	716	1.0
103	717	1.0
103	718	1.0
103	719	1.0
103	720	1.0
103	721	1.0
103	722	1.0
103	723	1.0
103	724	1.0
103	725	1.0
103	726	1.0
103	727	1.0
103	728	1.0
103	729	1.0
103	730	1.0
103	731	1.0
103	732	1.0
103	733	1.0
103	734	1.0
103	735	1.0
103	736	1.0
103	737	1.0
103	738	1.0
103	739	1.0
103	740	1.0
103	741	1.0
103	742	1.0
103	743	1.0
103	744	1.0
103	745	1.0
103	746	1.0
103	747	1.0
103	748	1.0
103	749	1.0
103	750	1.0
103	751	1.0
103	752	1.0
103	753	1.0
103	754	1.0
103	755	1.0
103	756	1.0
103	757	1.0
103	758	1.0
103	759	1.0
103	760	1.0
103	761	1.0
103	762	1.0
103	763	1.0
103	764	1.0
103	765	1.0
103	766	1.0
103	767	1.0
103	768	1.0
103	769	1.0
103	770	1.0
103	771	1.0
103	772	1.0
103	773	1.0
103	774	1.0
103	775	1.0
103	776	1.0
103	777	1.0
103	778	1.0
103	779	1.0
103	780	1.0
103	781	1.0
103	782	1.0
103	783	1.0
103	784	1.0
103	785	1.0
103	786	1.0
103	787	1.0
103	788	1.0
103	789	1.0
103	790	1.0
103	791	1.0
103	792	1.0
103	793	1.0
103	794	1.0
103	795	1.0
103	796	1.0
103	797	1.0
103	798	1.0
103	799	1.0
103	800	1.0
103	801	1.0
103	802	1.0
103	803	1.0
103	804	1.0
103	805	1.0
103	806	1.0
103	807	1.0
103	808	1.0
103	809	1.0
103	810	1.0
103	811	1.0
103	812	1.0
103	813	1.0
103	814	1.0
103	815	1.0
103	816	1.0
103	817	1.0
103	818	1.0
103	819	1.0
103	820	1.0
103	821	1.0
103	822	1.0
103	823	1.0
103	824	1.0
103	825	1.0
103	826	1.0
103	827	1.0
103	828	1.0
103	829	1.0
103	830	1.0
103	831	1.0
103	832	1.0
103	833	1.0
103	834	1.0
103	835	1.0
103	836	1.0
103	837	1.0
103	838	1.0
103	839	1.0
103	840	1.0
103	841	1.0
103	842	1.0
103	843	1.0
103	844	1.0
103	845	1.0
103	846	1.0
103	847	1.0
103	848	1.0
103	849	1.0
103	850	1.0
103	851	1.0
103	852	1.0
103	853	1.0
103	854	1.0
103	855	1.0
103	856	1.0
103	857	1.0
103	858	1.0
103	859	1.0
103	860	1.0
103	861	1.0
103	862	1.0
103	863	1.0
103	864	1.0
103	865	1.0
103	866	1.0
103	867	1.0
103	868	1.0
103	869	1.0
103	870	1.0
103	871	1.0
103	872	1.0
103	873	1.0
103	874	1.0
103	875	1.0
103	876	1.0
103	877	1.0
103	878	1.0
103	879	1.0
103	880	1.0
103	881	1.0
103	882	1.0
103	883	1.0
103	884	1.0
103	885	1.0
103	886	1.0
103	887	1.0
103	888	1.0
103	889	1.0
103	890	1.0
103	891	1.0
103	892	1.0
103	893	1.0
103	894	1.0
103	895	1.0
103	896	1.0
103	897	1.0
103	898	1.0
103	899	1.0
103	900	1.0
103	901	1.0
103	902	1.0
103	903	1.0
103	904	1.0
103	905	1.0
103	906	1.0
103	907	1.0
103	908	1.0
103	909	1.0
103	910	1.0
103	911	1.0
103	912	1.0
103	913	1.0
103	914	1.0
103	915	1.0
103	916	1.0
103	917	1.0
103	918	1.0
103	919	1.0
103	920	1.0
103	921	1.0
103	922	1.0
103	923	1.0
103	924	1.0
103	925	1.0
103	926	1.0
103	927	1.0
103	928	1.0
103	929	1.0
103	930	1.0
103	931	1.0
103	932	1.0
103	933	1.0
103	934	1.0
103	935	1.0
103	936	1.0
103	937	1.0
103	938	1.0
103	939	1.0
103	940	1.0
103	941	1.0
103	942	1.0
103	943	1.0
103	944	1.0
103	945	1.0
103	946	1.0
103	947	1.0
103	948	1.0
103	949	1.0
103	950	1.0
103	951	1.0
103	952	1.0
103	953	1.0
103	954	1.0
103	955	1.0
103	956	1.0
103	957	1.0
87	958	1.0
87	959	1.0
87	960	1.0
87	961	1.0
87	962	1.0
87	963	1.0
87	964	1.0
87	965	1.0
87	966	1.0
87	967	1.0
87	968	1.0
87	969	1.0
87	970	1.0
87	971	1.0
87	972	1.0
87	973	1.0
87	974	1.0
87	975	1.0
87	976	1.0
87	977	1.0
87	978	1.0
87	979	1.0
87	980	1.0
87	981	1.0
87	982	1.0
87	983	1.0
87	984	1.0
87	985	1.0
87	986	1.0
87	987	1.0
87	988	1.0
87	989	1.0
87	990	1.0
87	991	1.0
87	992	1.0
87	993	1.0
87	994	1.0
87	995	1.0
87	996	1.0
87	997	1.0
87	998	1.0
87	999	1.0
87	1000	1.0
87	1001	1.0
87	1002	1.0
87	1003	1.0
87	1004	1.0
87	1005	1.0
87	1006	1.0
87	1007	1.0
87	1008	1.0
87	1009	1.0
87	1010	1.0
87	1011	1.0
87	1012	1.0
87	1013	1.0
87	1014	1.0
87	1015	1.0
87	1016	1.0
87	1017	1.0
87	1018	1.0
87	1019	1.0
87	1020	1.0
87	1021	1.0
87	1022	1.0
87	1023	1.0
87	1024	1.0
87	1025	1.0
87	1026	1.0
87	1027	1.0
87	1028	1.0
87	1029	1.0
87	1030	1.0
87	1031	1.0
87	1032	1.0
87	1033	1.0
87	1034	1.0
87	1035	1.0
87	1036	1.0
87	1037	1.0
87	1038	1.0
87	1039	1.0
87	1040	1.0
87	1041	1.0
87	1042	1.0
87	1043	1.0
87	1044	1.0
87	1045	1.0
87	1046	1.0
87	1047	1.0
87	1048	1.0
87	1049	1.0
87	1050	1.0
87	1051	1.0
87	1052	1.0
87	1053	1.0
87	1054	1.0
87	1055	1.0
87	1056	1.0
87	1057	1.0
87	1058	1.0
87	1059	1.0
87	1060	1.0
87	1061	1.0
87	1062	1.0
87	1063	1.0
87	1064	1.0
87	1065	1.0
87	1066	1.0
87	1067	1.0
87	1068	1.0
87	1069	1.0
87	1070	1.0
87	1071	1.0
87	1072	1.0
87	1073	1.0
87	1074	1.0
87	1075	1.0
87	1076	1.0
87	1077	1.0
87	1078	1.0
87	1079	1.0
87	1080	1.0
87	1081	1.0
87	1082	1.0
87	1083	1.0
87	1084	1.0
87	1085	1.0
87	1086	1.0
87	1087	1.0
87	1088	1.0
87	1089	1.0
87	1090	1.0
87	1091	1.0
87	1092	1.0
87	1093	1.0
87	1094	1.0
87	1095	1.0
87	1096	1.0
87	1097	1.0
87	1098	1.0
87	1099	1.0
87	1100	1.0
87	1101	1.0
87	1102	1.0
87	1103	1.0
87	1104	1.0
87	1105	1.0
87	1106	1.0
87	1107	1.0
87	1108	1.0
87	1109	1.0
87	1110	1.0
87	1111	1.0
87	1112	1.0
87	1113	1.0
87	1114	1.0
87	1115	1.0
87	1116	1.0
87	1117	1.0
87	1118	1.0
87	1119	1.0
87	1120	1.0
87	1121	1.0
87	1122	1.0
87	1123	1.0
87	1124	1.0
87	1125	1.0
87	1126	1.0
87	1127	1.0
87	1128	1.0
87	1129	1.0
87	1130	1.0
87	1131	1.0
87	1132	1.0
87	1133	1.0
87	1134	1.0
87	1135	1.0
87	1136	1.0
87	1137	1.0
87	1138	1.0
87	1139	1.0
87	1140	1.0
87	1141	1.0
87	1142	1.0
87	1143	1.0
87	1144	1.0
87	1145	1.0
87	1146	1.0
87	1147	1.0
87	1148	1.0
87	1149	1.0
87	1150	1.0
87	1151	1.0
87	1152	1.0
87	1153	1.0
87	1154	1.0
87	1155	1.0
87	1156	1.0
87	1157	1.0
87	1158	1.0
87	1159	1.0
87	1160	1.0
87	1161	1.0
87	1162	1.0
87	1163	1.0
87	1164	1.0
87	1165	1.0
87	1166	1.0
87	1167	1.0
87	1168	1.0
87	1169	1.0
87	1170	1.0
87	1171	1.0
87	1172	1.0
87	1173	1.0
87	1174	1.0
87	1175	1.0
87	1176	1.0
87	1177	1.0
87	1178	1.0
87	1179	1.0
87	1180	1.0
87	1181	1.0
87	1182	1.0
87	1183	1.0
87	1184	1.0
87	1185	1.0
87	1186	1.0
87	1187	1.0
87	1188	1.0
87	1189	1.0
87	1190	1.0
87	1191	1.0
87	1192	1.0
87	1193	1.0
87	1194	1.0
87	1195	1.0
87	1196	1.0
87	1197	1.0
87	1198	1.0
87	1199	1.0
87	1200	1.0
87	1201	1.0
87	1202	1.0
87	1203	1.0
87	1204	1.0
87	1205	1.0
87	1206	1.0
87	1207	1.0
87	1208	1.0
87	1209	1.0
87	1210	1.0
87	1211	1.0
87	1212	1.0
87	1213	1.0
87	1214	1.0
87	1215	1.0
87	1216	1.0
87	1217	1.0
87	1218	1.0
87	1219	1.0
87	1220	1.0
87	1221	1.0
87	1222	1.0
87	1223	1.0
87	1224	1.0
87	1225	1.0
87	1226	1.0
87	1227	1.0
87	1228	1.0
87	1229	1.0
87	1230	1.0
87	1231	1.0
87	1232	1.0
87	1233	1.0
87	1234	1.0
87	1235	1.0
87	1236	1.0
87	1237	1.0
87	1238	1.0
87	1239	1.0
87	1240	1.0
87	1241	1.0
87	1242	1.0
87	1243	1.0
87	1244	1.0
87	1245	1.0
87	1246	1.0
87	1247	1.0
87	1248	1.0
87	1249	1.0
87	1250	1.0
87	1251	1.0
87	1252	1.0
87	1253	1.0
87	1254	1.0
87	1255	1.0
87	1256	1.0
87	1257	1.0
87	1258	1.0
87	1259	1.0
87	1260	1.0
87	1261	1.0
87	1262	1.0
87	1263	1.0
87	1264	1.0
87	1265	1.0
87	1266	1.0
87	1267	1.0
87	1268	1.0
87	1269	1.0
87	1270	1.0
87	1271	1.0
87	1272	1.0
87	1273	1.0
87	1274	1.0
87	1275	1.0
87	1276	1.0
87	1277	1.0
87	1278	1.0
87	1279	1.0
87	1280	1.0
87	1281	1.0
87	1282	1.0
87	1283	1.0
87	1284	1.0
87	1285	1.0
87	1286	1.0
87	1287	1.0
87	1288	1.0
87	1289	1.0
87	1290	1.0
87	1291	1.0
87	1292	1.0
87	1293	1.0
87	1294	1.0
87	1295	1.0
87	1296	1.0
87	1297	1.0
87	1298	1.0
87	1299	1.0
87	1300	1.0
87	1301	1.0
87	1302	1.0
87	1303	1.0
87	1304	1.0
87	1305	1.0
87	1306	1.0
87	1307	1.0
1307	1308	1.0
1307	1309	1.0
1309	1310	1.0
1309	1311	1.0
1309	1312	1.0
1309	1313	1.0
1309	1314	1.0
1309	1315	1.0
1309	1316	1.0
1307	1317	1.0
1307	1318	1.0
87	1319	1.0
87	1320	1.0
87	1321	1.0
87	1322	1.0
87	1323	1.0
87	1324	1.0
87	1325	1.0
87	1326	1.0
87	1327	1.0
87	1328	1.0
87	1329	1.0
87	1330	1.0
87	1331	1.0
87	1332	1.0
87	1333	1.0
87	1334	1.0
87	1335	1.0
87	1336	1.0
87	1337	1.0
87	1338	1.0
87	1339	1.0
87	1340	1.0
87	1341	1.0
87	1342	1.0
87	1343	1.0
87	1344	1.0
87	1345	1.0
87	1346	1.0
87	1347	1.0
87	1348	1.0
87	1349	1.0
87	1350	1.0
87	1351	1.0
87	1352	1.0
87	1353	1.0
87	1354	1.0
87	1355	1.0
87	1356	1.0
87	1357	1.0
87	1358	1.0
87	1359	1.0
87	1360	1.0
87	1361	1.0
87	1362	1.0
87	1363	1.0
87	1364	1.0
87	1365	1.0
87	1366	1.0
87	1367	1.0
87	1368	1.0
87	1369	1.0
87	1370	1.0
87	1371	1.0
87	1372	1.0
87	1373	1.0
87	1374	1.0
87	1375	1.0
87	1376	1.0
87	1377	1.0
87	1378	1.0
87	1379	1.0
87	1380	1.0
87	1381	1.0
87	1382	1.0
87	1383	1.0
87	1384	1.0
87	1385	1.0
87	1386	1.0
87	1387	1.0
87	1388	1.0
87	1389	1.0
87	1390	1.0
87	1391	1.0
87	1392	1.0
87	1393	1.0
87	1394	1.0
87	1395	1.0
87	1396	1.0
87	1397	1.0
87	1398	1.0
87	1399	1.0
87	1400	1.0
87	1401	1.0
87	1402	1.0
87	1403	1.0
87	1404	1.0
87	1405	1.0
87	1406	1.0
87	1407	1.0
87	1408	1.0
87	1409	1.0
87	1410	1.0
87	1411	1.0
87	1412	1.0
87	1413	1.0
87	1414	1.0
87	1415	1.0
87	1416	1.0
87	1417	1.0
87	1418	1.0
87	1419	1.0
87	1420	1.0
87	1421	1.0
87	1422	1.0
87	1423	1.0
87	1424	1.0
87	1425	1.0
87	1426	1.0
87	1427	1.0
87	1428	1.0
87	1429	1.0
87	1430	1.0
87	1431	1.0
87	1432	1.0
87	1433	1.0
87	1434	1.0
87	1435	1.0
87	1436	1.0
1436	1437	1.0
1436	1438	1.0
1436	1439	1.0
1436	1440	1.0
1436	1441	1.0
1436	1442	1.0
1436	1443	1.0
1436	1444	1.0
1436	1445	1.0
1436	1446	1.0
1436	1447	1.0
1436	1448	1.0
1436	1449	1.0
1436	1450	1.0
1436	1451	1.0
1436	1452	1.0
1436	1453	1.0
1436	1454	1.0
1436	1455	1.0
1436	1456	1.0
1436	1457	1.0
1436	1458	1.0
1436	1459	1.0
1436	1460	1.0
1436	1461	1.0
1436	1462	1.0
1436	1463	1.0
1436	1464	1.0
1436	1465	1.0
1436	1466	1.0
1436	1467	1.0
1436	1468	1.0
1436	1469	1.0
1436	1470	1.0
1436	1471	1.0
1436	1472	1.0
1436	1473	1.0
1436	1474	1.0
1436	1475	1.0
1436	1476	1.0
1436	1477	1.0
1436	1478	1.0
1436	1479	1.0
1436	1480	1.0
87	1481	1.0
87	1482	1.0
87	1483	1.0
87	1484	1.0
87	1485	1.0
87	1486	1.0
87	1487	1.0
87	1488	1.0
87	1489	1.0
87	1490	1.0
87	1491	1.0
87	1492	1.0
87	1493	1.0
87	1494	1.0
87	1495	1.0
87	1496	1.0
87	1497	1.0
87	1498	1.0
87	1499	1.0
87	1500	1.0
87	1501	1.0
87	1502	1.0
87	1503	1.0
87	1504	1.0
87	1505	1.0
87	1506	1.0
87	1507	1.0
87	1508	1.0
87	1509	1.0
87	1510	1.0
87	1511	1.0
87	1512	1.0
87	1513	1.0
87	1514	1.0
87	1515	1.0
87	1516	1.0
87	1517	1.0
87	1518	1.0
87	1519	1.0
87	1520	1.0
87	1521	1.0
87	1522	1.0
87	1523	1.0
87	1524	1.0
87	1525	1.0
87	1526	1.0
87	1527	1.0
87	1528	1.0
87	1529	1.0
87	1530	1.0
87	1531	1.0
87	1532	1.0
87	1533	1.0
87	1534	1.0
87	1535	1.0
87	1536	1.0
87	1537	1.0
87	1538	1.0
87	1539	1.0
87	1540	1.0
87	1541	1.0
87	1542	1.0
87	1543	1.0
87	1544	1.0
87	1545	1.0
87	1546	1.0
87	1547	1.0
87	1548	1.0
87	1549	1.0
87	1550	1.0
87	1551	1.0
87	1552	1.0
87	1553	1.0
87	1554	1.0
87	1555	1.0
87	1556	1.0
87	1557	1.0
87	1558	1.0
87	1559	1.0
87	1560	1.0
87	1561	1.0
87	1562	1.0
87	1563	1.0
87	1564	1.0
87	1565	1.0
87	1566	1.0
87	1567	1.0
87	1568	1.0
87	1569	1.0
87	1570	1.0
87	1571	1.0
87	1572	1.0
87	1573	1.0
87	1574	1.0
87	1575	1.0
87	1576	1.0
87	1577	1.0
1577	1578	1.0
1577	1579	1.0
1577	1580	1.0
1577	1581	1.0
1577	1582	1.0
87	1583	1.0
87	1584	1.0
87	1585	1.0
87	1586	1.0
87	1587	1.0
87	1588	1.0
87	1589	1.0
87	1590	1.0
87	1591	1.0
87	1592	1.0
87	1593	1.0
87	1594	1.0
87	1595	1.0
87	1596	1.0
87	1597	1.0
87	1598	1.0
87	1599	1.0
87	1600	1.0
87	1601	1.0
87	1602	1.0
87	1603	1.0
87	1604	1.0
87	1605	1.0
87	1606	1.0
87	1607	1.0
87	1608	1.0
87	1609	1.0
87	1610	1.0
87	1611	1.0
87	1612	1.0
87	1613	1.0
87	1614	1.0
87	1615	1.0
87	1616	1.0
87	1617	1.0
87	1618	1.0
87	1619	1.0
87	1620	1.0
87	1621	1.0
87	1622	1.0
87	1623	1.0
87	1624	1.0
87	1625	1.0
87	1626	1.0
87	1627	1.0
87	1628	1.0
87	1629	1.0
87	1630	1.0
87	1631	1.0
87	1632	1.0
87	1633	1.0
87	1634	1.0
87	1635	1.0
87	1636	1.0
87	1637	1.0
87	1638	1.0
87	1639	1.0
87	1640	1.0
87	1641	1.0
87	1642	1.0
87	1643	1.0
87	1644	1.0
87	1645	1.0
87	1646	1.0
87	1647	1.0
87	1648	1.0
87	1649	1.0
87	1650	1.0
87	1651	1.0
87	1652	1.0
87	1653	1.0
87	1654	1.0
87	1655	1.0
87	1656	1.0
87	1657	1.0
87	1658	1.0
87	1659	1.0
87	1660	1.0
87	1661	1.0
87	1662	1.0
87	1663	1.0
87	1664	1.0
87	1665	1.0
87	1666	1.0
87	1667	1.0
87	1668	1.0
87	1669	1.0
87	1670	1.0
87	1671	1.0
87	1672	1.0
87	1673	1.0
87	1674	1.0
87	1675	1.0
87	1676	1.0
87	1677	1.0
87	1678	1.0
87	1679	1.0
87	1680	1.0
87	1681	1.0
87	1682	1.0
87	1683	1.0
87	1684	1.0
87	1685	1.0
87	1686	1.0
87	1687	1.0
87	1688	1.0
87	1689	1.0
87	1690	1.0
87	1691	1.0
87	1692	1.0
2	1693	1.0
2	1694	1.0
2	1695	1.0
2	1696	1.0
2	1697	1.0
2	1698	1.0
2	1699	1.0
2	1700	1.0
2	1701	1.0
2	1702	1.0
2	1703	1.0
2	1704	1.0
2	1705	1.0
2	1706	1.0
2	1707	1.0
2	1708	1.0
2	1709	1.0
2	1710	1.0
2	1711	1.0
2	1712	1.0
2	1713	1.0
2	1714	1.0
2	1715	1.0
2	1716	1.0
2	1717	1.0
1717	1718	1.0
1717	1719	1.0
1717	1720	1.0
1717	1721	1.0
1717	1722	1.0
1717	1723	1.0
1717	1724	1.0
2	1725	1.0
2	1726	1.0
2	1727	1.0
2	1728	1.0
2	1729	1.0
2	1730	1.0
2	1731	1.0
2	1732	1.0
2	1733	1.0
2	1734	1.0
2	1735	1.0
2	1736	1.0
2	1737	1.0
2	1738	1.0
2	1739	1.0
2	1740	1.0
2	1741	1.0
2	1742	1.0
2	1743	1.0
2	1744	1.0
2	1745	1.0
2	1746	1.0
2	1747	1.0
2	1748	1.0
2	1749	1.0
2	1750	1.0
2	1751	1.0
2	1752	1.0
2	1753	1.0
2	1754	1.0
1754	1755	1.0
1754	1756	1.0
1754	1757	1.0
1754	1758	1.0
2	1759	1.0
2	1760	1.0
2	1761	1.0
2	1762	1.0
2	1763	1.0
2	1764	1.0
2	1765	1.0
2	1766	1.0
2	1767	1.0
2	1768	1.0
2	1769	1.0
2	1770	1.0
2	1771	1.0
2	1772	1.0
2	1773	1.0
2	1774	1.0
2	1775	1.0
1775	1776	1.0
1775	1777	1.0
1775	1778	1.0
1775	1779	1.0
1775	1780	1.0
1775	1781	1.0
1775	1782	1.0
1775	1783	1.0
2	1784	1.0
2	1785	1.0
2	1786	1.0
2	1787	1.0
2	1788	1.0
2	1789	1.0
1789	1790	1.0
1789	1791	1.0
1789	1792	1.0
1789	1793	1.0
1789	1794	1.0
1789	1795	1.0
1789	1796	1.0
1789	1797	1.0
1789	1798	1.0
1789	1799	1.0
1789	1800	1.0
1789	1801	1.0
1789	1802	1.0
1789	1803	1.0
1789	1804	1.0
1789	1805	1.0
1789	1806	1.0
1789	1807	1.0
1789	1808	1.0
1789	1809	1.0
1789	1810	1.0
1789	1811	1.0
1789	1812	1.0
1789	1813	1.0
1789	1814	1.0
1789	1815	1.0
1789	1816	1.0
1789	1817	1.0
1789	1818	1.0
1789	1819	1.0
1789	1820	1.0
1789	1821	1.0
1789	1822	1.0
1789	1823	1.0
1789	1824	1.0
1789	1825	1.0
1789	1826	1.0
1789	1827	1.0
1789	1828	1.0
1789	1829	1.0
1789	1830	1.0
1789	1831	1.0
1789	1832	1.0
1789	1833	1.0
1789	1834	1.0
1789	1835	1.0
1789	1836	1.0
1789	1837	1.0
1789	1838	1.0
1789	1839	1.0
1789	1840	1.0
1789	1841	1.0
1789	1842	1.0
1789	1843	1.0
1789	1844	1.0
1789	1845	1.0
1789	1846	1.0
1789	1847	1.0
1789	1848	1.0
1789	1849	1.0
1789	1850	1.0
1789	1851	1.0
1789	1852	1.0
1789	1853	1.0
1789	1854	1.0
1789	1855	1.0
1789	1856	1.0
1789	1857	1.0
1789	1858	1.0
1789	1859	1.0
1789	1860	1.0
1789	1861	1.0
1789	1862	1.0
1789	1863	1.0
1789	1864	1.0
1789	1865	1.0
1789	1866	1.0
1789	1867	1.0
1789	1868	1.0
1789	1869	1.0
1789	1870	1.0
1789	1871	1.0
1789	1872	1.0
1789	1873	1.0
1789	1874	1.0
1789	1875	1.0
1789	1876	1.0
1789	1877	1.0
1789	1878	1.0
1789	1879	1.0
1789	1880	1.0
1789	1881	1.0
1789	1882	1.0
1789	1883	1.0
1789	1884	1.0
1789	1885	1.0
1789	1886	1.0
1789	1887	1.0
1789	1888	1.0
1789	1889	1.0
1789	1890	1.0
1789	1891	1.0
1789	1892	1.0
1789	1893	1.0
1789	1894	1.0
1789	1895	1.0
1789	1896	1.0
1789	1897	1.0
1789	1898	1.0
1789	1899	1.0
1789	1900	1.0
1789	1901	1.0
1789	1902	1.0
1789	1903	1.0
1789	1904	1.0
1904	1905	1.0
1904	1906	1.0
1904	1907	1.0
1904	1908	1.0
1789	1909	1.0
1789	1910	1.0
1789	1911	1.0
1789	1912	1.0
1789	1913	1.0
1789	1914	1.0
1789	1915	1.0
1789	1916	1.0
1789	1917	1.0
2	1918	1.0
2	1919	1.0
2	1920	1.0
2	1921	1.0
2	1922	1.0
2	1923	1.0
2	1924	1.0
2	1925	1.0
2	1926	1.0
2	1927	1.0
2	1928	1.0
2	1929	1.0
2	1930	1.0
2	1931	1.0
2	1932	1.0
2	1933	1.0
2	1934	1.0
2	1935	1.0
2	1936	1.0
2	1937	1.0
2	1938	1.0
2	1939	1.0
2	1940	1.0
2	1941	1.0
2	1942	1.0
2	1943	1.0
2	1944	1.0
2	1945	1.0
2	1946	1.0
2	1947	1.0
2	1948	1.0
2	1949	1.0
2	1950	1.0
2	1951	1.0
2	1952	1.0
2	1953	1.0
2	1954	1.0
2	1955	1.0
2	1956	1.0
2	1957	1.0
2	1958	1.0
2	1959	1.0
2	1960	1.0
2	1961	1.0
2	1962	1.0
2	1963	1.0
2	1964	1.0
2	1965	1.0
2	1966	1.0
2	1967	1.0
2	1968	1.0
1968	1969	1.0
1968	1970	1.0
1968	1971	1.0
1968	1972	1.0
1968	1973	1.0
1968	1974	1.0
2	1975	1.0
2	1976	1.0
2	1977	1.0
2	1978	1.0
2	1979	1.0
2	1980	1.0
2	1981	1.0
2	1982	1.0
2	1983	1.0
2	1984	1.0
2	1985	1.0
2	1986	1.0
2	1987	1.0
2	1988	1.0
2	1989	1.0
2	1990	1.0
2	1991	1.0
2	1992	1.0
2	1993	1.0
2	1994	1.0
2	1995	1.0
2	1996	1.0
2	1997	1.0
2	1998	1.0
2	1999	1.0
2	2000	1.0
2	2001	1.0
2	2002	1.0
2	2003	1.0
2	2004	1.0
2	2005	1.0
2	2006	1.0
2	2007	1.0
2	2008	1.0
2	2009	1.0
2	2010	1.0
2	2011	1.0
2	2012	1.0
2	2013	1.0
2	2014	1.0
2	2015	1.0
2	2016	1.0
2	2017	1.0
2	2018	1.0
1	2019	1.0
1	2020	1.0
0	2021	1.0
0	2022	1.0
0	2023	1.0
