0	1	1.0
0	2	1.0
0	3	1.0
3	4	1.0
3	5	1.0
3	6	1.0
3	7	1.0
3	8	1.0
8	9	1.0
8	10	1.0
8	11	1.0
11	12	1.0
11	13	1.0
11	14	1.0
11	15	1.0
11	16	1.0
11	17	1.0
11	18	1.0
18	19	1.0
18	20	1.0
18	21	1.0
18	22	1.0
18	23	1.0
18	24	1.0
24	25	1.0
25	26	1.0
25	27	1.0
25	28	1.0
25	29	1.0
25	30	1.0
25	31	1.0
25	32	1.0
25	33	1.0
25	34	1.0
25	35	1.0
25	36	1.0
25	37	1.0
25	38	1.0
25	39	1.0
25	40	1.0
25	41	1.0
25	42	1.0
25	43	1.0
25	44	1.0
25	45	1.0
25	46	1.0
25	47	1.0
25	48	1.0
25	49	1.0
25	50	1.0
25	51	1.0
25	52	1.0
25	53	1.0
25	54	1.0
25	55	1.0
25	56	1.0
25	57	1.0
25	58	1.0
25	59	1.0
25	60	1.0
25	61	1.0
25	62	1.0
25	63	1.0
63	64	1.0
63	65	1.0
63	66	1.0
63	67	1.0
63	68	1.0
63	69	1.0
63	70	1.0
63	71	1.0
63	72	1.0
63	73	1.0
63	74	1.0
63	75	1.0
63	76	1.0
25	77	1.0
25	78	1.0
25	79	1.0
25	80	1.0
25	81	1.0
25	82	1.0
25	83	1.0
25	84	1.0
25	85	1.0
25	86	1.0
25	87	1.0
25	88	1.0
25	89	1.0
25	90	1.0
25	91	1.0
25	92	1.0
25	93	1.0
25	94	1.0
25	95	1.0
25	96	1.0
25	97	1.0
25	98	1.0
25	99	1.0
25	100	1.0
100	101	1.0
100	102	1.0
100	103	1.0
100	104	1.0
100	105	1.0
25	106	1.0
25	107	1.0
25	108	1.0
25	109	1.0
25	110	1.0
25	111	1.0
25	112	1.0
25	113	1.0
25	114	1.0
25	115	1.0
25	116	1.0
25	117	1.0
25	118	1.0
25	119	1.0
25	120	1.0
25	121	1.0
25	122	1.0
25	123	1.0
25	124	1.0
25	125	1.0
25	126	1.0
25	127	1.0
25	128	1.0
25	129	1.0
25	130	1.0
25	131	1.0
25	132	1.0
25	133	1.0
25	134	1.0
25	135	1.0
25	136	1.0
25	137	1.0
25	138	1.0
25	139	1.0
25	140	1.0
25	141	1.0
25	142	1.0
25	143	1.0
25	144	1.0
25	145	1.0
25	146	1.0
25	147	1.0
25	148	1.0
25	149	1.0
25	150	1.0
25	151	1.0
25	152	1.0
25	153	1.0
25	154	1.0
154	155	1.0
154	156	1.0
154	157	1.0
154	158	1.0
154	159	1.0
154	160	1.0
154	161	1.0
154	162	1.0
154	163	1.0
154	164	1.0
154	165	1.0
25	166	1.0
25	167	1.0
167	168	1.0
167	169	1.0
167	170	1.0
167	171	1.0
167	172	1.0
167	173	1.0
167	174	1.0
25	175	1.0
25	176	1.0
25	177	1.0
25	178	1.0
25	179	1.0
25	180	1.0
25	181	1.0
25	182	1.0
25	183	1.0
25	184	1.0
25	185	1.0
25	186	1.0
25	187	1.0
25	188	1.0
25	189	1.0
25	190	1.0
25	191	1.0
25	192	1.0
25	193	1.0
25	194	1.0
25	195	1.0
25	196	1.0
25	197	1.0
25	198	1.0
25	199	1.0
25	200	1.0
25	201	1.0
25	202	1.0
25	203	1.0
25	204	1.0
25	205	1.0
25	206	1.0
25	207	1.0
25	208	1.0
25	209	1.0
25	210	1.0
25	211	1.0
25	212	1.0
25	213	1.0
25	214	1.0
25	215	1.0
25	216	1.0
25	217	1.0
25	218	1.0
25	219	1.0
25	220	1.0
25	221	1.0
25	222	1.0
25	223	1.0
25	224	1.0
25	225	1.0
25	226	1.0
25	227	1.0
25	228	1.0
25	229	1.0
25	230	1.0
25	231	1.0
25	232	1.0
25	233	1.0
25	234	1.0
25	235	1.0
25	236	1.0
25	237	1.0
25	238	1.0
25	239	1.0
25	240	1.0
240	241	1.0
240	242	1.0
240	243	1.0
240	244	1.0
240	245	1.0
240	246	1.0
240	247	1.0
240	248	1.0
240	249	1.0
240	250	1.0
240	251	1.0
240	252	1.0
25	253	1.0
25	254	1.0
25	255	1.0
25	256	1.0
25	257	1.0
25	258	1.0
25	259	1.0
25	260	1.0
25	261	1.0
25	262	1.0
25	263	1.0
25	264	1.0
25	265	1.0
25	266	1.0
25	267	1.0
25	268	1.0
25	269	1.0
25	270	1.0
25	271	1.0
25	272	1.0
25	273	1.0
25	274	1.0
25	275	1.0
25	276	1.0
25	277	1.0
25	278	1.0
25	279	1.0
25	280	1.0
25	281	1.0
25	282	1.0
25	283	1.0
25	284	1.0
25	285	1.0
25	286	1.0
25	287	1.0
25	288	1.0
25	289	1.0
25	290	1.0
25	291	1.0
25	292	1.0
25	293	1.0
25	294	1.0
25	295	1.0
25	296	1.0
25	297	1.0
25	298	1.0
25	299	1.0
25	300	1.0
25	301	1.0
301	302	1.0
301	303	1.0
301	304	1.0
301	305	1.0
301	306	1.0
301	307	1.0
301	308	1.0
301	309	1.0
301	310	1.0
301	311	1.0
301	312	1.0
301	313	1.0
301	314	1.0
301	315	1.0
301	316	1.0
301	317	1.0
25	318	1.0
25	319	1.0
25	320	1.0
25	321	1.0
25	322	1.0
25	323	1.0
25	324	1.0
25	325	1.0
25	326	1.0
25	327	1.0
25	328	1.0
25	329	1.0
25	330	1.0
25	331	1.0
25	332	1.0
25	333	1.0
25	334	1.0
25	335	1.0
25	336	1.0
25	337	1.0
25	338	1.0
25	339	1.0
25	340	1.0
25	341	1.0
25	342	1.0
25	343	1.0
25	344	1.0
25	345	1.0
25	346	1.0
25	347	1.0
25	348	1.0
25	349	1.0
25	350	1.0
25	351	1.0
25	352	1.0
25	353	1.0
25	354	1.0
25	355	1.0
25	356	1.0
25	357	1.0
25	358	1.0
25	359	1.0
25	360	1.0
25	361	1.0
25	362	1.0
25	363	1.0
25	364	1.0
25	365	1.0
25	366	1.0
25	367	1.0
25	368	1.0
25	369	1.0
25	370	1.0
25	371	1.0
25	372	1.0
25	373	1.0
25	374	1.0
25	375	1.0
25	376	1.0
25	377	1.0
25	378	1.0
25	379	1.0
25	380	1.0
25	381	1.0
25	382	1.0
25	383	1.0
25	384	1.0
25	385	1.0
25	386	1.0
25	387	1.0
25	388	1.0
25	389	1.0
25	390	1.0
25	391	1.0
25	392	1.0
25	393	1.0
25	394	1.0
25	395	1.0
25	396	1.0
25	397	1.0
25	398	1.0
25	399	1.0
25	400	1.0
25	401	1.0
25	402	1.0
25	403	1.0
25	404	1.0
25	405	1.0
25	406	1.0
25	407	1.0
25	408	1.0
25	409	1.0
25	410	1.0
25	411	1.0
25	412	1.0
25	413	1.0
25	414	1.0
25	415	1.0
25	416	1.0
25	417	1.0
25	418	1.0
418	419	1.0
418	420	1.0
418	421	1.0
418	422	1.0
418	423	1.0
418	424	1.0
25	425	1.0
25	426	1.0
25	427	1.0
25	428	1.0
25	429	1.0
25	430	1.0
25	431	1.0
25	432	1.0
25	433	1.0
25	434	1.0
25	435	1.0
25	436	1.0
25	437	1.0
25	438	1.0
25	439	1.0
25	440	1.0
25	441	1.0
25	442	1.0
25	443	1.0
25	444	1.0
25	445	1.0
25	446	1.0
25	447	1.0
25	448	1.0
25	449	1.0
25	450	1.0
25	451	1.0
25	452	1.0
25	453	1.0
25	454	1.0
25	455	1.0
25	456	1.0
25	457	1.0
25	458	1.0
25	459	1.0
25	460	1.0
25	461	1.0
25	462	1.0
25	463	1.0
25	464	1.0
25	465	1.0
25	466	1.0
25	467	1.0
25	468	1.0
25	469	1.0
25	470	1.0
25	471	1.0
25	472	1.0
25	473	1.0
25	474	1.0
25	475	1.0
25	476	1.0
25	477	1.0
25	478	1.0
25	479	1.0
25	480	1.0
25	481	1.0
25	482	1.0
25	483	1.0
25	484	1.0
25	485	1.0
25	486	1.0
25	487	1.0
25	488	1.0
25	489	1.0
25	490	1.0
25	491	1.0
25	492	1.0
25	493	1.0
25	494	1.0
25	495	1.0
25	496	1.0
25	497	1.0
25	498	1.0
25	499	1.0
25	500	1.0
25	501	1.0
25	502	1.0
25	503	1.0
25	504	1.0
25	505	1.0
25	506	1.0
25	507	1.0
25	508	1.0
25	509	1.0
25	510	1.0
25	511	1.0
25	512	1.0
25	513	1.0
25	514	1.0
25	515	1.0
25	516	1.0
25	517	1.0
25	518	1.0
25	519	1.0
25	520	1.0
25	521	1.0
25	522	1.0
25	523	1.0
25	524	1.0
25	525	1.0
25	526	1.0
25	527	1.0
25	528	1.0
25	529	1.0
25	530	1.0
25	531	1.0
25	532	1.0
25	533	1.0
25	534	1.0
25	535	1.0
25	536	1.0
25	537	1.0
25	538	1.0
25	539	1.0
25	540	1.0
25	541	1.0
25	542	1.0
25	543	1.0
25	544	1.0
25	545	1.0
25	546	1.0
25	547	1.0
25	548	1.0
25	549	1.0
25	550	1.0
25	551	1.0
25	552	1.0
25	553	1.0
25	554	1.0
25	555	1.0
25	556	1.0
25	557	1.0
25	558	1.0
25	559	1.0
25	560	1.0
25	561	1.0
25	562	1.0
25	563	1.0
25	564	1.0
25	565	1.0
25	566	1.0
25	567	1.0
25	568	1.0
25	569	1.0
25	570	1.0
25	571	1.0
25	572	1.0
25	573	1.0
25	574	1.0
25	575	1.0
25	576	1.0
25	577	1.0
25	578	1.0
25	579	1.0
25	580	1.0
25	581	1.0
25	582	1.0
25	583	1.0
25	584	1.0
25	585	1.0
25	586	1.0
25	587	1.0
25	588	1.0
25	589	1.0
25	590	1.0
25	591	1.0
25	592	1.0
25	593	1.0
25	594	1.0
25	595	1.0
25	596	1.0
25	597	1.0
25	598	1.0
25	599	1.0
25	600	1.0
25	601	1.0
25	602	1.0
25	603	1.0
25	604	1.0
604	605	1.0
604	606	1.0
604	607	1.0
604	608	1.0
604	609	1.0
604	610	1.0
604	611	1.0
604	612	1.0
604	613	1.0
604	614	1.0
604	615	1.0
604	616	1.0
604	617	1.0
604	618	1.0
604	619	1.0
604	620	1.0
604	621	1.0
604	622	1.0
604	623	1.0
604	624	1.0
604	625	1.0
604	626	1.0
604	627	1.0
604	628	1.0
604	629	1.0
604	630	1.0
604	631	1.0
604	632	1.0
604	633	1.0
604	634	1.0
604	635	1.0
635	636	1.0
635	637	1.0
635	638	1.0
635	639	1.0
635	640	1.0
635	641	1.0
635	642	1.0
635	643	1.0
604	644	1.0
604	645	1.0
604	646	1.0
604	647	1.0
604	648	1.0
604	649	1.0
604	650	1.0
604	651	1.0
604	652	1.0
604	653	1.0
604	654	1.0
604	655	1.0
604	656	1.0
604	657	1.0
604	658	1.0
604	659	1.0
604	660	1.0
604	661	1.0
604	662	1.0
604	663	1.0
604	664	1.0
604	665	1.0
604	666	1.0
604	667	1.0
604	668	1.0
604	669	1.0
604	670	1.0
604	671	1.0
604	672	1.0
604	673	1.0
604	674	1.0
604	675	1.0
604	676	1.0
604	677	1.0
604	678	1.0
604	679	1.0
604	680	1.0
604	681	1.0
604	682	1.0
604	683	1.0
604	684	1.0
604	685	1.0
604	686	1.0
604	687	1.0
604	688	1.0
604	689	1.0
604	690	1.0
604	691	1.0
604	692	1.0
604	693	1.0
604	694	1.0
604	695	1.0
604	696	1.0
604	697	1.0
604	698	1.0
604	699	1.0
604	700	1.0
604	701	1.0
604	702	1.0
604	703	1.0
604	704	1.0
604	705	1.0
25	706	1.0
25	707	1.0
25	708	1.0
25	709	1.0
25	710	1.0
25	711	1.0
25	712	1.0
25	713	1.0
25	714	1.0
25	715	1.0
25	716	1.0
25	717	1.0
25	718	1.0
25	719	1.0
25	720	1.0
25	721	1.0
25	722	1.0
25	723	1.0
25	724	1.0
25	725	1.0
725	726	1.0
725	727	1.0
725	728	1.0
725	729	1.0
25	730	1.0
25	731	1.0
25	732	1.0
25	733	1.0
25	734	1.0
25	735	1.0
25	736	1.0
25	737	1.0
25	738	1.0
25	739	1.0
25	740	1.0
25	741	1.0
25	742	1.0
25	743	1.0
25	744	1.0
25	745	1.0
25	746	1.0
25	747	1.0
25	748	1.0
25	749	1.0
25	750	1.0
25	751	1.0
25	752	1.0
25	753	1.0
25	754	1.0
25	755	1.0
25	756	1.0
25	757	1.0
25	758	1.0
25	759	1.0
25	760	1.0
25	761	1.0
25	762	1.0
25	763	1.0
25	764	1.0
25	765	1.0
25	766	1.0
25	767	1.0
25	768	1.0
25	769	1.0
25	770	1.0
25	771	1.0
25	772	1.0
25	773	1.0
773	774	1.0
773	775	1.0
773	776	1.0
773	777	1.0
773	778	1.0
25	779	1.0
25	780	1.0
25	781	1.0
25	782	1.0
25	783	1.0
25	784	1.0
25	785	1.0
25	786	1.0
25	787	1.0
25	788	1.0
25	789	1.0
25	790	1.0
25	791	1.0
25	792	1.0
25	793	1.0
25	794	1.0
25	795	1.0
25	796	1.0
25	797	1.0
25	798	1.0
25	799	1.0
25	800	1.0
25	801	1.0
25	802	1.0
802	803	1.0
802	804	1.0
802	805	1.0
802	806	1.0
802	807	1.0
802	808	1.0
802	809	1.0
802	810	1.0
802	811	1.0
802	812	1.0
802	813	1.0
802	814	1.0
802	815	1.0
802	816	1.0
802	817	1.0
802	818	1.0
802	819	1.0
802	820	1.0
802	821	1.0
802	822	1.0
802	823	1.0
802	824	1.0
802	825	1.0
802	826	1.0
802	827	1.0
802	828	1.0
802	829	1.0
802	830	1.0
802	831	1.0
802	832	1.0
802	833	1.0
802	834	1.0
802	835	1.0
802	836	1.0
802	837	1.0
802	838	1.0
802	839	1.0
802	840	1.0
802	841	1.0
802	842	1.0
802	843	1.0
802	844	1.0
802	845	1.0
802	846	1.0
802	847	1.0
802	848	1.0
802	849	1.0
802	850	1.0
802	851	1.0
802	852	1.0
802	853	1.0
802	854	1.0
802	855	1.0
802	856	1.0
802	857	1.0
802	858	1.0
802	859	1.0
802	860	1.0
802	861	1.0
802	862	1.0
802	863	1.0
802	864	1.0
802	865	1.0
802	866	1.0
802	867	1.0
802	868	1.0
802	869	1.0
802	870	1.0
802	871	1.0
802	872	1.0
802	873	1.0
802	874	1.0
802	875	1.0
802	876	1.0
802	877	1.0
802	878	1.0
802	879	1.0
802	880	1.0
802	881	1.0
802	882	1.0
802	883	1.0
802	884	1.0
802	885	1.0
802	886	1.0
886	887	1.0
886	888	1.0
886	889	1.0
886	890	1.0
802	891	1.0
802	892	1.0
802	893	1.0
802	894	1.0
802	895	1.0
802	896	1.0
802	897	1.0
802	898	1.0
802	899	1.0
802	900	1.0
802	901	1.0
802	902	1.0
802	903	1.0
802	904	1.0
802	905	1.0
802	906	1.0
802	907	1.0
802	908	1.0
802	909	1.0
802	910	1.0
802	911	1.0
802	912	1.0
802	913	1.0
802	914	1.0
802	915	1.0
802	916	1.0
25	917	1.0
25	918	1.0
25	919	1.0
25	920	1.0
25	921	1.0
25	922	1.0
25	923	1.0
25	924	1.0
25	925	1.0
25	926	1.0
25	927	1.0
25	928	1.0
25	929	1.0
25	930	1.0
25	931	1.0
25	932	1.0
25	933	1.0
25	934	1.0
25	935	1.0
25	936	1.0
25	937	1.0
25	938	1.0
25	939	1.0
25	940	1.0
25	941	1.0
25	942	1.0
25	943	1.0
25	944	1.0
25	945	1.0
25	946	1.0
25	947	1.0
25	948	1.0
25	949	1.0
25	950	1.0
25	951	1.0
25	952	1.0
25	953	1.0
25	954	1.0
25	955	1.0
25	956	1.0
25	957	1.0
25	958	1.0
25	959	1.0
25	960	1.0
25	961	1.0
25	962	1.0
25	963	1.0
25	964	1.0
25	965	1.0
25	966	1.0
25	967	1.0
25	968	1.0
25	969	1.0
25	970	1.0
25	971	1.0
25	972	1.0
25	973	1.0
25	974	1.0
25	975	1.0
25	976	1.0
25	977	1.0
25	978	1.0
25	979	1.0
25	980	1.0
25	981	1.0
25	982	1.0
25	983	1.0
25	984	1.0
25	985	1.0
25	986	1.0
25	987	1.0
25	988	1.0
25	989	1.0
25	990	1.0
25	991	1.0
25	992	1.0
992	993	1.0
992	994	1.0
992	995	1.0
992	996	1.0
992	997	1.0
992	998	1.0
992	999	1.0
992	1000	1.0
992	1001	1.0
992	1002	1.0
992	1003	1.0
992	1004	1.0
992	1005	1.0
992	1006	1.0
992	1007	1.0
992	1008	1.0
992	1009	1.0
992	1010	1.0
992	1011	1.0
1011	1012	1.0
1011	1013	1.0
1011	1014	1.0
1011	1015	1.0
1011	1016	1.0
1011	1017	1.0
1011	1018	1.0
1011	1019	1.0
992	1020	1.0
992	1021	1.0
992	1022	1.0
992	1023	1.0
992	1024	1.0
992	1025	1.0
992	1026	1.0
992	1027	1.0
992	1028	1.0
992	1029	1.0
992	1030	1.0
992	1031	1.0
992	1032	1.0
992	1033	1.0
992	1034	1.0
992	1035	1.0
992	1036	1.0
992	1037	1.0
1037	1038	1.0
1037	1039	1.0
1037	1040	1.0
1037	1041	1.0
1037	1042	1.0
992	1043	1.0
992	1044	1.0
992	1045	1.0
992	1046	1.0
992	1047	1.0
992	1048	1.0
992	1049	1.0
992	1050	1.0
992	1051	1.0
992	1052	1.0
992	1053	1.0
992	1054	1.0
992	1055	1.0
992	1056	1.0
992	1057	1.0
992	1058	1.0
992	1059	1.0
992	1060	1.0
992	1061	1.0
992	1062	1.0
992	1063	1.0
992	1064	1.0
992	1065	1.0
992	1066	1.0
992	1067	1.0
992	1068	1.0
992	1069	1.0
992	1070	1.0
992	1071	1.0
992	1072	1.0
992	1073	1.0
992	1074	1.0
992	1075	1.0
992	1076	1.0
992	1077	1.0
992	1078	1.0
992	1079	1.0
992	1080	1.0
992	1081	1.0
992	1082	1.0
992	1083	1.0
992	1084	1.0
1084	1085	1.0
1084	1086	1.0
1084	1087	1.0
1084	1088	1.0
1084	1089	1.0
1084	1090	1.0
1084	1091	1.0
1084	1092	1.0
1084	1093	1.0
1084	1094	1.0
1084	1095	1.0
1084	1096	1.0
1084	1097	1.0
1084	1098	1.0
1084	1099	1.0
1084	1100	1.0
1084	1101	1.0
1084	1102	1.0
1084	1103	1.0
1084	1104	1.0
1084	1105	1.0
992	1106	1.0
992	1107	1.0
1107	1108	1.0
1107	1109	1.0
1107	1110	1.0
1107	1111	1.0
1107	1112	1.0
1107	1113	1.0
1107	1114	1.0
1107	1115	1.0
1107	1116	1.0
992	1117	1.0
992	1118	1.0
992	1119	1.0
992	1120	1.0
992	1121	1.0
992	1122	1.0
992	1123	1.0
992	1124	1.0
992	1125	1.0
992	1126	1.0
992	1127	1.0
992	1128	1.0
992	1129	1.0
992	1130	1.0
992	1131	1.0
1131	1132	1.0
1131	1133	1.0
1131	1134	1.0
1131	1135	1.0
1131	1136	1.0
1131	1137	1.0
1131	1138	1.0
1131	1139	1.0
1131	1140	1.0
1131	1141	1.0
1131	1142	1.0
1131	1143	1.0
1131	1144	1.0
1131	1145	1.0
1131	1146	1.0
1131	1147	1.0
1131	1148	1.0
1131	1149	1.0
1131	1150	1.0
1131	1151	1.0
1131	1152	1.0
1152	1153	1.0
1152	1154	1.0
1152	1155	1.0
1152	1156	1.0
1131	1157	1.0
1131	1158	1.0
1131	1159	1.0
1131	1160	1.0
1131	1161	1.0
1131	1162	1.0
1131	1163	1.0
1131	1164	1.0
1131	1165	1.0
1131	1166	1.0
1131	1167	1.0
1131	1168	1.0
1131	1169	1.0
1131	1170	1.0
1131	1171	1.0
1131	1172	1.0
1131	1173	1.0
1131	1174	1.0
1131	1175	1.0
1131	1176	1.0
1131	1177	1.0
1131	1178	1.0
1131	1179	1.0
1131	1180	1.0
1131	1181	1.0
1131	1182	1.0
1131	1183	1.0
1131	1184	1.0
1131	1185	1.0
1131	1186	1.0
1131	1187	1.0
1131	1188	1.0
1131	1189	1.0
1131	1190	1.0
1131	1191	1.0
1131	1192	1.0
1131	1193	1.0
1131	1194	1.0
1131	1195	1.0
1131	1196	1.0
1131	1197	1.0
1131	1198	1.0
1131	1199	1.0
1131	1200	1.0
1131	1201	1.0
1131	1202	1.0
1131	1203	1.0
1131	1204	1.0
1131	1205	1.0
1131	1206	1.0
1131	1207	1.0
1131	1208	1.0
1208	1209	1.0
1208	1210	1.0
1208	1211	1.0
1208	1212	1.0
1208	1213	1.0
1208	1214	1.0
1208	1215	1.0
1208	1216	1.0
1208	1217	1.0
1208	1218	1.0
1208	1219	1.0
1208	1220	1.0
1208	1221	1.0
1208	1222	1.0
1208	1223	1.0
1208	1224	1.0
1208	1225	1.0
1208	1226	1.0
1208	1227	1.0
1208	1228	1.0
1208	1229	1.0
1208	1230	1.0
1208	1231	1.0
1208	1232	1.0
1208	1233	1.0
1208	1234	1.0
1208	1235	1.0
1208	1236	1.0
1208	1237	1.0
1208	1238	1.0
1208	1239	1.0
1208	1240	1.0
1131	1241	1.0
1131	1242	1.0
1131	1243	1.0
1131	1244	1.0
1131	1245	1.0
1131	1246	1.0
1131	1247	1.0
1131	1248	1.0
1131	1249	1.0
1131	1250	1.0
1131	1251	1.0
1131	1252	1.0
1131	1253	1.0
1131	1254	1.0
1131	1255	1.0
1131	1256	1.0
1131	1257	1.0
1131	1258	1.0
1131	1259	1.0
1131	1260	1.0
1131	1261	1.0
1131	1262	1.0
1131	1263	1.0
1131	1264	1.0
1131	1265	1.0
1131	1266	1.0
1131	1267	1.0
1131	1268	1.0
1131	1269	1.0
1131	1270	1.0
1131	1271	1.0
1131	1272	1.0
1131	1273	1.0
1131	1274	1.0
1131	1275	1.0
1131	1276	1.0
1131	1277	1.0
1131	1278	1.0
1131	1279	1.0
1131	1280	1.0
1131	1281	1.0
1131	1282	1.0
1131	1283	1.0
1131	1284	1.0
1131	1285	1.0
1131	1286	1.0
1131	1287	1.0
1131	1288	1.0
1131	1289	1.0
1131	1290	1.0
1290	1291	1.0
1290	1292	1.0
1290	1293	1.0
1290	1294	1.0
1290	1295	1.0
1290	1296	1.0
1290	1297	1.0
1290	1298	1.0
1290	1299	1.0
1290	1300	1.0
1131	1301	1.0
1131	1302	1.0
1131	1303	1.0
1131	1304	1.0
1131	1305	1.0
1131	1306	1.0
1131	1307	1.0
1131	1308	1.0
1131	1309	1.0
1131	1310	1.0
1131	1311	1.0
1131	1312	1.0
1131	1313	1.0
1131	1314	1.0
1131	1315	1.0
1131	1316	1.0
1131	1317	1.0
1131	1318	1.0
1131	1319	1.0
1131	1320	1.0
1131	1321	1.0
1131	1322	1.0
1131	1323	1.0
1131	1324	1.0
1131	1325	1.0
1131	1326	1.0
1131	1327	1.0
1131	1328	1.0
1131	1329	1.0
1131	1330	1.0
1131	1331	1.0
1131	1332	1.0
1131	1333	1.0
1131	1334	1.0
1131	1335	1.0
1131	1336	1.0
1131	1337	1.0
1131	1338	1.0
1131	1339	1.0
1131	1340	1.0
1131	1341	1.0
1131	1342	1.0
1131	1343	1.0
1131	1344	1.0
1131	1345	1.0
1131	1346	1.0
1131	1347	1.0
1131	1348	1.0
1131	1349	1.0
1131	1350	1.0
1131	1351	1.0
1131	1352	1.0
1131	1353	1.0
1131	1354	1.0
1354	1355	1.0
1354	1356	1.0
1354	1357	1.0
1354	1358	1.0
1354	1359	1.0
1354	1360	1.0
1354	1361	1.0
1354	1362	1.0
1354	1363	1.0
1354	1364	1.0
1354	1365	1.0
1354	1366	1.0
1354	1367	1.0
1354	1368	1.0
1354	1369	1.0
1354	1370	1.0
1354	1371	1.0
1354	1372	1.0
1131	1373	1.0
1131	1374	1.0
1131	1375	1.0
1131	1376	1.0
1131	1377	1.0
1131	1378	1.0
1131	1379	1.0
1131	1380	1.0
1131	1381	1.0
1131	1382	1.0
1131	1383	1.0
1131	1384	1.0
1131	1385	1.0
1131	1386	1.0
1131	1387	1.0
1131	1388	1.0
1131	1389	1.0
1131	1390	1.0
992	1391	1.0
992	1392	1.0
992	1393	1.0
992	1394	1.0
992	1395	1.0
992	1396	1.0
992	1397	1.0
992	1398	1.0
992	1399	1.0
992	1400	1.0
992	1401	1.0
992	1402	1.0
992	1403	1.0
992	1404	1.0
992	1405	1.0
992	1406	1.0
992	1407	1.0
992	1408	1.0
992	1409	1.0
992	1410	1.0
992	1411	1.0
992	1412	1.0
992	1413	1.0
992	1414	1.0
992	1415	1.0
992	1416	1.0
992	1417	1.0
992	1418	1.0
992	1419	1.0
992	1420	1.0
992	1421	1.0
992	1422	1.0
992	1423	1.0
992	1424	1.0
992	1425	1.0
992	1426	1.0
992	1427	1.0
992	1428	1.0
992	1429	1.0
992	1430	1.0
992	1431	1.0
992	1432	1.0
992	1433	1.0
992	1434	1.0
992	1435	1.0
992	1436	1.0
992	1437	1.0
992	1438	1.0
992	1439	1.0
992	1440	1.0
992	1441	1.0
992	1442	1.0
992	1443	1.0
992	1444	1.0
992	1445	1.0
992	1446	1.0
992	1447	1.0
992	1448	1.0
992	1449	1.0
992	1450	1.0
992	1451	1.0
992	1452	1.0
992	1453	1.0
992	1454	1.0
992	1455	1.0
992	1456	1.0
992	1457	1.0
992	1458	1.0
992	1459	1.0
992	1460	1.0
992	1461	1.0
992	1462	1.0
992	1463	1.0
992	1464	1.0
992	1465	1.0
992	1466	1.0
992	1467	1.0
992	1468	1.0
992	1469	1.0
992	1470	1.0
992	1471	1.0
992	1472	1.0
992	1473	1.0
992	1474	1.0
992	1475	1.0
992	1476	1.0
992	1477	1.0
992	1478	1.0
992	1479	1.0
992	1480	1.0
992	1481	1.0
992	1482	1.0
992	1483	1.0
992	1484	1.0
992	1485	1.0
992	1486	1.0
992	1487	1.0
992	1488	1.0
992	1489	1.0
992	1490	1.0
992	1491	1.0
992	1492	1.0
992	1493	1.0
992	1494	1.0
992	1495	1.0
992	1496	1.0
992	1497	1.0
992	1498	1.0
992	1499	1.0
992	1500	1.0
992	1501	1.0
992	1502	1.0
992	1503	1.0
992	1504	1.0
992	1505	1.0
992	1506	1.0
992	1507	1.0
992	1508	1.0
992	1509	1.0
992	1510	1.0
992	1511	1.0
992	1512	1.0
992	1513	1.0
992	1514	1.0
992	1515	1.0
992	1516	1.0
992	1517	1.0
992	1518	1.0
992	1519	1.0
992	1520	1.0
992	1521	1.0
992	1522	1.0
992	1523	1.0
992	1524	1.0
992	1525	1.0
992	1526	1.0
992	1527	1.0
992	1528	1.0
992	1529	1.0
992	1530	1.0
992	1531	1.0
992	1532	1.0
992	1533	1.0
992	1534	1.0
992	1535	1.0
992	1536	1.0
1536	1537	1.0
1536	1538	1.0
1536	1539	1.0
1536	1540	1.0
1536	1541	1.0
1536	1542	1.0
1536	1543	1.0
1536	1544	1.0
1536	1545	1.0
992	1546	1.0
992	1547	1.0
992	1548	1.0
992	1549	1.0
992	1550	1.0
992	1551	1.0
992	1552	1.0
992	1553	1.0
992	1554	1.0
992	1555	1.0
992	1556	1.0
992	1557	1.0
992	1558	1.0
992	1559	1.0
992	1560	1.0
992	1561	1.0
992	1562	1.0
992	1563	1.0
992	1564	1.0
992	1565	1.0
992	1566	1.0
992	1567	1.0
992	1568	1.0
992	1569	1.0
992	1570	1.0
992	1571	1.0
992	1572	1.0
992	1573	1.0
992	1574	1.0
992	1575	1.0
992	1576	1.0
992	1577	1.0
992	1578	1.0
992	1579	1.0
992	1580	1.0
992	1581	1.0
992	1582	1.0
992	1583	1.0
992	1584	1.0
992	1585	1.0
992	1586	1.0
992	1587	1.0
992	1588	1.0
992	1589	1.0
992	1590	1.0
992	1591	1.0
992	1592	1.0
992	1593	1.0
992	1594	1.0
992	1595	1.0
992	1596	1.0
992	1597	1.0
992	1598	1.0
992	1599	1.0
992	1600	1.0
992	1601	1.0
992	1602	1.0
992	1603	1.0
992	1604	1.0
992	1605	1.0
992	1606	1.0
992	1607	1.0
992	1608	1.0
992	1609	1.0
992	1610	1.0
992	1611	1.0
992	1612	1.0
992	1613	1.0
992	1614	1.0
992	1615	1.0
992	1616	1.0
992	1617	1.0
992	1618	1.0
992	1619	1.0
992	1620	1.0
992	1621	1.0
992	1622	1.0
992	1623	1.0
992	1624	1.0
992	1625	1.0
992	1626	1.0
992	1627	1.0
992	1628	1.0
992	1629	1.0
992	1630	1.0
992	1631	1.0
992	1632	1.0
992	1633	1.0
992	1634	1.0
992	1635	1.0
992	1636	1.0
992	1637	1.0
992	1638	1.0
992	1639	1.0
992	1640	1.0
992	1641	1.0
992	1642	1.0
992	1643	1.0
992	1644	1.0
992	1645	1.0
992	1646	1.0
992	1647	1.0
992	1648	1.0
992	1649	1.0
992	1650	1.0
992	1651	1.0
992	1652	1.0
992	1653	1.0
992	1654	1.0
992	1655	1.0
992	1656	1.0
992	1657	1.0
992	1658	1.0
992	1659	1.0
992	1660	1.0
992	1661	1.0
25	1662	1.0
25	1663	1.0
25	1664	1.0
25	1665	1.0
25	1666	1.0
25	1667	1.0
25	1668	1.0
25	1669	1.0
25	1670	1.0
25	1671	1.0
25	1672	1.0
25	1673	1.0
25	1674	1.0
25	1675	1.0
25	1676	1.0
25	1677	1.0
25	1678	1.0
25	1679	1.0
25	1680	1.0
25	1681	1.0
25	1682	1.0
25	1683	1.0
25	1684	1.0
25	1685	1.0
25	1686	1.0
25	1687	1.0
25	1688	1.0
25	1689	1.0
25	1690	1.0
25	1691	1.0
25	1692	1.0
25	1693	1.0
25	1694	1.0
25	1695	1.0
25	1696	1.0
25	1697	1.0
25	1698	1.0
25	1699	1.0
25	1700	1.0
25	1701	1.0
25	1702	1.0
25	1703	1.0
25	1704	1.0
25	1705	1.0
25	1706	1.0
25	1707	1.0
25	1708	1.0
25	1709	1.0
25	1710	1.0
25	1711	1.0
25	1712	1.0
25	1713	1.0
25	1714	1.0
25	1715	1.0
25	1716	1.0
25	1717	1.0
25	1718	1.0
25	1719	1.0
25	1720	1.0
25	1721	1.0
25	1722	1.0
25	1723	1.0
25	1724	1.0
25	1725	1.0
25	1726	1.0
25	1727	1.0
25	1728	1.0
25	1729	1.0
25	1730	1.0
25	1731	1.0
25	1732	1.0
25	1733	1.0
25	1734	1.0
25	1735	1.0
25	1736	1.0
25	1737	1.0
25	1738	1.0
25	1739	1.0
25	1740	1.0
25	1741	1.0
25	1742	1.0
25	1743	1.0
25	1744	1.0
25	1745	1.0
25	1746	1.0
25	1747	1.0
25	1748	1.0
25	1749	1.0
25	1750	1.0
25	1751	1.0
25	1752	1.0
25	1753	1.0
25	1754	1.0
25	1755	1.0
25	1756	1.0
25	1757	1.0
25	1758	1.0
25	1759	1.0
25	1760	1.0
25	1761	1.0
25	1762	1.0
25	1763	1.0
25	1764	1.0
25	1765	1.0
25	1766	1.0
25	1767	1.0
25	1768	1.0
25	1769	1.0
25	1770	1.0
25	1771	1.0
25	1772	1.0
25	1773	1.0
25	1774	1.0
25	1775	1.0
25	1776	1.0
25	1777	1.0
25	1778	1.0
25	1779	1.0
25	1780	1.0
25	1781	1.0
25	1782	1.0
25	1783	1.0
25	1784	1.0
25	1785	1.0
25	1786	1.0
25	1787	1.0
25	1788	1.0
1788	1789	1.0
1788	1790	1.0
1788	1791	1.0
1788	1792	1.0
1788	1793	1.0
25	1794	1.0
25	1795	1.0
25	1796	1.0
25	1797	1.0
25	1798	1.0
25	1799	1.0
25	1800	1.0
25	1801	1.0
25	1802	1.0
25	1803	1.0
25	1804	1.0
25	1805	1.0
25	1806	1.0
25	1807	1.0
25	1808	1.0
25	1809	1.0
25	1810	1.0
25	1811	1.0
25	1812	1.0
25	1813	1.0
25	1814	1.0
25	1815	1.0
25	1816	1.0
25	1817	1.0
25	1818	1.0
25	1819	1.0
25	1820	1.0
25	1821	1.0
25	1822	1.0
25	1823	1.0
25	1824	1.0
25	1825	1.0
25	1826	1.0
25	1827	1.0
25	1828	1.0
25	1829	1.0
25	1830	1.0
25	1831	1.0
25	1832	1.0
25	1833	1.0
25	1834	1.0
25	1835	1.0
25	1836	1.0
25	1837	1.0
25	1838	1.0
25	1839	1.0
25	1840	1.0
25	1841	1.0
25	1842	1.0
25	1843	1.0
25	1844	1.0
25	1845	1.0
25	1846	1.0
25	1847	1.0
25	1848	1.0
25	1849	1.0
25	1850	1.0
25	1851	1.0
25	1852	1.0
25	1853	1.0
25	1854	1.0
25	1855	1.0
25	1856	1.0
25	1857	1.0
25	1858	1.0
1858	1859	1.0
1858	1860	1.0
1858	1861	1.0
1858	1862	1.0
1858	1863	1.0
1858	1864	1.0
1858	1865	1.0
1858	1866	1.0
1858	1867	1.0
1858	1868	1.0
1858	1869	1.0
1858	1870	1.0
1858	1871	1.0
1858	1872	1.0
1858	1873	1.0
1858	1874	1.0
1858	1875	1.0
1858	1876	1.0
1858	1877	1.0
1858	1878	1.0
1858	1879	1.0
1858	1880	1.0
1858	1881	1.0
1858	1882	1.0
1858	1883	1.0
1858	1884	1.0
1858	1885	1.0
1858	1886	1.0
1858	1887	1.0
1858	1888	1.0
1858	1889	1.0
1858	1890	1.0
1858	1891	1.0
1858	1892	1.0
1858	1893	1.0
1858	1894	1.0
1858	1895	1.0
1858	1896	1.0
1858	1897	1.0
1858	1898	1.0
1858	1899	1.0
1858	1900	1.0
1858	1901	1.0
1858	1902	1.0
1858	1903	1.0
1858	1904	1.0
1858	1905	1.0
1858	1906	1.0
1858	1907	1.0
1858	1908	1.0
1858	1909	1.0
1858	1910	1.0
1858	1911	1.0
1858	1912	1.0
1858	1913	1.0
1858	1914	1.0
1858	1915	1.0
1858	1916	1.0
1858	1917	1.0
1858	1918	1.0
1858	1919	1.0
25	1920	1.0
25	1921	1.0
25	1922	1.0
25	1923	1.0
25	1924	1.0
25	1925	1.0
25	1926	1.0
25	1927	1.0
25	1928	1.0
25	1929	1.0
25	1930	1.0
25	1931	1.0
25	1932	1.0
25	1933	1.0
25	1934	1.0
25	1935	1.0
25	1936	1.0
25	1937	1.0
25	1938	1.0
25	1939	1.0
25	1940	1.0
25	1941	1.0
25	1942	1.0
25	1943	1.0
25	1944	1.0
25	1945	1.0
25	1946	1.0
25	1947	1.0
25	1948	1.0
25	1949	1.0
25	1950	1.0
25	1951	1.0
25	1952	1.0
25	1953	1.0
25	1954	1.0
25	1955	1.0
25	1956	1.0
25	1957	1.0
25	1958	1.0
25	1959	1.0
25	1960	1.0
25	1961	1.0
25	1962	1.0
25	1963	1.0
25	1964	1.0
24	1965	1.0
24	1966	1.0
24	1967	1.0
24	1968	1.0
24	1969	1.0
24	1970	1.0
24	1971	1.0
24	1972	1.0
24	1973	1.0
24	1974	1.0
24	1975	1.0
24	1976	1.0
24	1977	1.0
24	1978	1.0
24	1979	1.0
24	1980	1.0
24	1981	1.0
24	1982	1.0
24	1983	1.0
24	1984	1.0
24	1985	1.0
24	1986	1.0
24	1987	1.0
24	1988	1.0
24	1989	1.0
24	1990	1.0
24	1991	1.0
24	1992	1.0
24	1993	1.0
24	1994	1.0
24	1995	1.0
24	1996	1.0
24	1997	1.0
24	1998	1.0
24	1999	1.0
24	2000	1.0
24	2001	1.0
24	2002	1.0
24	2003	1.0
24	2004	1.0
24	2005	1.0
24	2006	1.0
24	2007	1.0
11	2008	1.0
11	2009	1.0
11	2010	1.0
11	2011	1.0
11	2012	1.0
11	2013	1.0
11	2014	1.0
11	2015	1.0
11	2016	1.0
11	2017	1.0
11	2018	1.0
11	2019	1.0
11	2020	1.0
11	2021	1.0
11	2022	1.0
11	2023	1.0
11	2024	1.0
11	2025	1.0
11	2026	1.0
11	2027	1.0
11	2028	1.0
11	2029	1.0
11	2030	1.0
11	2031	1.0
8	2032	1.0
