0	1	1.0
0	2	1.0
0	3	1.0
0	4	1.0
0	5	1.0
0	6	1.0
0	7	1.0
0	8	1.0
0	9	1.0
0	10	1.0
10	11	1.0
10	12	1.0
12	13	1.0
12	14	1.0
12	15	1.0
12	16	1.0
12	17	1.0
12	18	1.0
12	19	1.0
12	20	1.0
12	21	1.0
12	22	1.0
22	23	1.0
22	24	1.0
22	25	1.0
22	26	1.0
22	27	1.0
22	28	1.0
22	29	1.0
22	30	1.0
22	31	1.0
22	32	1.0
22	33	1.0
22	34	1.0
22	35	1.0
35	36	1.0
35	37	1.0
35	38	1.0
35	39	1.0
35	40	1.0
35	41	1.0
35	42	1.0
22	43	1.0
22	44	1.0
22	45	1.0
22	46	1.0
22	47	1.0
22	48	1.0
22	49	1.0
22	50	1.0
22	51	1.0
22	52	1.0
22	53	1.0
22	54	1.0
22	55	1.0
22	56	1.0
22	57	1.0
22	58	1.0
22	59	1.0
22	60	1.0
22	61	1.0
22	62	1.0
22	63	1.0
22	64	1.0
22	65	1.0
22	66	1.0
22	67	1.0
22	68	1.0
22	69	1.0
22	70	1.0
22	71	1.0
22	72	1.0
22	73	1.0
22	74	1.0
22	75	1.0
22	76	1.0
22	77	1.0
22	78	1.0
22	79	1.0
22	80	1.0
22	81	1.0
22	82	1.0
22	83	1.0
22	84	1.0
22	85	1.0
22	86	1.0
22	87	1.0
22	88	1.0
22	89	1.0
22	90	1.0
22	91	1.0
22	92	1.0
22	93	1.0
93	94	1.0
93	95	1.0
93	96	1.0
93	97	1.0
22	98	1.0
22	99	1.0
22	100	1.0
22	101	1.0
22	102	1.0
22	103	1.0
22	104	1.0
22	105	1.0
22	106	1.0
22	107	1.0
22	108	1.0
22	109	1.0
22	110	1.0
22	111	1.0
22	112	1.0
22	113	1.0
22	114	1.0
22	115	1.0
22	116	1.0
22	117	1.0
22	118	1.0
22	119	1.0
22	120	1.0
22	121	1.0
22	122	1.0
22	123	1.0
22	124	1.0
22	125	1.0
22	126	1.0
22	127	1.0
22	128	1.0
22	129	1.0
22	130	1.0
22	131	1.0
22	132	1.0
22	133	1.0
22	134	1.0
22	135	1.0
22	136	1.0
22	137	1.0
22	138	1.0
22	139	1.0
22	140	1.0
22	141	1.0
22	142	1.0
22	143	1.0
22	144	1.0
22	145	1.0
22	146	1.0
22	147	1.0
22	148	1.0
22	149	1.0
22	150	1.0
22	151	1.0
22	152	1.0
22	153	1.0
22	154	1.0
22	155	1.0
22	156	1.0
22	157	1.0
22	158	1.0
22	159	1.0
22	160	1.0
22	161	1.0
22	162	1.0
22	163	1.0
22	164	1.0
22	165	1.0
22	166	1.0
22	167	1.0
22	168	1.0
22	169	1.0
22	170	1.0
22	171	1.0
22	172	1.0
22	173	1.0
22	174	1.0
22	175	1.0
22	176	1.0
22	177	1.0
22	178	1.0
22	179	1.0
22	180	1.0
22	181	1.0
22	182	1.0
22	183	1.0
22	184	1.0
22	185	1.0
22	186	1.0
22	187	1.0
22	188	1.0
22	189	1.0
22	190	1.0
22	191	1.0
22	192	1.0
22	193	1.0
22	194	1.0
22	195	1.0
22	196	1.0
22	197	1.0
22	198	1.0
22	199	1.0
22	200	1.0
22	201	1.0
22	202	1.0
22	203	1.0
22	204	1.0
22	205	1.0
22	206	1.0
22	207	1.0
22	208	1.0
22	209	1.0
22	210	1.0
22	211	1.0
22	212	1.0
22	213	1.0
22	214	1.0
22	215	1.0
22	216	1.0
22	217	1.0
22	218	1.0
22	219	1.0
22	220	1.0
22	221	1.0
22	222	1.0
22	223	1.0
22	224	1.0
22	225	1.0
22	226	1.0
22	227	1.0
22	228	1.0
22	229	1.0
22	230	1.0
22	231	1.0
22	232	1.0
22	233	1.0
22	234	1.0
234	235	1.0
234	236	1.0
234	237	1.0
234	238	1.0
234	239	1.0
234	240	1.0
234	241	1.0
22	242	1.0
22	243	1.0
22	244	1.0
22	245	1.0
22	246	1.0
22	247	1.0
22	248	1.0
22	249	1.0
22	250	1.0
22	251	1.0
22	252	1.0
22	253	1.0
22	254	1.0
22	255	1.0
22	256	1.0
22	257	1.0
22	258	1.0
22	259	1.0
22	260	1.0
22	261	1.0
22	262	1.0
22	263	1.0
22	264	1.0
22	265	1.0
22	266	1.0
22	267	1.0
22	268	1.0
22	269	1.0
22	270	1.0
22	271	1.0
22	272	1.0
22	273	1.0
22	274	1.0
22	275	1.0
22	276	1.0
22	277	1.0
22	278	1.0
22	279	1.0
22	280	1.0
22	281	1.0
22	282	1.0
22	283	1.0
22	284	1.0
22	285	1.0
22	286	1.0
22	287	1.0
22	288	1.0
22	289	1.0
22	290	1.0
22	291	1.0
22	292	1.0
22	293	1.0
22	294	1.0
22	295	1.0
22	296	1.0
22	297	1.0
22	298	1.0
22	299	1.0
22	300	1.0
22	301	1.0
22	302	1.0
22	303	1.0
22	304	1.0
22	305	1.0
22	306	1.0
22	307	1.0
22	308	1.0
22	309	1.0
22	310	1.0
22	311	1.0
22	312	1.0
22	313	1.0
22	314	1.0
22	315	1.0
22	316	1.0
22	317	1.0
22	318	1.0
22	319	1.0
22	320	1.0
22	321	1.0
22	322	1.0
322	323	1.0
322	324	1.0
322	325	1.0
322	326	1.0
322	327	1.0
322	328	1.0
322	329	1.0
322	330	1.0
322	331	1.0
322	332	1.0
22	333	1.0
22	334	1.0
22	335	1.0
22	336	1.0
22	337	1.0
22	338	1.0
22	339	1.0
22	340	1.0
22	341	1.0
22	342	1.0
22	343	1.0
22	344	1.0
22	345	1.0
22	346	1.0
22	347	1.0
22	348	1.0
22	349	1.0
22	350	1.0
22	351	1.0
22	352	1.0
22	353	1.0
22	354	1.0
22	355	1.0
22	356	1.0
22	357	1.0
22	358	1.0
22	359	1.0
22	360	1.0
22	361	1.0
22	362	1.0
22	363	1.0
22	364	1.0
22	365	1.0
22	366	1.0
22	367	1.0
22	368	1.0
22	369	1.0
22	370	1.0
22	371	1.0
22	372	1.0
22	373	1.0
22	374	1.0
22	375	1.0
22	376	1.0
22	377	1.0
22	378	1.0
22	379	1.0
22	380	1.0
22	381	1.0
22	382	1.0
22	383	1.0
22	384	1.0
22	385	1.0
22	386	1.0
22	387	1.0
22	388	1.0
22	389	1.0
22	390	1.0
22	391	1.0
22	392	1.0
22	393	1.0
22	394	1.0
22	395	1.0
22	396	1.0
22	397	1.0
22	398	1.0
22	399	1.0
22	400	1.0
22	401	1.0
22	402	1.0
22	403	1.0
22	404	1.0
22	405	1.0
22	406	1.0
22	407	1.0
22	408	1.0
22	409	1.0
22	410	1.0
22	411	1.0
22	412	1.0
22	413	1.0
22	414	1.0
22	415	1.0
22	416	1.0
22	417	1.0
22	418	1.0
22	419	1.0
22	420	1.0
22	421	1.0
22	422	1.0
22	423	1.0
22	424	1.0
22	425	1.0
22	426	1.0
22	427	1.0
22	428	1.0
22	429	1.0
22	430	1.0
22	431	1.0
22	432	1.0
22	433	1.0
22	434	1.0
22	435	1.0
22	436	1.0
22	437	1.0
22	438	1.0
22	439	1.0
22	440	1.0
22	441	1.0
22	442	1.0
22	443	1.0
22	444	1.0
22	445	1.0
22	446	1.0
22	447	1.0
22	448	1.0
22	449	1.0
22	450	1.0
22	451	1.0
22	452	1.0
22	453	1.0
22	454	1.0
22	455	1.0
22	456	1.0
22	457	1.0
22	458	1.0
22	459	1.0
22	460	1.0
22	461	1.0
22	462	1.0
22	463	1.0
22	464	1.0
22	465	1.0
22	466	1.0
22	467	1.0
22	468	1.0
22	469	1.0
22	470	1.0
22	471	1.0
22	472	1.0
22	473	1.0
22	474	1.0
22	475	1.0
22	476	1.0
22	477	1.0
22	478	1.0
22	479	1.0
22	480	1.0
22	481	1.0
22	482	1.0
22	483	1.0
22	484	1.0
22	485	1.0
22	486	1.0
22	487	1.0
22	488	1.0
22	489	1.0
22	490	1.0
22	491	1.0
22	492	1.0
22	493	1.0
22	494	1.0
22	495	1.0
22	496	1.0
22	497	1.0
22	498	1.0
22	499	1.0
22	500	1.0
22	501	1.0
22	502	1.0
22	503	1.0
22	504	1.0
22	505	1.0
22	506	1.0
22	507	1.0
22	508	1.0
22	509	1.0
22	510	1.0
22	511	1.0
22	512	1.0
22	513	1.0
22	514	1.0
22	515	1.0
22	516	1.0
22	517	1.0
22	518	1.0
22	519	1.0
22	520	1.0
22	521	1.0
22	522	1.0
22	523	1.0
22	524	1.0
22	525	1.0
22	526	1.0
22	527	1.0
22	528	1.0
22	529	1.0
22	530	1.0
22	531	1.0
22	532	1.0
22	533	1.0
22	534	1.0
22	535	1.0
22	536	1.0
22	537	1.0
22	538	1.0
22	539	1.0
22	540	1.0
22	541	1.0
22	542	1.0
22	543	1.0
22	544	1.0
22	545	1.0
22	546	1.0
22	547	1.0
22	548	1.0
22	549	1.0
22	550	1.0
22	551	1.0
22	552	1.0
22	553	1.0
22	554	1.0
22	555	1.0
22	556	1.0
22	557	1.0
22	558	1.0
22	559	1.0
22	560	1.0
22	561	1.0
22	562	1.0
22	563	1.0
22	564	1.0
22	565	1.0
22	566	1.0
22	567	1.0
22	568	1.0
22	569	1.0
22	570	1.0
22	571	1.0
22	572	1.0
22	573	1.0
22	574	1.0
574	575	1.0
574	576	1.0
574	577	1.0
574	578	1.0
574	579	1.0
579	580	1.0
579	581	1.0
579	582	1.0
579	583	1.0
583	584	1.0
583	585	1.0
583	586	1.0
583	587	1.0
583	588	1.0
583	589	1.0
583	590	1.0
583	591	1.0
583	592	1.0
583	593	1.0
583	594	1.0
583	595	1.0
583	596	1.0
583	597	1.0
583	598	1.0
583	599	1.0
583	600	1.0
583	601	1.0
583	602	1.0
583	603	1.0
583	604	1.0
583	605	1.0
583	606	1.0
583	607	1.0
583	608	1.0
583	609	1.0
583	610	1.0
583	611	1.0
583	612	1.0
583	613	1.0
583	614	1.0
583	615	1.0
583	616	1.0
583	617	1.0
583	618	1.0
583	619	1.0
583	620	1.0
583	621	1.0
583	622	1.0
583	623	1.0
583	624	1.0
583	625	1.0
583	626	1.0
583	627	1.0
583	628	1.0
583	629	1.0
583	630	1.0
583	631	1.0
583	632	1.0
583	633	1.0
583	634	1.0
583	635	1.0
583	636	1.0
583	637	1.0
583	638	1.0
583	639	1.0
583	640	1.0
583	641	1.0
583	642	1.0
583	643	1.0
583	644	1.0
583	645	1.0
583	646	1.0
574	647	1.0
574	648	1.0
574	649	1.0
574	650	1.0
574	651	1.0
574	652	1.0
574	653	1.0
574	654	1.0
574	655	1.0
574	656	1.0
574	657	1.0
574	658	1.0
574	659	1.0
574	660	1.0
574	661	1.0
574	662	1.0
574	663	1.0
574	664	1.0
22	665	1.0
22	666	1.0
22	667	1.0
22	668	1.0
22	669	1.0
22	670	1.0
22	671	1.0
22	672	1.0
22	673	1.0
22	674	1.0
22	675	1.0
22	676	1.0
22	677	1.0
22	678	1.0
22	679	1.0
22	680	1.0
22	681	1.0
22	682	1.0
22	683	1.0
22	684	1.0
22	685	1.0
22	686	1.0
22	687	1.0
22	688	1.0
22	689	1.0
22	690	1.0
22	691	1.0
22	692	1.0
22	693	1.0
22	694	1.0
22	695	1.0
22	696	1.0
22	697	1.0
22	698	1.0
22	699	1.0
22	700	1.0
22	701	1.0
22	702	1.0
22	703	1.0
22	704	1.0
22	705	1.0
22	706	1.0
22	707	1.0
22	708	1.0
22	709	1.0
22	710	1.0
22	711	1.0
22	712	1.0
22	713	1.0
22	714	1.0
22	715	1.0
22	716	1.0
22	717	1.0
22	718	1.0
22	719	1.0
22	720	1.0
22	721	1.0
22	722	1.0
22	723	1.0
22	724	1.0
22	725	1.0
22	726	1.0
22	727	1.0
22	728	1.0
22	729	1.0
22	730	1.0
22	731	1.0
22	732	1.0
22	733	1.0
22	734	1.0
22	735	1.0
22	736	1.0
22	737	1.0
22	738	1.0
22	739	1.0
22	740	1.0
22	741	1.0
22	742	1.0
22	743	1.0
22	744	1.0
22	745	1.0
22	746	1.0
22	747	1.0
22	748	1.0
22	749	1.0
22	750	1.0
22	751	1.0
22	752	1.0
22	753	1.0
22	754	1.0
22	755	1.0
22	756	1.0
22	757	1.0
22	758	1.0
22	759	1.0
22	760	1.0
22	761	1.0
22	762	1.0
22	763	1.0
22	764	1.0
22	765	1.0
22	766	1.0
22	767	1.0
22	768	1.0
22	769	1.0
22	770	1.0
22	771	1.0
22	772	1.0
22	773	1.0
22	774	1.0
22	775	1.0
22	776	1.0
22	777	1.0
22	778	1.0
22	779	1.0
22	780	1.0
22	781	1.0
22	782	1.0
22	783	1.0
22	784	1.0
22	785	1.0
22	786	1.0
22	787	1.0
22	788	1.0
22	789	1.0
22	790	1.0
22	791	1.0
22	792	1.0
22	793	1.0
22	794	1.0
22	795	1.0
22	796	1.0
22	797	1.0
22	798	1.0
22	799	1.0
22	800	1.0
22	801	1.0
22	802	1.0
22	803	1.0
22	804	1.0
22	805	1.0
22	806	1.0
806	807	1.0
806	808	1.0
806	809	1.0
806	810	1.0
806	811	1.0
806	812	1.0
806	813	1.0
806	814	1.0
806	815	1.0
806	816	1.0
22	817	1.0
22	818	1.0
22	819	1.0
22	820	1.0
22	821	1.0
22	822	1.0
22	823	1.0
22	824	1.0
22	825	1.0
22	826	1.0
22	827	1.0
22	828	1.0
22	829	1.0
22	830	1.0
22	831	1.0
22	832	1.0
22	833	1.0
22	834	1.0
22	835	1.0
22	836	1.0
22	837	1.0
22	838	1.0
22	839	1.0
22	840	1.0
22	841	1.0
22	842	1.0
22	843	1.0
22	844	1.0
22	845	1.0
22	846	1.0
22	847	1.0
22	848	1.0
22	849	1.0
22	850	1.0
22	851	1.0
22	852	1.0
22	853	1.0
22	854	1.0
22	855	1.0
22	856	1.0
22	857	1.0
22	858	1.0
22	859	1.0
22	860	1.0
22	861	1.0
22	862	1.0
22	863	1.0
22	864	1.0
22	865	1.0
22	866	1.0
22	867	1.0
22	868	1.0
22	869	1.0
22	870	1.0
22	871	1.0
22	872	1.0
22	873	1.0
22	874	1.0
22	875	1.0
22	876	1.0
22	877	1.0
22	878	1.0
22	879	1.0
22	880	1.0
22	881	1.0
22	882	1.0
22	883	1.0
22	884	1.0
22	885	1.0
22	886	1.0
22	887	1.0
22	888	1.0
22	889	1.0
22	890	1.0
22	891	1.0
22	892	1.0
22	893	1.0
22	894	1.0
22	895	1.0
22	896	1.0
22	897	1.0
22	898	1.0
22	899	1.0
22	900	1.0
22	901	1.0
22	902	1.0
22	903	1.0
22	904	1.0
22	905	1.0
22	906	1.0
22	907	1.0
22	908	1.0
22	909	1.0
22	910	1.0
22	911	1.0
22	912	1.0
22	913	1.0
22	914	1.0
22	915	1.0
22	916	1.0
22	917	1.0
22	918	1.0
22	919	1.0
22	920	1.0
22	921	1.0
22	922	1.0
22	923	1.0
22	924	1.0
22	925	1.0
22	926	1.0
22	927	1.0
22	928	1.0
22	929	1.0
22	930	1.0
22	931	1.0
22	932	1.0
22	933	1.0
22	934	1.0
22	935	1.0
22	936	1.0
22	937	1.0
22	938	1.0
22	939	1.0
22	940	1.0
22	941	1.0
22	942	1.0
22	943	1.0
22	944	1.0
22	945	1.0
22	946	1.0
22	947	1.0
22	948	1.0
22	949	1.0
22	950	1.0
22	951	1.0
22	952	1.0
22	953	1.0
22	954	1.0
22	955	1.0
955	956	1.0
955	957	1.0
955	958	1.0
955	959	1.0
955	960	1.0
955	961	1.0
22	962	1.0
22	963	1.0
22	964	1.0
22	965	1.0
22	966	1.0
22	967	1.0
22	968	1.0
22	969	1.0
22	970	1.0
22	971	1.0
22	972	1.0
22	973	1.0
22	974	1.0
22	975	1.0
22	976	1.0
22	977	1.0
22	978	1.0
22	979	1.0
22	980	1.0
22	981	1.0
22	982	1.0
22	983	1.0
22	984	1.0
22	985	1.0
22	986	1.0
22	987	1.0
22	988	1.0
22	989	1.0
22	990	1.0
22	991	1.0
22	992	1.0
22	993	1.0
22	994	1.0
22	995	1.0
22	996	1.0
22	997	1.0
22	998	1.0
22	999	1.0
22	1000	1.0
22	1001	1.0
22	1002	1.0
22	1003	1.0
22	1004	1.0
22	1005	1.0
22	1006	1.0
22	1007	1.0
22	1008	1.0
22	1009	1.0
22	1010	1.0
22	1011	1.0
22	1012	1.0
22	1013	1.0
22	1014	1.0
22	1015	1.0
22	1016	1.0
22	1017	1.0
22	1018	1.0
22	1019	1.0
22	1020	1.0
22	1021	1.0
22	1022	1.0
22	1023	1.0
22	1024	1.0
22	1025	1.0
22	1026	1.0
22	1027	1.0
22	1028	1.0
22	1029	1.0
22	1030	1.0
22	1031	1.0
22	1032	1.0
22	1033	1.0
22	1034	1.0
22	1035	1.0
22	1036	1.0
22	1037	1.0
22	1038	1.0
22	1039	1.0
1039	1040	1.0
1039	1041	1.0
1039	1042	1.0
1039	1043	1.0
1039	1044	1.0
1039	1045	1.0
1039	1046	1.0
1039	1047	1.0
1039	1048	1.0
1039	1049	1.0
1039	1050	1.0
1039	1051	1.0
1039	1052	1.0
1039	1053	1.0
1039	1054	1.0
1039	1055	1.0
1039	1056	1.0
1039	1057	1.0
1039	1058	1.0
22	1059	1.0
22	1060	1.0
22	1061	1.0
22	1062	1.0
22	1063	1.0
22	1064	1.0
22	1065	1.0
22	1066	1.0
22	1067	1.0
22	1068	1.0
22	1069	1.0
22	1070	1.0
22	1071	1.0
22	1072	1.0
22	1073	1.0
22	1074	1.0
22	1075	1.0
22	1076	1.0
22	1077	1.0
22	1078	1.0
22	1079	1.0
22	1080	1.0
22	1081	1.0
22	1082	1.0
22	1083	1.0
22	1084	1.0
22	1085	1.0
22	1086	1.0
22	1087	1.0
22	1088	1.0
22	1089	1.0
22	1090	1.0
22	1091	1.0
22	1092	1.0
22	1093	1.0
22	1094	1.0
22	1095	1.0
22	1096	1.0
22	1097	1.0
22	1098	1.0
22	1099	1.0
22	1100	1.0
22	1101	1.0
22	1102	1.0
22	1103	1.0
22	1104	1.0
22	1105	1.0
22	1106	1.0
22	1107	1.0
22	1108	1.0
22	1109	1.0
22	1110	1.0
22	1111	1.0
22	1112	1.0
22	1113	1.0
22	1114	1.0
22	1115	1.0
22	1116	1.0
22	1117	1.0
22	1118	1.0
22	1119	1.0
22	1120	1.0
22	1121	1.0
22	1122	1.0
22	1123	1.0
22	1124	1.0
22	1125	1.0
22	1126	1.0
1126	1127	1.0
1126	1128	1.0
1126	1129	1.0
1126	1130	1.0
1126	1131	1.0
1126	1132	1.0
1126	1133	1.0
1126	1134	1.0
1126	1135	1.0
1126	1136	1.0
1126	1137	1.0
1126	1138	1.0
1126	1139	1.0
1126	1140	1.0
1126	1141	1.0
1126	1142	1.0
22	1143	1.0
22	1144	1.0
22	1145	1.0
22	1146	1.0
22	1147	1.0
22	1148	1.0
22	1149	1.0
22	1150	1.0
22	1151	1.0
22	1152	1.0
22	1153	1.0
22	1154	1.0
22	1155	1.0
22	1156	1.0
22	1157	1.0
22	1158	1.0
22	1159	1.0
22	1160	1.0
22	1161	1.0
22	1162	1.0
22	1163	1.0
22	1164	1.0
22	1165	1.0
22	1166	1.0
22	1167	1.0
22	1168	1.0
22	1169	1.0
22	1170	1.0
22	1171	1.0
22	1172	1.0
22	1173	1.0
22	1174	1.0
22	1175	1.0
22	1176	1.0
22	1177	1.0
22	1178	1.0
22	1179	1.0
22	1180	1.0
22	1181	1.0
22	1182	1.0
22	1183	1.0
22	1184	1.0
22	1185	1.0
22	1186	1.0
22	1187	1.0
22	1188	1.0
22	1189	1.0
22	1190	1.0
22	1191	1.0
22	1192	1.0
22	1193	1.0
22	1194	1.0
22	1195	1.0
22	1196	1.0
22	1197	1.0
22	1198	1.0
22	1199	1.0
22	1200	1.0
22	1201	1.0
22	1202	1.0
22	1203	1.0
22	1204	1.0
22	1205	1.0
22	1206	1.0
22	1207	1.0
22	1208	1.0
22	1209	1.0
22	1210	1.0
22	1211	1.0
22	1212	1.0
22	1213	1.0
22	1214	1.0
22	1215	1.0
22	1216	1.0
22	1217	1.0
22	1218	1.0
22	1219	1.0
22	1220	1.0
22	1221	1.0
22	1222	1.0
22	1223	1.0
22	1224	1.0
22	1225	1.0
22	1226	1.0
22	1227	1.0
22	1228	1.0
22	1229	1.0
22	1230	1.0
22	1231	1.0
22	1232	1.0
22	1233	1.0
22	1234	1.0
22	1235	1.0
22	1236	1.0
22	1237	1.0
22	1238	1.0
22	1239	1.0
22	1240	1.0
22	1241	1.0
22	1242	1.0
22	1243	1.0
22	1244	1.0
22	1245	1.0
22	1246	1.0
22	1247	1.0
22	1248	1.0
22	1249	1.0
22	1250	1.0
22	1251	1.0
22	1252	1.0
22	1253	1.0
22	1254	1.0
22	1255	1.0
22	1256	1.0
22	1257	1.0
22	1258	1.0
22	1259	1.0
22	1260	1.0
22	1261	1.0
22	1262	1.0
22	1263	1.0
22	1264	1.0
22	1265	1.0
22	1266	1.0
22	1267	1.0
22	1268	1.0
22	1269	1.0
22	1270	1.0
22	1271	1.0
22	1272	1.0
22	1273	1.0
22	1274	1.0
22	1275	1.0
22	1276	1.0
22	1277	1.0
22	1278	1.0
22	1279	1.0
22	1280	1.0
22	1281	1.0
22	1282	1.0
22	1283	1.0
22	1284	1.0
22	1285	1.0
22	1286	1.0
22	1287	1.0
22	1288	1.0
22	1289	1.0
22	1290	1.0
22	1291	1.0
22	1292	1.0
22	1293	1.0
22	1294	1.0
22	1295	1.0
22	1296	1.0
22	1297	1.0
22	1298	1.0
22	1299	1.0
22	1300	1.0
22	1301	1.0
22	1302	1.0
22	1303	1.0
22	1304	1.0
22	1305	1.0
22	1306	1.0
22	1307	1.0
1307	1308	1.0
1307	1309	1.0
1307	1310	1.0
1307	1311	1.0
1307	1312	1.0
1307	1313	1.0
1307	1314	1.0
1307	1315	1.0
22	1316	1.0
22	1317	1.0
22	1318	1.0
22	1319	1.0
22	1320	1.0
22	1321	1.0
22	1322	1.0
22	1323	1.0
22	1324	1.0
22	1325	1.0
22	1326	1.0
22	1327	1.0
22	1328	1.0
22	1329	1.0
22	1330	1.0
22	1331	1.0
22	1332	1.0
22	1333	1.0
22	1334	1.0
22	1335	1.0
22	1336	1.0
22	1337	1.0
22	1338	1.0
22	1339	1.0
22	1340	1.0
22	1341	1.0
22	1342	1.0
22	1343	1.0
22	1344	1.0
22	1345	1.0
22	1346	1.0
22	1347	1.0
22	1348	1.0
22	1349	1.0
22	1350	1.0
22	1351	1.0
22	1352	1.0
22	1353	1.0
22	1354	1.0
22	1355	1.0
22	1356	1.0
22	1357	1.0
22	1358	1.0
22	1359	1.0
22	1360	1.0
22	1361	1.0
22	1362	1.0
22	1363	1.0
22	1364	1.0
22	1365	1.0
22	1366	1.0
22	1367	1.0
22	1368	1.0
22	1369	1.0
22	1370	1.0
22	1371	1.0
22	1372	1.0
22	1373	1.0
22	1374	1.0
22	1375	1.0
22	1376	1.0
22	1377	1.0
22	1378	1.0
22	1379	1.0
1379	1380	1.0
1379	1381	1.0
1379	1382	1.0
1379	1383	1.0
1379	1384	1.0
1379	1385	1.0
1379	1386	1.0
1379	1387	1.0
22	1388	1.0
22	1389	1.0
22	1390	1.0
22	1391	1.0
22	1392	1.0
22	1393	1.0
22	1394	1.0
22	1395	1.0
22	1396	1.0
22	1397	1.0
22	1398	1.0
22	1399	1.0
22	1400	1.0
22	1401	1.0
22	1402	1.0
22	1403	1.0
22	1404	1.0
22	1405	1.0
22	1406	1.0
22	1407	1.0
22	1408	1.0
22	1409	1.0
22	1410	1.0
22	1411	1.0
1411	1412	1.0
1411	1413	1.0
1411	1414	1.0
1411	1415	1.0
1411	1416	1.0
1411	1417	1.0
1411	1418	1.0
1411	1419	1.0
1411	1420	1.0
1411	1421	1.0
1411	1422	1.0
1411	1423	1.0
1411	1424	1.0
1411	1425	1.0
1411	1426	1.0
1411	1427	1.0
1411	1428	1.0
1411	1429	1.0
1411	1430	1.0
1411	1431	1.0
1411	1432	1.0
1411	1433	1.0
1411	1434	1.0
1411	1435	1.0
1411	1436	1.0
1411	1437	1.0
1411	1438	1.0
1411	1439	1.0
1411	1440	1.0
1411	1441	1.0
1411	1442	1.0
1411	1443	1.0
1411	1444	1.0
1411	1445	1.0
1445	1446	1.0
1445	1447	1.0
1445	1448	1.0
1445	1449	1.0
1445	1450	1.0
1445	1451	1.0
1445	1452	1.0
1445	1453	1.0
1445	1454	1.0
1445	1455	1.0
1445	1456	1.0
1445	1457	1.0
1445	1458	1.0
1445	1459	1.0
1445	1460	1.0
1445	1461	1.0
22	1462	1.0
22	1463	1.0
22	1464	1.0
22	1465	1.0
22	1466	1.0
22	1467	1.0
22	1468	1.0
22	1469	1.0
22	1470	1.0
22	1471	1.0
22	1472	1.0
22	1473	1.0
22	1474	1.0
22	1475	1.0
22	1476	1.0
22	1477	1.0
22	1478	1.0
22	1479	1.0
22	1480	1.0
22	1481	1.0
22	1482	1.0
22	1483	1.0
22	1484	1.0
22	1485	1.0
22	1486	1.0
22	1487	1.0
22	1488	1.0
22	1489	1.0
22	1490	1.0
22	1491	1.0
22	1492	1.0
22	1493	1.0
22	1494	1.0
22	1495	1.0
22	1496	1.0
22	1497	1.0
22	1498	1.0
22	1499	1.0
22	1500	1.0
22	1501	1.0
22	1502	1.0
22	1503	1.0
22	1504	1.0
22	1505	1.0
22	1506	1.0
22	1507	1.0
22	1508	1.0
22	1509	1.0
22	1510	1.0
22	1511	1.0
22	1512	1.0
22	1513	1.0
22	1514	1.0
22	1515	1.0
22	1516	1.0
22	1517	1.0
22	1518	1.0
22	1519	1.0
22	1520	1.0
22	1521	1.0
22	1522	1.0
12	1523	1.0
12	1524	1.0
12	1525	1.0
12	1526	1.0
12	1527	1.0
12	1528	1.0
12	1529	1.0
12	1530	1.0
12	1531	1.0
12	1532	1.0
12	1533	1.0
12	1534	1.0
12	1535	1.0
12	1536	1.0
12	1537	1.0
12	1538	1.0
12	1539	1.0
12	1540	1.0
12	1541	1.0
12	1542	1.0
12	1543	1.0
12	1544	1.0
12	1545	1.0
12	1546	1.0
12	1547	1.0
12	1548	1.0
12	1549	1.0
12	1550	1.0
12	1551	1.0
12	1552	1.0
12	1553	1.0
12	1554	1.0
12	1555	1.0
12	1556	1.0
12	1557	1.0
12	1558	1.0
12	1559	1.0
12	1560	1.0
12	1561	1.0
12	1562	1.0
12	1563	1.0
12	1564	1.0
12	1565	1.0
12	1566	1.0
12	1567	1.0
12	1568	1.0
12	1569	1.0
12	1570	1.0
12	1571	1.0
12	1572	1.0
12	1573	1.0
12	1574	1.0
12	1575	1.0
12	1576	1.0
12	1577	1.0
1577	1578	1.0
1577	1579	1.0
1577	1580	1.0
1577	1581	1.0
1577	1582	1.0
1577	1583	1.0
1577	1584	1.0
12	1585	1.0
12	1586	1.0
12	1587	1.0
12	1588	1.0
12	1589	1.0
12	1590	1.0
12	1591	1.0
12	1592	1.0
12	1593	1.0
12	1594	1.0
12	1595	1.0
12	1596	1.0
12	1597	1.0
10	1598	1.0
10	1599	1.0
10	1600	1.0
10	1601	1.0
10	1602	1.0
10	1603	1.0
10	1604	1.0
10	1605	1.0
10	1606	1.0
10	1607	1.0
10	1608	1.0
10	1609	1.0
10	1610	1.0
10	1611	1.0
10	1612	1.0
10	1613	1.0
10	1614	1.0
10	1615	1.0
10	1616	1.0
10	1617	1.0
10	1618	1.0
10	1619	1.0
10	1620	1.0
10	1621	1.0
10	1622	1.0
10	1623	1.0
10	1624	1.0
10	1625	1.0
10	1626	1.0
10	1627	1.0
10	1628	1.0
10	1629	1.0
10	1630	1.0
10	1631	1.0
10	1632	1.0
10	1633	1.0
10	1634	1.0
10	1635	1.0
10	1636	1.0
10	1637	1.0
10	1638	1.0
10	1639	1.0
10	1640	1.0
10	1641	1.0
10	1642	1.0
10	1643	1.0
10	1644	1.0
10	1645	1.0
10	1646	1.0
10	1647	1.0
10	1648	1.0
10	1649	1.0
10	1650	1.0
10	1651	1.0
10	1652	1.0
10	1653	1.0
10	1654	1.0
10	1655	1.0
10	1656	1.0
10	1657	1.0
10	1658	1.0
10	1659	1.0
10	1660	1.0
10	1661	1.0
10	1662	1.0
10	1663	1.0
10	1664	1.0
10	1665	1.0
10	1666	1.0
10	1667	1.0
10	1668	1.0
10	1669	1.0
10	1670	1.0
10	1671	1.0
10	1672	1.0
10	1673	1.0
10	1674	1.0
10	1675	1.0
10	1676	1.0
10	1677	1.0
10	1678	1.0
10	1679	1.0
10	1680	1.0
10	1681	1.0
10	1682	1.0
10	1683	1.0
10	1684	1.0
10	1685	1.0
10	1686	1.0
10	1687	1.0
10	1688	1.0
10	1689	1.0
10	1690	1.0
10	1691	1.0
10	1692	1.0
10	1693	1.0
10	1694	1.0
10	1695	1.0
10	1696	1.0
10	1697	1.0
10	1698	1.0
10	1699	1.0
10	1700	1.0
10	1701	1.0
10	1702	1.0
10	1703	1.0
10	1704	1.0
10	1705	1.0
10	1706	1.0
10	1707	1.0
10	1708	1.0
10	1709	1.0
10	1710	1.0
10	1711	1.0
10	1712	1.0
10	1713	1.0
10	1714	1.0
10	1715	1.0
10	1716	1.0
10	1717	1.0
10	1718	1.0
10	1719	1.0
10	1720	1.0
10	1721	1.0
10	1722	1.0
10	1723	1.0
10	1724	1.0
10	1725	1.0
10	1726	1.0
10	1727	1.0
10	1728	1.0
10	1729	1.0
10	1730	1.0
10	1731	1.0
10	1732	1.0
10	1733	1.0
10	1734	1.0
10	1735	1.0
10	1736	1.0
10	1737	1.0
10	1738	1.0
10	1739	1.0
10	1740	1.0
10	1741	1.0
10	1742	1.0
10	1743	1.0
10	1744	1.0
10	1745	1.0
10	1746	1.0
10	1747	1.0
10	1748	1.0
10	1749	1.0
10	1750	1.0
10	1751	1.0
10	1752	1.0
10	1753	1.0
10	1754	1.0
10	1755	1.0
10	1756	1.0
10	1757	1.0
10	1758	1.0
10	1759	1.0
10	1760	1.0
10	1761	1.0
10	1762	1.0
10	1763	1.0
10	1764	1.0
10	1765	1.0
10	1766	1.0
10	1767	1.0
10	1768	1.0
10	1769	1.0
10	1770	1.0
10	1771	1.0
10	1772	1.0
10	1773	1.0
10	1774	1.0
10	1775	1.0
10	1776	1.0
10	1777	1.0
10	1778	1.0
10	1779	1.0
10	1780	1.0
10	1781	1.0
10	1782	1.0
10	1783	1.0
10	1784	1.0
10	1785	1.0
10	1786	1.0
10	1787	1.0
10	1788	1.0
10	1789	1.0
10	1790	1.0
10	1791	1.0
10	1792	1.0
10	1793	1.0
10	1794	1.0
10	1795	1.0
10	1796	1.0
10	1797	1.0
10	1798	1.0
10	1799	1.0
10	1800	1.0
10	1801	1.0
10	1802	1.0
10	1803	1.0
10	1804	1.0
10	1805	1.0
10	1806	1.0
10	1807	1.0
10	1808	1.0
10	1809	1.0
10	1810	1.0
10	1811	1.0
10	1812	1.0
10	1813	1.0
10	1814	1.0
10	1815	1.0
10	1816	1.0
10	1817	1.0
10	1818	1.0
10	1819	1.0
10	1820	1.0
10	1821	1.0
10	1822	1.0
10	1823	1.0
10	1824	1.0
10	1825	1.0
10	1826	1.0
10	1827	1.0
10	1828	1.0
10	1829	1.0
10	1830	1.0
10	1831	1.0
10	1832	1.0
10	1833	1.0
10	1834	1.0
10	1835	1.0
10	1836	1.0
10	1837	1.0
10	1838	1.0
10	1839	1.0
10	1840	1.0
10	1841	1.0
10	1842	1.0
10	1843	1.0
10	1844	1.0
10	1845	1.0
10	1846	1.0
10	1847	1.0
10	1848	1.0
10	1849	1.0
10	1850	1.0
10	1851	1.0
10	1852	1.0
10	1853	1.0
10	1854	1.0
10	1855	1.0
10	1856	1.0
10	1857	1.0
10	1858	1.0
10	1859	1.0
10	1860	1.0
10	1861	1.0
10	1862	1.0
10	1863	1.0
10	1864	1.0
10	1865	1.0
10	1866	1.0
10	1867	1.0
10	1868	1.0
10	1869	1.0
10	1870	1.0
10	1871	1.0
1871	1872	1.0
1871	1873	1.0
1871	1874	1.0
1871	1875	1.0
1871	1876	1.0
1871	1877	1.0
1871	1878	1.0
1871	1879	1.0
1871	1880	1.0
1871	1881	1.0
1871	1882	1.0
1871	1883	1.0
10	1884	1.0
10	1885	1.0
10	1886	1.0
10	1887	1.0
10	1888	1.0
10	1889	1.0
10	1890	1.0
10	1891	1.0
10	1892	1.0
10	1893	1.0
10	1894	1.0
10	1895	1.0
10	1896	1.0
10	1897	1.0
10	1898	1.0
10	1899	1.0
10	1900	1.0
10	1901	1.0
10	1902	1.0
10	1903	1.0
10	1904	1.0
10	1905	1.0
10	1906	1.0
10	1907	1.0
10	1908	1.0
10	1909	1.0
10	1910	1.0
10	1911	1.0
10	1912	1.0
10	1913	1.0
10	1914	1.0
10	1915	1.0
10	1916	1.0
10	1917	1.0
10	1918	1.0
10	1919	1.0
10	1920	1.0
10	1921	1.0
10	1922	1.0
10	1923	1.0
10	1924	1.0
10	1925	1.0
10	1926	1.0
10	1927	1.0
10	1928	1.0
10	1929	1.0
10	1930	1.0
10	1931	1.0
10	1932	1.0
10	1933	1.0
10	1934	1.0
10	1935	1.0
10	1936	1.0
10	1937	1.0
10	1938	1.0
10	1939	1.0
10	1940	1.0
10	1941	1.0
10	1942	1.0
10	1943	1.0
10	1944	1.0
10	1945	1.0
10	1946	1.0
10	1947	1.0
10	1948	1.0
10	1949	1.0
10	1950	1.0
10	1951	1.0
10	1952	1.0
10	1953	1.0
10	1954	1.0
10	1955	1.0
10	1956	1.0
10	1957	1.0
10	1958	1.0
10	1959	1.0
10	1960	1.0
10	1961	1.0
10	1962	1.0
10	1963	1.0
10	1964	1.0
10	1965	1.0
10	1966	1.0
10	1967	1.0
10	1968	1.0
10	1969	1.0
10	1970	1.0
10	1971	1.0
10	1972	1.0
10	1973	1.0
10	1974	1.0
10	1975	1.0
10	1976	1.0
10	1977	1.0
10	1978	1.0
10	1979	1.0
10	1980	1.0
10	1981	1.0
10	1982	1.0
10	1983	1.0
10	1984	1.0
10	1985	1.0
10	1986	1.0
10	1987	1.0
10	1988	1.0
10	1989	1.0
10	1990	1.0
10	1991	1.0
10	1992	1.0
10	1993	1.0
10	1994	1.0
10	1995	1.0
10	1996	1.0
10	1997	1.0
10	1998	1.0
10	1999	1.0
10	2000	1.0
10	2001	1.0
10	2002	1.0
10	2003	1.0
10	2004	1.0
10	2005	1.0
10	2006	1.0
10	2007	1.0
10	2008	1.0
10	2009	1.0
10	2010	1.0
10	2011	1.0
10	2012	1.0
10	2013	1.0
10	2014	1.0
10	2015	1.0
10	2016	1.0
10	2017	1.0
10	2018	1.0
10	2019	1.0
10	2020	1.0
