0	1	1.0
0	2	1.0
0	3	1.0
3	4	1.0
3	5	1.0
5	6	1.0
6	7	1.0
6	8	1.0
6	9	1.0
6	10	1.0
6	11	1.0
6	12	1.0
6	13	1.0
6	14	1.0
6	15	1.0
6	16	1.0
6	17	1.0
6	18	1.0
6	19	1.0
6	20	1.0
6	21	1.0
6	22	1.0
6	23	1.0
6	24	1.0
6	25	1.0
6	26	1.0
6	27	1.0
6	28	1.0
28	29	1.0
28	30	1.0
28	31	1.0
28	32	1.0
28	33	1.0
28	34	1.0
28	35	1.0
28	36	1.0
28	37	1.0
28	38	1.0
28	39	1.0
28	40	1.0
28	41	1.0
28	42	1.0
28	43	1.0
28	44	1.0
28	45	1.0
28	46	1.0
28	47	1.0
28	48	1.0
28	49	1.0
28	50	1.0
28	51	1.0
28	52	1.0
28	53	1.0
28	54	1.0
28	55	1.0
28	56	1.0
28	57	1.0
28	58	1.0
28	59	1.0
28	60	1.0
28	61	1.0
28	62	1.0
28	63	1.0
28	64	1.0
28	65	1.0
28	66	1.0
28	67	1.0
28	68	1.0
28	69	1.0
28	70	1.0
28	71	1.0
28	72	1.0
28	73	1.0
28	74	1.0
28	75	1.0
28	76	1.0
28	77	1.0
28	78	1.0
28	79	1.0
28	80	1.0
28	81	1.0
28	82	1.0
28	83	1.0
28	84	1.0
28	85	1.0
28	86	1.0
28	87	1.0
28	88	1.0
28	89	1.0
28	90	1.0
28	91	1.0
91	92	1.0
91	93	1.0
91	94	1.0
91	95	1.0
91	96	1.0
91	97	1.0
91	98	1.0
91	99	1.0
91	100	1.0
91	101	1.0
91	102	1.0
28	103	1.0
28	104	1.0
28	105	1.0
28	106	1.0
28	107	1.0
28	108	1.0
28	109	1.0
28	110	1.0
28	111	1.0
28	112	1.0
28	113	1.0
28	114	1.0
28	115	1.0
28	116	1.0
28	117	1.0
28	118	1.0
28	119	1.0
28	120	1.0
28	121	1.0
28	122	1.0
28	123	1.0
28	124	1.0
28	125	1.0
28	126	1.0
28	127	1.0
28	128	1.0
28	129	1.0
28	130	1.0
28	131	1.0
28	132	1.0
28	133	1.0
28	134	1.0
28	135	1.0
28	136	1.0
28	137	1.0
28	138	1.0
28	139	1.0
28	140	1.0
28	141	1.0
28	142	1.0
28	143	1.0
28	144	1.0
28	145	1.0
28	146	1.0
28	147	1.0
28	148	1.0
28	149	1.0
28	150	1.0
28	151	1.0
28	152	1.0
28	153	1.0
28	154	1.0
28	155	1.0
28	156	1.0
28	157	1.0
28	158	1.0
28	159	1.0
159	160	1.0
159	161	1.0
159	162	1.0
159	163	1.0
159	164	1.0
159	165	1.0
159	166	1.0
28	167	1.0
28	168	1.0
28	169	1.0
28	170	1.0
28	171	1.0
28	172	1.0
28	173	1.0
28	174	1.0
28	175	1.0
28	176	1.0
28	177	1.0
177	178	1.0
177	179	1.0
177	180	1.0
177	181	1.0
177	182	1.0
177	183	1.0
28	184	1.0
28	185	1.0
28	186	1.0
28	187	1.0
28	188	1.0
28	189	1.0
28	190	1.0
28	191	1.0
28	192	1.0
28	193	1.0
28	194	1.0
28	195	1.0
28	196	1.0
28	197	1.0
28	198	1.0
28	199	1.0
28	200	1.0
28	201	1.0
28	202	1.0
28	203	1.0
28	204	1.0
28	205	1.0
28	206	1.0
28	207	1.0
28	208	1.0
28	209	1.0
28	210	1.0
28	211	1.0
28	212	1.0
28	213	1.0
28	214	1.0
28	215	1.0
28	216	1.0
28	217	1.0
28	218	1.0
28	219	1.0
28	220	1.0
28	221	1.0
28	222	1.0
28	223	1.0
28	224	1.0
28	225	1.0
28	226	1.0
28	227	1.0
28	228	1.0
28	229	1.0
28	230	1.0
230	231	1.0
230	232	1.0
230	233	1.0
230	234	1.0
28	235	1.0
28	236	1.0
28	237	1.0
28	238	1.0
28	239	1.0
28	240	1.0
28	241	1.0
28	242	1.0
28	243	1.0
28	244	1.0
28	245	1.0
28	246	1.0
28	247	1.0
28	248	1.0
28	249	1.0
28	250	1.0
28	251	1.0
28	252	1.0
28	253	1.0
28	254	1.0
28	255	1.0
28	256	1.0
28	257	1.0
28	258	1.0
28	259	1.0
28	260	1.0
28	261	1.0
28	262	1.0
28	263	1.0
28	264	1.0
28	265	1.0
28	266	1.0
28	267	1.0
28	268	1.0
28	269	1.0
28	270	1.0
28	271	1.0
28	272	1.0
28	273	1.0
28	274	1.0
28	275	1.0
28	276	1.0
28	277	1.0
28	278	1.0
28	279	1.0
28	280	1.0
28	281	1.0
28	282	1.0
28	283	1.0
28	284	1.0
28	285	1.0
28	286	1.0
28	287	1.0
28	288	1.0
28	289	1.0
28	290	1.0
28	291	1.0
28	292	1.0
28	293	1.0
28	294	1.0
28	295	1.0
28	296	1.0
28	297	1.0
28	298	1.0
28	299	1.0
28	300	1.0
28	301	1.0
28	302	1.0
28	303	1.0
28	304	1.0
28	305	1.0
28	306	1.0
28	307	1.0
28	308	1.0
28	309	1.0
28	310	1.0
28	311	1.0
28	312	1.0
28	313	1.0
28	314	1.0
28	315	1.0
28	316	1.0
28	317	1.0
28	318	1.0
28	319	1.0
28	320	1.0
28	321	1.0
28	322	1.0
28	323	1.0
28	324	1.0
28	325	1.0
28	326	1.0
28	327	1.0
28	328	1.0
28	329	1.0
28	330	1.0
28	331	1.0
28	332	1.0
28	333	1.0
28	334	1.0
28	335	1.0
28	336	1.0
28	337	1.0
28	338	1.0
28	339	1.0
28	340	1.0
28	341	1.0
28	342	1.0
28	343	1.0
28	344	1.0
28	345	1.0
28	346	1.0
28	347	1.0
28	348	1.0
28	349	1.0
28	350	1.0
28	351	1.0
28	352	1.0
28	353	1.0
28	354	1.0
28	355	1.0
28	356	1.0
28	357	1.0
28	358	1.0
28	359	1.0
28	360	1.0
28	361	1.0
28	362	1.0
28	363	1.0
28	364	1.0
28	365	1.0
28	366	1.0
28	367	1.0
28	368	1.0
28	369	1.0
28	370	1.0
28	371	1.0
28	372	1.0
28	373	1.0
28	374	1.0
28	375	1.0
28	376	1.0
28	377	1.0
28	378	1.0
28	379	1.0
28	380	1.0
28	381	1.0
28	382	1.0
28	383	1.0
28	384	1.0
28	385	1.0
28	386	1.0
28	387	1.0
28	388	1.0
28	389	1.0
28	390	1.0
28	391	1.0
28	392	1.0
28	393	1.0
28	394	1.0
28	395	1.0
28	396	1.0
28	397	1.0
28	398	1.0
28	399	1.0
28	400	1.0
28	401	1.0
28	402	1.0
28	403	1.0
28	404	1.0
28	405	1.0
28	406	1.0
28	407	1.0
28	408	1.0
28	409	1.0
28	410	1.0
28	411	1.0
28	412	1.0
28	413	1.0
28	414	1.0
28	415	1.0
28	416	1.0
28	417	1.0
28	418	1.0
28	419	1.0
28	420	1.0
28	421	1.0
28	422	1.0
28	423	1.0
28	424	1.0
28	425	1.0
28	426	1.0
28	427	1.0
28	428	1.0
28	429	1.0
28	430	1.0
28	431	1.0
28	432	1.0
28	433	1.0
28	434	1.0
28	435	1.0
28	436	1.0
28	437	1.0
28	438	1.0
28	439	1.0
28	440	1.0
28	441	1.0
28	442	1.0
28	443	1.0
28	444	1.0
28	445	1.0
28	446	1.0
28	447	1.0
28	448	1.0
28	449	1.0
28	450	1.0
28	451	1.0
28	452	1.0
28	453	1.0
28	454	1.0
28	455	1.0
28	456	1.0
28	457	1.0
28	458	1.0
28	459	1.0
28	460	1.0
28	461	1.0
28	462	1.0
28	463	1.0
28	464	1.0
28	465	1.0
28	466	1.0
28	467	1.0
28	468	1.0
28	469	1.0
28	470	1.0
28	471	1.0
28	472	1.0
28	473	1.0
28	474	1.0
474	475	1.0
474	476	1.0
474	477	1.0
474	478	1.0
474	479	1.0
28	480	1.0
28	481	1.0
28	482	1.0
28	483	1.0
28	484	1.0
28	485	1.0
28	486	1.0
28	487	1.0
28	488	1.0
28	489	1.0
28	490	1.0
28	491	1.0
28	492	1.0
28	493	1.0
28	494	1.0
28	495	1.0
28	496	1.0
28	497	1.0
28	498	1.0
28	499	1.0
28	500	1.0
28	501	1.0
28	502	1.0
28	503	1.0
28	504	1.0
28	505	1.0
28	506	1.0
28	507	1.0
28	508	1.0
28	509	1.0
28	510	1.0
28	511	1.0
28	512	1.0
28	513	1.0
28	514	1.0
28	515	1.0
28	516	1.0
28	517	1.0
28	518	1.0
28	519	1.0
28	520	1.0
28	521	1.0
28	522	1.0
28	523	1.0
28	524	1.0
28	525	1.0
28	526	1.0
28	527	1.0
28	528	1.0
28	529	1.0
28	530	1.0
28	531	1.0
28	532	1.0
28	533	1.0
28	534	1.0
28	535	1.0
28	536	1.0
28	537	1.0
28	538	1.0
28	539	1.0
28	540	1.0
28	541	1.0
28	542	1.0
28	543	1.0
28	544	1.0
28	545	1.0
28	546	1.0
28	547	1.0
28	548	1.0
28	549	1.0
28	550	1.0
28	551	1.0
28	552	1.0
28	553	1.0
28	554	1.0
28	555	1.0
28	556	1.0
28	557	1.0
28	558	1.0
28	559	1.0
28	560	1.0
28	561	1.0
28	562	1.0
28	563	1.0
28	564	1.0
28	565	1.0
28	566	1.0
28	567	1.0
28	568	1.0
28	569	1.0
28	570	1.0
28	571	1.0
28	572	1.0
28	573	1.0
28	574	1.0
28	575	1.0
28	576	1.0
28	577	1.0
28	578	1.0
28	579	1.0
28	580	1.0
28	581	1.0
28	582	1.0
28	583	1.0
28	584	1.0
28	585	1.0
28	586	1.0
28	587	1.0
28	588	1.0
28	589	1.0
28	590	1.0
28	591	1.0
28	592	1.0
28	593	1.0
28	594	1.0
28	595	1.0
28	596	1.0
28	597	1.0
28	598	1.0
28	599	1.0
28	600	1.0
28	601	1.0
28	602	1.0
28	603	1.0
28	604	1.0
28	605	1.0
28	606	1.0
28	607	1.0
28	608	1.0
28	609	1.0
28	610	1.0
28	611	1.0
28	612	1.0
28	613	1.0
28	614	1.0
28	615	1.0
28	616	1.0
28	617	1.0
28	618	1.0
28	619	1.0
28	620	1.0
28	621	1.0
28	622	1.0
28	623	1.0
28	624	1.0
28	625	1.0
28	626	1.0
28	627	1.0
28	628	1.0
28	629	1.0
28	630	1.0
28	631	1.0
28	632	1.0
28	633	1.0
28	634	1.0
28	635	1.0
28	636	1.0
28	637	1.0
28	638	1.0
28	639	1.0
28	640	1.0
28	641	1.0
28	642	1.0
28	643	1.0
28	644	1.0
28	645	1.0
28	646	1.0
28	647	1.0
28	648	1.0
28	649	1.0
28	650	1.0
28	651	1.0
28	652	1.0
28	653	1.0
28	654	1.0
28	655	1.0
28	656	1.0
28	657	1.0
28	658	1.0
28	659	1.0
28	660	1.0
28	661	1.0
28	662	1.0
28	663	1.0
28	664	1.0
28	665	1.0
28	666	1.0
28	667	1.0
28	668	1.0
28	669	1.0
28	670	1.0
28	671	1.0
28	672	1.0
28	673	1.0
28	674	1.0
28	675	1.0
28	676	1.0
28	677	1.0
28	678	1.0
28	679	1.0
28	680	1.0
28	681	1.0
28	682	1.0
28	683	1.0
28	684	1.0
28	685	1.0
28	686	1.0
28	687	1.0
28	688	1.0
28	689	1.0
28	690	1.0
28	691	1.0
28	692	1.0
28	693	1.0
28	694	1.0
28	695	1.0
28	696	1.0
28	697	1.0
28	698	1.0
28	699	1.0
28	700	1.0
28	701	1.0
28	702	1.0
28	703	1.0
28	704	1.0
28	705	1.0
28	706	1.0
28	707	1.0
28	708	1.0
28	709	1.0
28	710	1.0
28	711	1.0
28	712	1.0
28	713	1.0
28	714	1.0
28	715	1.0
28	716	1.0
28	717	1.0
28	718	1.0
28	719	1.0
28	720	1.0
28	721	1.0
28	722	1.0
722	723	1.0
722	724	1.0
722	725	1.0
722	726	1.0
28	727	1.0
28	728	1.0
28	729	1.0
28	730	1.0
28	731	1.0
28	732	1.0
28	733	1.0
28	734	1.0
28	735	1.0
28	736	1.0
28	737	1.0
28	738	1.0
28	739	1.0
28	740	1.0
28	741	1.0
28	742	1.0
28	743	1.0
28	744	1.0
28	745	1.0
28	746	1.0
28	747	1.0
28	748	1.0
28	749	1.0
28	750	1.0
28	751	1.0
28	752	1.0
28	753	1.0
28	754	1.0
28	755	1.0
28	756	1.0
28	757	1.0
28	758	1.0
28	759	1.0
28	760	1.0
28	761	1.0
28	762	1.0
28	763	1.0
763	764	1.0
763	765	1.0
763	766	1.0
763	767	1.0
28	768	1.0
28	769	1.0
28	770	1.0
28	771	1.0
28	772	1.0
28	773	1.0
28	774	1.0
28	775	1.0
28	776	1.0
28	777	1.0
28	778	1.0
28	779	1.0
28	780	1.0
28	781	1.0
28	782	1.0
28	783	1.0
28	784	1.0
28	785	1.0
28	786	1.0
28	787	1.0
28	788	1.0
28	789	1.0
28	790	1.0
28	791	1.0
28	792	1.0
28	793	1.0
28	794	1.0
28	795	1.0
28	796	1.0
28	797	1.0
28	798	1.0
28	799	1.0
28	800	1.0
28	801	1.0
28	802	1.0
28	803	1.0
28	804	1.0
28	805	1.0
28	806	1.0
28	807	1.0
28	808	1.0
28	809	1.0
28	810	1.0
28	811	1.0
28	812	1.0
812	813	1.0
812	814	1.0
812	815	1.0
812	816	1.0
812	817	1.0
812	818	1.0
812	819	1.0
812	820	1.0
812	821	1.0
812	822	1.0
812	823	1.0
812	824	1.0
812	825	1.0
812	826	1.0
812	827	1.0
812	828	1.0
812	829	1.0
812	830	1.0
812	831	1.0
812	832	1.0
812	833	1.0
812	834	1.0
812	835	1.0
812	836	1.0
812	837	1.0
812	838	1.0
812	839	1.0
812	840	1.0
812	841	1.0
812	842	1.0
812	843	1.0
812	844	1.0
812	845	1.0
812	846	1.0
812	847	1.0
812	848	1.0
812	849	1.0
812	850	1.0
812	851	1.0
812	852	1.0
812	853	1.0
812	854	1.0
812	855	1.0
28	856	1.0
28	857	1.0
28	858	1.0
28	859	1.0
28	860	1.0
28	861	1.0
28	862	1.0
28	863	1.0
28	864	1.0
28	865	1.0
28	866	1.0
28	867	1.0
28	868	1.0
28	869	1.0
28	870	1.0
28	871	1.0
28	872	1.0
28	873	1.0
28	874	1.0
28	875	1.0
28	876	1.0
28	877	1.0
28	878	1.0
28	879	1.0
28	880	1.0
28	881	1.0
28	882	1.0
28	883	1.0
28	884	1.0
28	885	1.0
28	886	1.0
28	887	1.0
28	888	1.0
28	889	1.0
28	890	1.0
28	891	1.0
28	892	1.0
28	893	1.0
28	894	1.0
28	895	1.0
28	896	1.0
28	897	1.0
28	898	1.0
28	899	1.0
28	900	1.0
28	901	1.0
28	902	1.0
28	903	1.0
28	904	1.0
28	905	1.0
28	906	1.0
28	907	1.0
28	908	1.0
28	909	1.0
28	910	1.0
28	911	1.0
28	912	1.0
28	913	1.0
28	914	1.0
28	915	1.0
28	916	1.0
28	917	1.0
28	918	1.0
28	919	1.0
28	920	1.0
28	921	1.0
28	922	1.0
28	923	1.0
28	924	1.0
28	925	1.0
28	926	1.0
28	927	1.0
28	928	1.0
28	929	1.0
28	930	1.0
28	931	1.0
28	932	1.0
28	933	1.0
28	934	1.0
28	935	1.0
28	936	1.0
28	937	1.0
28	938	1.0
28	939	1.0
28	940	1.0
28	941	1.0
28	942	1.0
28	943	1.0
28	944	1.0
28	945	1.0
28	946	1.0
28	947	1.0
28	948	1.0
28	949	1.0
28	950	1.0
950	951	1.0
950	952	1.0
950	953	1.0
950	954	1.0
28	955	1.0
28	956	1.0
28	957	1.0
28	958	1.0
28	959	1.0
28	960	1.0
28	961	1.0
28	962	1.0
28	963	1.0
28	964	1.0
28	965	1.0
28	966	1.0
28	967	1.0
28	968	1.0
28	969	1.0
28	970	1.0
28	971	1.0
28	972	1.0
28	973	1.0
28	974	1.0
28	975	1.0
28	976	1.0
28	977	1.0
28	978	1.0
28	979	1.0
979	980	1.0
979	981	1.0
979	982	1.0
979	983	1.0
979	984	1.0
979	985	1.0
979	986	1.0
979	987	1.0
979	988	1.0
979	989	1.0
979	990	1.0
979	991	1.0
28	992	1.0
28	993	1.0
28	994	1.0
28	995	1.0
28	996	1.0
28	997	1.0
28	998	1.0
28	999	1.0
28	1000	1.0
28	1001	1.0
28	1002	1.0
28	1003	1.0
28	1004	1.0
28	1005	1.0
28	1006	1.0
28	1007	1.0
28	1008	1.0
28	1009	1.0
28	1010	1.0
28	1011	1.0
28	1012	1.0
28	1013	1.0
28	1014	1.0
28	1015	1.0
28	1016	1.0
1016	1017	1.0
1016	1018	1.0
1016	1019	1.0
1016	1020	1.0
1016	1021	1.0
1016	1022	1.0
1016	1023	1.0
1016	1024	1.0
1016	1025	1.0
1016	1026	1.0
1016	1027	1.0
1016	1028	1.0
1016	1029	1.0
1016	1030	1.0
1016	1031	1.0
1016	1032	1.0
1016	1033	1.0
1016	1034	1.0
1016	1035	1.0
1016	1036	1.0
1016	1037	1.0
1016	1038	1.0
1016	1039	1.0
1016	1040	1.0
1016	1041	1.0
1016	1042	1.0
1016	1043	1.0
1016	1044	1.0
1016	1045	1.0
1016	1046	1.0
1016	1047	1.0
1016	1048	1.0
1016	1049	1.0
1016	1050	1.0
1016	1051	1.0
1016	1052	1.0
1016	1053	1.0
1016	1054	1.0
1016	1055	1.0
1016	1056	1.0
1016	1057	1.0
1016	1058	1.0
1016	1059	1.0
1016	1060	1.0
1016	1061	1.0
1016	1062	1.0
1016	1063	1.0
1016	1064	1.0
1016	1065	1.0
1016	1066	1.0
1016	1067	1.0
1016	1068	1.0
1016	1069	1.0
1016	1070	1.0
1016	1071	1.0
1016	1072	1.0
1016	1073	1.0
1016	1074	1.0
1016	1075	1.0
1016	1076	1.0
1016	1077	1.0
1016	1078	1.0
1016	1079	1.0
1016	1080	1.0
1016	1081	1.0
1016	1082	1.0
1016	1083	1.0
1016	1084	1.0
1016	1085	1.0
1016	1086	1.0
1016	1087	1.0
1016	1088	1.0
1016	1089	1.0
1016	1090	1.0
1016	1091	1.0
1016	1092	1.0
1016	1093	1.0
1016	1094	1.0
1016	1095	1.0
1016	1096	1.0
1016	1097	1.0
1016	1098	1.0
1016	1099	1.0
1016	1100	1.0
1016	1101	1.0
1016	1102	1.0
1016	1103	1.0
1016	1104	1.0
1016	1105	1.0
1016	1106	1.0
1016	1107	1.0
1016	1108	1.0
1016	1109	1.0
1016	1110	1.0
1016	1111	1.0
1016	1112	1.0
1016	1113	1.0
1016	1114	1.0
1016	1115	1.0
1016	1116	1.0
1016	1117	1.0
1016	1118	1.0
1016	1119	1.0
1016	1120	1.0
1016	1121	1.0
1016	1122	1.0
1016	1123	1.0
1016	1124	1.0
1016	1125	1.0
1016	1126	1.0
1016	1127	1.0
1016	1128	1.0
1016	1129	1.0
1016	1130	1.0
1016	1131	1.0
1016	1132	1.0
1016	1133	1.0
1016	1134	1.0
1016	1135	1.0
1016	1136	1.0
1016	1137	1.0
1016	1138	1.0
1016	1139	1.0
1016	1140	1.0
1016	1141	1.0
1016	1142	1.0
1016	1143	1.0
1016	1144	1.0
1016	1145	1.0
1016	1146	1.0
1016	1147	1.0
1016	1148	1.0
1016	1149	1.0
1016	1150	1.0
1016	1151	1.0
1016	1152	1.0
1016	1153	1.0
1016	1154	1.0
1016	1155	1.0
1016	1156	1.0
1016	1157	1.0
1016	1158	1.0
1016	1159	1.0
1016	1160	1.0
1016	1161	1.0
1016	1162	1.0
1016	1163	1.0
1016	1164	1.0
1016	1165	1.0
1016	1166	1.0
1016	1167	1.0
1016	1168	1.0
1016	1169	1.0
1016	1170	1.0
1016	1171	1.0
1016	1172	1.0
1016	1173	1.0
1016	1174	1.0
1016	1175	1.0
1016	1176	1.0
1016	1177	1.0
1016	1178	1.0
1016	1179	1.0
1016	1180	1.0
1016	1181	1.0
1016	1182	1.0
1016	1183	1.0
1016	1184	1.0
1016	1185	1.0
1016	1186	1.0
28	1187	1.0
28	1188	1.0
28	1189	1.0
28	1190	1.0
28	1191	1.0
28	1192	1.0
28	1193	1.0
28	1194	1.0
28	1195	1.0
28	1196	1.0
28	1197	1.0
28	1198	1.0
28	1199	1.0
28	1200	1.0
28	1201	1.0
28	1202	1.0
28	1203	1.0
28	1204	1.0
28	1205	1.0
28	1206	1.0
28	1207	1.0
28	1208	1.0
28	1209	1.0
28	1210	1.0
28	1211	1.0
28	1212	1.0
28	1213	1.0
28	1214	1.0
28	1215	1.0
28	1216	1.0
28	1217	1.0
28	1218	1.0
28	1219	1.0
28	1220	1.0
28	1221	1.0
28	1222	1.0
28	1223	1.0
28	1224	1.0
28	1225	1.0
28	1226	1.0
28	1227	1.0
28	1228	1.0
28	1229	1.0
28	1230	1.0
28	1231	1.0
28	1232	1.0
28	1233	1.0
28	1234	1.0
28	1235	1.0
28	1236	1.0
28	1237	1.0
28	1238	1.0
28	1239	1.0
28	1240	1.0
28	1241	1.0
28	1242	1.0
28	1243	1.0
28	1244	1.0
28	1245	1.0
28	1246	1.0
28	1247	1.0
28	1248	1.0
28	1249	1.0
28	1250	1.0
28	1251	1.0
28	1252	1.0
28	1253	1.0
28	1254	1.0
28	1255	1.0
28	1256	1.0
28	1257	1.0
28	1258	1.0
28	1259	1.0
28	1260	1.0
28	1261	1.0
28	1262	1.0
28	1263	1.0
28	1264	1.0
28	1265	1.0
28	1266	1.0
28	1267	1.0
28	1268	1.0
28	1269	1.0
28	1270	1.0
28	1271	1.0
28	1272	1.0
28	1273	1.0
28	1274	1.0
28	1275	1.0
28	1276	1.0
28	1277	1.0
28	1278	1.0
28	1279	1.0
28	1280	1.0
28	1281	1.0
28	1282	1.0
28	1283	1.0
28	1284	1.0
28	1285	1.0
28	1286	1.0
28	1287	1.0
28	1288	1.0
28	1289	1.0
28	1290	1.0
28	1291	1.0
28	1292	1.0
28	1293	1.0
28	1294	1.0
28	1295	1.0
28	1296	1.0
28	1297	1.0
28	1298	1.0
28	1299	1.0
28	1300	1.0
28	1301	1.0
28	1302	1.0
28	1303	1.0
28	1304	1.0
28	1305	1.0
28	1306	1.0
28	1307	1.0
28	1308	1.0
28	1309	1.0
28	1310	1.0
28	1311	1.0
28	1312	1.0
28	1313	1.0
28	1314	1.0
28	1315	1.0
28	1316	1.0
28	1317	1.0
28	1318	1.0
28	1319	1.0
28	1320	1.0
28	1321	1.0
28	1322	1.0
28	1323	1.0
28	1324	1.0
28	1325	1.0
28	1326	1.0
28	1327	1.0
28	1328	1.0
28	1329	1.0
28	1330	1.0
28	1331	1.0
28	1332	1.0
28	1333	1.0
28	1334	1.0
28	1335	1.0
28	1336	1.0
28	1337	1.0
28	1338	1.0
28	1339	1.0
28	1340	1.0
28	1341	1.0
28	1342	1.0
28	1343	1.0
28	1344	1.0
28	1345	1.0
28	1346	1.0
1346	1347	1.0
1346	1348	1.0
1346	1349	1.0
1346	1350	1.0
28	1351	1.0
28	1352	1.0
28	1353	1.0
28	1354	1.0
28	1355	1.0
28	1356	1.0
28	1357	1.0
28	1358	1.0
28	1359	1.0
28	1360	1.0
28	1361	1.0
28	1362	1.0
28	1363	1.0
28	1364	1.0
28	1365	1.0
28	1366	1.0
28	1367	1.0
28	1368	1.0
28	1369	1.0
28	1370	1.0
28	1371	1.0
28	1372	1.0
28	1373	1.0
28	1374	1.0
28	1375	1.0
28	1376	1.0
28	1377	1.0
28	1378	1.0
28	1379	1.0
28	1380	1.0
28	1381	1.0
28	1382	1.0
28	1383	1.0
28	1384	1.0
28	1385	1.0
28	1386	1.0
28	1387	1.0
28	1388	1.0
28	1389	1.0
28	1390	1.0
28	1391	1.0
28	1392	1.0
28	1393	1.0
28	1394	1.0
28	1395	1.0
28	1396	1.0
28	1397	1.0
28	1398	1.0
28	1399	1.0
28	1400	1.0
28	1401	1.0
28	1402	1.0
28	1403	1.0
28	1404	1.0
28	1405	1.0
28	1406	1.0
28	1407	1.0
28	1408	1.0
28	1409	1.0
28	1410	1.0
28	1411	1.0
28	1412	1.0
28	1413	1.0
28	1414	1.0
28	1415	1.0
28	1416	1.0
28	1417	1.0
28	1418	1.0
28	1419	1.0
28	1420	1.0
28	1421	1.0
28	1422	1.0
28	1423	1.0
28	1424	1.0
28	1425	1.0
28	1426	1.0
28	1427	1.0
28	1428	1.0
28	1429	1.0
28	1430	1.0
28	1431	1.0
28	1432	1.0
28	1433	1.0
28	1434	1.0
28	1435	1.0
28	1436	1.0
28	1437	1.0
28	1438	1.0
28	1439	1.0
28	1440	1.0
28	1441	1.0
28	1442	1.0
28	1443	1.0
28	1444	1.0
28	1445	1.0
28	1446	1.0
28	1447	1.0
28	1448	1.0
28	1449	1.0
28	1450	1.0
28	1451	1.0
28	1452	1.0
28	1453	1.0
28	1454	1.0
28	1455	1.0
28	1456	1.0
1456	1457	1.0
1456	1458	1.0
1456	1459	1.0
1456	1460	1.0
1456	1461	1.0
1456	1462	1.0
1456	1463	1.0
1456	1464	1.0
28	1465	1.0
28	1466	1.0
28	1467	1.0
28	1468	1.0
28	1469	1.0
28	1470	1.0
28	1471	1.0
28	1472	1.0
28	1473	1.0
28	1474	1.0
28	1475	1.0
28	1476	1.0
28	1477	1.0
28	1478	1.0
1478	1479	1.0
1478	1480	1.0
1478	1481	1.0
1478	1482	1.0
1478	1483	1.0
28	1484	1.0
28	1485	1.0
28	1486	1.0
28	1487	1.0
28	1488	1.0
28	1489	1.0
28	1490	1.0
28	1491	1.0
28	1492	1.0
28	1493	1.0
28	1494	1.0
28	1495	1.0
28	1496	1.0
28	1497	1.0
28	1498	1.0
28	1499	1.0
28	1500	1.0
28	1501	1.0
28	1502	1.0
28	1503	1.0
28	1504	1.0
28	1505	1.0
28	1506	1.0
28	1507	1.0
28	1508	1.0
28	1509	1.0
28	1510	1.0
28	1511	1.0
28	1512	1.0
28	1513	1.0
28	1514	1.0
28	1515	1.0
28	1516	1.0
28	1517	1.0
28	1518	1.0
28	1519	1.0
1519	1520	1.0
1519	1521	1.0
1519	1522	1.0
1519	1523	1.0
1519	1524	1.0
1519	1525	1.0
1519	1526	1.0
1519	1527	1.0
1519	1528	1.0
1519	1529	1.0
1519	1530	1.0
1519	1531	1.0
1519	1532	1.0
1519	1533	1.0
1519	1534	1.0
1519	1535	1.0
1519	1536	1.0
1519	1537	1.0
1519	1538	1.0
1519	1539	1.0
1519	1540	1.0
1519	1541	1.0
1519	1542	1.0
1519	1543	1.0
1519	1544	1.0
1519	1545	1.0
1519	1546	1.0
1519	1547	1.0
1519	1548	1.0
1519	1549	1.0
1519	1550	1.0
1519	1551	1.0
1519	1552	1.0
1519	1553	1.0
1519	1554	1.0
1519	1555	1.0
1519	1556	1.0
1519	1557	1.0
1519	1558	1.0
1519	1559	1.0
28	1560	1.0
28	1561	1.0
28	1562	1.0
28	1563	1.0
28	1564	1.0
28	1565	1.0
28	1566	1.0
28	1567	1.0
28	1568	1.0
28	1569	1.0
28	1570	1.0
28	1571	1.0
28	1572	1.0
28	1573	1.0
28	1574	1.0
28	1575	1.0
28	1576	1.0
28	1577	1.0
28	1578	1.0
28	1579	1.0
28	1580	1.0
28	1581	1.0
1581	1582	1.0
1581	1583	1.0
1581	1584	1.0
1581	1585	1.0
28	1586	1.0
28	1587	1.0
28	1588	1.0
28	1589	1.0
28	1590	1.0
28	1591	1.0
28	1592	1.0
28	1593	1.0
28	1594	1.0
28	1595	1.0
28	1596	1.0
28	1597	1.0
28	1598	1.0
28	1599	1.0
28	1600	1.0
28	1601	1.0
28	1602	1.0
1602	1603	1.0
1602	1604	1.0
1602	1605	1.0
1602	1606	1.0
1602	1607	1.0
1602	1608	1.0
1602	1609	1.0
1602	1610	1.0
1602	1611	1.0
1602	1612	1.0
1602	1613	1.0
1602	1614	1.0
1602	1615	1.0
1602	1616	1.0
1602	1617	1.0
1602	1618	1.0
1602	1619	1.0
1602	1620	1.0
1602	1621	1.0
1602	1622	1.0
1602	1623	1.0
1602	1624	1.0
1602	1625	1.0
1602	1626	1.0
1602	1627	1.0
1602	1628	1.0
1602	1629	1.0
1602	1630	1.0
1602	1631	1.0
1602	1632	1.0
1602	1633	1.0
1602	1634	1.0
1602	1635	1.0
1602	1636	1.0
1602	1637	1.0
1602	1638	1.0
1602	1639	1.0
1602	1640	1.0
1602	1641	1.0
1602	1642	1.0
1602	1643	1.0
1602	1644	1.0
1602	1645	1.0
1602	1646	1.0
1602	1647	1.0
1602	1648	1.0
1602	1649	1.0
1602	1650	1.0
1602	1651	1.0
1602	1652	1.0
1602	1653	1.0
1602	1654	1.0
1602	1655	1.0
1602	1656	1.0
1602	1657	1.0
1602	1658	1.0
1602	1659	1.0
1602	1660	1.0
1602	1661	1.0
1602	1662	1.0
1602	1663	1.0
1602	1664	1.0
1602	1665	1.0
1602	1666	1.0
1602	1667	1.0
1602	1668	1.0
1602	1669	1.0
1602	1670	1.0
1602	1671	1.0
1602	1672	1.0
1602	1673	1.0
1602	1674	1.0
1602	1675	1.0
1602	1676	1.0
1602	1677	1.0
1677	1678	1.0
1677	1679	1.0
1677	1680	1.0
1677	1681	1.0
1677	1682	1.0
1602	1683	1.0
1602	1684	1.0
1602	1685	1.0
1602	1686	1.0
1602	1687	1.0
1602	1688	1.0
1602	1689	1.0
1602	1690	1.0
1602	1691	1.0
1602	1692	1.0
1602	1693	1.0
1602	1694	1.0
1602	1695	1.0
1602	1696	1.0
1696	1697	1.0
1696	1698	1.0
1696	1699	1.0
1696	1700	1.0
1602	1701	1.0
1602	1702	1.0
1602	1703	1.0
1602	1704	1.0
1602	1705	1.0
1602	1706	1.0
1602	1707	1.0
1602	1708	1.0
1602	1709	1.0
1602	1710	1.0
1602	1711	1.0
1602	1712	1.0
1602	1713	1.0
1602	1714	1.0
1714	1715	1.0
1714	1716	1.0
1714	1717	1.0
1714	1718	1.0
1714	1719	1.0
1714	1720	1.0
1714	1721	1.0
1714	1722	1.0
1602	1723	1.0
1602	1724	1.0
1602	1725	1.0
1602	1726	1.0
1602	1727	1.0
1602	1728	1.0
1602	1729	1.0
1602	1730	1.0
1602	1731	1.0
1602	1732	1.0
1602	1733	1.0
1602	1734	1.0
1602	1735	1.0
1602	1736	1.0
1602	1737	1.0
1602	1738	1.0
1602	1739	1.0
1602	1740	1.0
1602	1741	1.0
1602	1742	1.0
1602	1743	1.0
1602	1744	1.0
1602	1745	1.0
1602	1746	1.0
1602	1747	1.0
1602	1748	1.0
1602	1749	1.0
1602	1750	1.0
1602	1751	1.0
1602	1752	1.0
1602	1753	1.0
1602	1754	1.0
28	1755	1.0
28	1756	1.0
28	1757	1.0
28	1758	1.0
28	1759	1.0
28	1760	1.0
28	1761	1.0
28	1762	1.0
28	1763	1.0
28	1764	1.0
28	1765	1.0
28	1766	1.0
28	1767	1.0
28	1768	1.0
28	1769	1.0
28	1770	1.0
28	1771	1.0
28	1772	1.0
28	1773	1.0
28	1774	1.0
28	1775	1.0
28	1776	1.0
28	1777	1.0
28	1778	1.0
28	1779	1.0
28	1780	1.0
28	1781	1.0
1781	1782	1.0
1781	1783	1.0
1781	1784	1.0
1781	1785	1.0
1781	1786	1.0
28	1787	1.0
28	1788	1.0
28	1789	1.0
28	1790	1.0
28	1791	1.0
28	1792	1.0
28	1793	1.0
28	1794	1.0
28	1795	1.0
28	1796	1.0
28	1797	1.0
28	1798	1.0
28	1799	1.0
28	1800	1.0
28	1801	1.0
28	1802	1.0
28	1803	1.0
28	1804	1.0
28	1805	1.0
28	1806	1.0
28	1807	1.0
28	1808	1.0
28	1809	1.0
28	1810	1.0
28	1811	1.0
28	1812	1.0
28	1813	1.0
28	1814	1.0
28	1815	1.0
28	1816	1.0
28	1817	1.0
28	1818	1.0
28	1819	1.0
28	1820	1.0
1820	1821	1.0
1820	1822	1.0
1820	1823	1.0
1820	1824	1.0
1820	1825	1.0
1820	1826	1.0
1820	1827	1.0
28	1828	1.0
28	1829	1.0
28	1830	1.0
28	1831	1.0
28	1832	1.0
28	1833	1.0
28	1834	1.0
28	1835	1.0
28	1836	1.0
28	1837	1.0
28	1838	1.0
28	1839	1.0
28	1840	1.0
28	1841	1.0
28	1842	1.0
28	1843	1.0
28	1844	1.0
28	1845	1.0
28	1846	1.0
28	1847	1.0
28	1848	1.0
28	1849	1.0
28	1850	1.0
28	1851	1.0
28	1852	1.0
28	1853	1.0
28	1854	1.0
28	1855	1.0
28	1856	1.0
28	1857	1.0
28	1858	1.0
28	1859	1.0
28	1860	1.0
28	1861	1.0
28	1862	1.0
28	1863	1.0
28	1864	1.0
28	1865	1.0
28	1866	1.0
28	1867	1.0
28	1868	1.0
28	1869	1.0
28	1870	1.0
28	1871	1.0
28	1872	1.0
28	1873	1.0
28	1874	1.0
28	1875	1.0
28	1876	1.0
28	1877	1.0
28	1878	1.0
28	1879	1.0
28	1880	1.0
28	1881	1.0
28	1882	1.0
28	1883	1.0
28	1884	1.0
28	1885	1.0
28	1886	1.0
28	1887	1.0
28	1888	1.0
28	1889	1.0
28	1890	1.0
28	1891	1.0
28	1892	1.0
28	1893	1.0
28	1894	1.0
28	1895	1.0
28	1896	1.0
28	1897	1.0
28	1898	1.0
28	1899	1.0
28	1900	1.0
28	1901	1.0
28	1902	1.0
28	1903	1.0
28	1904	1.0
28	1905	1.0
28	1906	1.0
28	1907	1.0
28	1908	1.0
28	1909	1.0
28	1910	1.0
28	1911	1.0
28	1912	1.0
28	1913	1.0
28	1914	1.0
28	1915	1.0
28	1916	1.0
28	1917	1.0
28	1918	1.0
28	1919	1.0
1919	1920	1.0
1919	1921	1.0
1919	1922	1.0
1919	1923	1.0
28	1924	1.0
28	1925	1.0
28	1926	1.0
28	1927	1.0
28	1928	1.0
28	1929	1.0
28	1930	1.0
28	1931	1.0
28	1932	1.0
28	1933	1.0
28	1934	1.0
28	1935	1.0
28	1936	1.0
28	1937	1.0
28	1938	1.0
28	1939	1.0
28	1940	1.0
28	1941	1.0
28	1942	1.0
28	1943	1.0
28	1944	1.0
28	1945	1.0
28	1946	1.0
28	1947	1.0
28	1948	1.0
28	1949	1.0
28	1950	1.0
28	1951	1.0
28	1952	1.0
28	1953	1.0
28	1954	1.0
28	1955	1.0
28	1956	1.0
28	1957	1.0
28	1958	1.0
28	1959	1.0
28	1960	1.0
28	1961	1.0
28	1962	1.0
28	1963	1.0
28	1964	1.0
28	1965	1.0
28	1966	1.0
28	1967	1.0
28	1968	1.0
28	1969	1.0
28	1970	1.0
28	1971	1.0
1971	1972	1.0
1971	1973	1.0
1971	1974	1.0
1971	1975	1.0
28	1976	1.0
28	1977	1.0
28	1978	1.0
28	1979	1.0
28	1980	1.0
28	1981	1.0
28	1982	1.0
28	1983	1.0
28	1984	1.0
28	1985	1.0
28	1986	1.0
28	1987	1.0
28	1988	1.0
28	1989	1.0
28	1990	1.0
28	1991	1.0
28	1992	1.0
28	1993	1.0
28	1994	1.0
28	1995	1.0
28	1996	1.0
28	1997	1.0
28	1998	1.0
28	1999	1.0
28	2000	1.0
28	2001	1.0
28	2002	1.0
28	2003	1.0
28	2004	1.0
2004	2005	1.0
2004	2006	1.0
2004	2007	1.0
2004	2008	1.0
2004	2009	1.0
6	2010	1.0
6	2011	1.0
6	2012	1.0
6	2013	1.0
6	2014	1.0
6	2015	1.0
6	2016	1.0
6	2017	1.0
6	2018	1.0
6	2019	1.0
6	2020	1.0
5	2021	1.0
5	2022	1.0
5	2023	1.0
5	2024	1.0
5	2025	1.0
5	2026	1.0
5	2027	1.0
5	2028	1.0
5	2029	1.0
