0	1	1.0
1	2	1.0
1	3	1.0
3	4	1.0
3	5	1.0
5	6	1.0
5	7	1.0
7	8	1.0
7	9	1.0
7	10	1.0
7	11	1.0
7	12	1.0
7	13	1.0
7	14	1.0
7	15	1.0
7	16	1.0
7	17	1.0
7	18	1.0
7	19	1.0
7	20	1.0
7	21	1.0
7	22	1.0
7	23	1.0
7	24	1.0
7	25	1.0
7	26	1.0
7	27	1.0
7	28	1.0
7	29	1.0
7	30	1.0
7	31	1.0
7	32	1.0
7	33	1.0
7	34	1.0
7	35	1.0
7	36	1.0
7	37	1.0
7	38	1.0
7	39	1.0
7	40	1.0
7	41	1.0
7	42	1.0
7	43	1.0
7	44	1.0
7	45	1.0
7	46	1.0
7	47	1.0
7	48	1.0
7	49	1.0
7	50	1.0
7	51	1.0
7	52	1.0
7	53	1.0
7	54	1.0
7	55	1.0
7	56	1.0
56	57	1.0
56	58	1.0
56	59	1.0
56	60	1.0
60	61	1.0
60	62	1.0
60	63	1.0
60	64	1.0
7	65	1.0
7	66	1.0
7	67	1.0
7	68	1.0
7	69	1.0
7	70	1.0
7	71	1.0
7	72	1.0
7	73	1.0
7	74	1.0
7	75	1.0
7	76	1.0
7	77	1.0
7	78	1.0
7	79	1.0
7	80	1.0
7	81	1.0
7	82	1.0
7	83	1.0
7	84	1.0
7	85	1.0
7	86	1.0
7	87	1.0
7	88	1.0
7	89	1.0
7	90	1.0
7	91	1.0
7	92	1.0
7	93	1.0
7	94	1.0
7	95	1.0
7	96	1.0
7	97	1.0
7	98	1.0
7	99	1.0
7	100	1.0
7	101	1.0
7	102	1.0
7	103	1.0
7	104	1.0
7	105	1.0
7	106	1.0
7	107	1.0
7	108	1.0
7	109	1.0
7	110	1.0
7	111	1.0
7	112	1.0
7	113	1.0
7	114	1.0
7	115	1.0
7	116	1.0
7	117	1.0
7	118	1.0
7	119	1.0
7	120	1.0
7	121	1.0
7	122	1.0
7	123	1.0
7	124	1.0
7	125	1.0
7	126	1.0
7	127	1.0
7	128	1.0
7	129	1.0
7	130	1.0
7	131	1.0
7	132	1.0
7	133	1.0
7	134	1.0
7	135	1.0
7	136	1.0
7	137	1.0
7	138	1.0
7	139	1.0
7	140	1.0
7	141	1.0
7	142	1.0
7	143	1.0
143	144	1.0
143	145	1.0
143	146	1.0
143	147	1.0
7	148	1.0
7	149	1.0
7	150	1.0
7	151	1.0
7	152	1.0
7	153	1.0
7	154	1.0
7	155	1.0
7	156	1.0
7	157	1.0
7	158	1.0
7	159	1.0
7	160	1.0
7	161	1.0
7	162	1.0
7	163	1.0
7	164	1.0
7	165	1.0
7	166	1.0
7	167	1.0
7	168	1.0
7	169	1.0
7	170	1.0
7	171	1.0
7	172	1.0
7	173	1.0
7	174	1.0
7	175	1.0
7	176	1.0
7	177	1.0
7	178	1.0
7	179	1.0
7	180	1.0
7	181	1.0
7	182	1.0
7	183	1.0
7	184	1.0
184	185	1.0
185	186	1.0
185	187	1.0
187	188	1.0
187	189	1.0
187	190	1.0
187	191	1.0
187	192	1.0
187	193	1.0
187	194	1.0
194	195	1.0
194	196	1.0
194	197	1.0
194	198	1.0
194	199	1.0
194	200	1.0
200	201	1.0
200	202	1.0
200	203	1.0
200	204	1.0
200	205	1.0
200	206	1.0
200	207	1.0
200	208	1.0
200	209	1.0
200	210	1.0
200	211	1.0
200	212	1.0
200	213	1.0
200	214	1.0
200	215	1.0
200	216	1.0
200	217	1.0
200	218	1.0
200	219	1.0
200	220	1.0
200	221	1.0
200	222	1.0
200	223	1.0
200	224	1.0
200	225	1.0
200	226	1.0
200	227	1.0
200	228	1.0
200	229	1.0
200	230	1.0
200	231	1.0
200	232	1.0
200	233	1.0
200	234	1.0
200	235	1.0
200	236	1.0
200	237	1.0
200	238	1.0
200	239	1.0
200	240	1.0
200	241	1.0
200	242	1.0
200	243	1.0
200	244	1.0
200	245	1.0
200	246	1.0
200	247	1.0
200	248	1.0
200	249	1.0
200	250	1.0
200	251	1.0
200	252	1.0
200	253	1.0
200	254	1.0
200	255	1.0
200	256	1.0
200	257	1.0
200	258	1.0
200	259	1.0
200	260	1.0
200	261	1.0
200	262	1.0
200	263	1.0
200	264	1.0
200	265	1.0
200	266	1.0
200	267	1.0
200	268	1.0
200	269	1.0
200	270	1.0
200	271	1.0
200	272	1.0
200	273	1.0
200	274	1.0
200	275	1.0
200	276	1.0
200	277	1.0
200	278	1.0
200	279	1.0
279	280	1.0
279	281	1.0
279	282	1.0
279	283	1.0
279	284	1.0
279	285	1.0
279	286	1.0
279	287	1.0
279	288	1.0
279	289	1.0
279	290	1.0
279	291	1.0
279	292	1.0
279	293	1.0
279	294	1.0
279	295	1.0
279	296	1.0
296	297	1.0
296	298	1.0
296	299	1.0
296	300	1.0
296	301	1.0
279	302	1.0
279	303	1.0
279	304	1.0
279	305	1.0
279	306	1.0
279	307	1.0
279	308	1.0
279	309	1.0
279	310	1.0
279	311	1.0
279	312	1.0
279	313	1.0
279	314	1.0
279	315	1.0
279	316	1.0
279	317	1.0
279	318	1.0
279	319	1.0
319	320	1.0
319	321	1.0
319	322	1.0
319	323	1.0
319	324	1.0
319	325	1.0
279	326	1.0
279	327	1.0
279	328	1.0
279	329	1.0
279	330	1.0
279	331	1.0
279	332	1.0
279	333	1.0
279	334	1.0
279	335	1.0
279	336	1.0
279	337	1.0
279	338	1.0
279	339	1.0
279	340	1.0
279	341	1.0
279	342	1.0
279	343	1.0
279	344	1.0
279	345	1.0
279	346	1.0
279	347	1.0
279	348	1.0
279	349	1.0
279	350	1.0
279	351	1.0
279	352	1.0
279	353	1.0
279	354	1.0
279	355	1.0
279	356	1.0
279	357	1.0
279	358	1.0
279	359	1.0
279	360	1.0
279	361	1.0
279	362	1.0
279	363	1.0
279	364	1.0
279	365	1.0
279	366	1.0
279	367	1.0
279	368	1.0
279	369	1.0
279	370	1.0
279	371	1.0
279	372	1.0
279	373	1.0
279	374	1.0
279	375	1.0
279	376	1.0
279	377	1.0
279	378	1.0
279	379	1.0
279	380	1.0
279	381	1.0
279	382	1.0
279	383	1.0
279	384	1.0
279	385	1.0
279	386	1.0
279	387	1.0
279	388	1.0
279	389	1.0
279	390	1.0
279	391	1.0
279	392	1.0
279	393	1.0
279	394	1.0
279	395	1.0
279	396	1.0
279	397	1.0
279	398	1.0
279	399	1.0
279	400	1.0
279	401	1.0
279	402	1.0
279	403	1.0
279	404	1.0
279	405	1.0
279	406	1.0
279	407	1.0
279	408	1.0
279	409	1.0
279	410	1.0
279	411	1.0
279	412	1.0
279	413	1.0
279	414	1.0
279	415	1.0
279	416	1.0
279	417	1.0
279	418	1.0
279	419	1.0
279	420	1.0
279	421	1.0
279	422	1.0
279	423	1.0
279	424	1.0
279	425	1.0
279	426	1.0
279	427	1.0
279	428	1.0
279	429	1.0
279	430	1.0
279	431	1.0
279	432	1.0
279	433	1.0
279	434	1.0
279	435	1.0
279	436	1.0
279	437	1.0
279	438	1.0
279	439	1.0
279	440	1.0
279	441	1.0
279	442	1.0
279	443	1.0
279	444	1.0
279	445	1.0
279	446	1.0
279	447	1.0
279	448	1.0
279	449	1.0
279	450	1.0
279	451	1.0
279	452	1.0
279	453	1.0
279	454	1.0
279	455	1.0
279	456	1.0
279	457	1.0
279	458	1.0
279	459	1.0
279	460	1.0
279	461	1.0
279	462	1.0
279	463	1.0
279	464	1.0
279	465	1.0
279	466	1.0
279	467	1.0
279	468	1.0
279	469	1.0
279	470	1.0
279	471	1.0
279	472	1.0
279	473	1.0
279	474	1.0
279	475	1.0
279	476	1.0
279	477	1.0
279	478	1.0
279	479	1.0
279	480	1.0
279	481	1.0
279	482	1.0
279	483	1.0
279	484	1.0
279	485	1.0
485	486	1.0
485	487	1.0
485	488	1.0
485	489	1.0
485	490	1.0
485	491	1.0
491	492	1.0
491	493	1.0
491	494	1.0
491	495	1.0
485	496	1.0
485	497	1.0
485	498	1.0
485	499	1.0
279	500	1.0
279	501	1.0
279	502	1.0
279	503	1.0
279	504	1.0
279	505	1.0
279	506	1.0
279	507	1.0
279	508	1.0
279	509	1.0
279	510	1.0
279	511	1.0
279	512	1.0
279	513	1.0
279	514	1.0
279	515	1.0
279	516	1.0
279	517	1.0
279	518	1.0
279	519	1.0
279	520	1.0
279	521	1.0
279	522	1.0
279	523	1.0
279	524	1.0
279	525	1.0
279	526	1.0
279	527	1.0
279	528	1.0
279	529	1.0
279	530	1.0
279	531	1.0
279	532	1.0
279	533	1.0
279	534	1.0
279	535	1.0
279	536	1.0
279	537	1.0
279	538	1.0
279	539	1.0
279	540	1.0
279	541	1.0
279	542	1.0
279	543	1.0
279	544	1.0
279	545	1.0
279	546	1.0
279	547	1.0
279	548	1.0
279	549	1.0
279	550	1.0
279	551	1.0
279	552	1.0
279	553	1.0
279	554	1.0
279	555	1.0
279	556	1.0
279	557	1.0
279	558	1.0
279	559	1.0
279	560	1.0
279	561	1.0
279	562	1.0
279	563	1.0
279	564	1.0
279	565	1.0
279	566	1.0
279	567	1.0
279	568	1.0
279	569	1.0
279	570	1.0
279	571	1.0
279	572	1.0
279	573	1.0
279	574	1.0
279	575	1.0
279	576	1.0
279	577	1.0
279	578	1.0
279	579	1.0
279	580	1.0
279	581	1.0
279	582	1.0
279	583	1.0
279	584	1.0
279	585	1.0
279	586	1.0
279	587	1.0
279	588	1.0
279	589	1.0
279	590	1.0
279	591	1.0
279	592	1.0
279	593	1.0
279	594	1.0
279	595	1.0
279	596	1.0
279	597	1.0
279	598	1.0
279	599	1.0
279	600	1.0
279	601	1.0
279	602	1.0
279	603	1.0
279	604	1.0
279	605	1.0
279	606	1.0
279	607	1.0
279	608	1.0
279	609	1.0
279	610	1.0
279	611	1.0
279	612	1.0
279	613	1.0
279	614	1.0
279	615	1.0
279	616	1.0
279	617	1.0
279	618	1.0
279	619	1.0
279	620	1.0
279	621	1.0
279	622	1.0
279	623	1.0
279	624	1.0
279	625	1.0
279	626	1.0
279	627	1.0
279	628	1.0
279	629	1.0
279	630	1.0
279	631	1.0
279	632	1.0
279	633	1.0
279	634	1.0
279	635	1.0
279	636	1.0
279	637	1.0
279	638	1.0
279	639	1.0
279	640	1.0
279	641	1.0
279	642	1.0
279	643	1.0
279	644	1.0
279	645	1.0
279	646	1.0
279	647	1.0
279	648	1.0
279	649	1.0
279	650	1.0
279	651	1.0
279	652	1.0
279	653	1.0
653	654	1.0
653	655	1.0
653	656	1.0
653	657	1.0
653	658	1.0
279	659	1.0
279	660	1.0
279	661	1.0
279	662	1.0
279	663	1.0
279	664	1.0
279	665	1.0
200	666	1.0
200	667	1.0
200	668	1.0
200	669	1.0
200	670	1.0
200	671	1.0
200	672	1.0
200	673	1.0
200	674	1.0
200	675	1.0
200	676	1.0
200	677	1.0
200	678	1.0
200	679	1.0
194	680	1.0
194	681	1.0
194	682	1.0
194	683	1.0
194	684	1.0
194	685	1.0
194	686	1.0
194	687	1.0
194	688	1.0
194	689	1.0
194	690	1.0
194	691	1.0
194	692	1.0
194	693	1.0
194	694	1.0
194	695	1.0
194	696	1.0
194	697	1.0
194	698	1.0
194	699	1.0
194	700	1.0
194	701	1.0
194	702	1.0
194	703	1.0
194	704	1.0
194	705	1.0
194	706	1.0
194	707	1.0
194	708	1.0
194	709	1.0
194	710	1.0
194	711	1.0
194	712	1.0
194	713	1.0
194	714	1.0
187	715	1.0
187	716	1.0
187	717	1.0
187	718	1.0
187	719	1.0
187	720	1.0
187	721	1.0
187	722	1.0
187	723	1.0
187	724	1.0
187	725	1.0
187	726	1.0
187	727	1.0
187	728	1.0
187	729	1.0
187	730	1.0
187	731	1.0
187	732	1.0
187	733	1.0
187	734	1.0
187	735	1.0
187	736	1.0
187	737	1.0
187	738	1.0
187	739	1.0
187	740	1.0
187	741	1.0
187	742	1.0
187	743	1.0
187	744	1.0
187	745	1.0
187	746	1.0
187	747	1.0
187	748	1.0
187	749	1.0
187	750	1.0
187	751	1.0
751	752	1.0
751	753	1.0
751	754	1.0
751	755	1.0
187	756	1.0
187	757	1.0
187	758	1.0
187	759	1.0
187	760	1.0
187	761	1.0
187	762	1.0
187	763	1.0
187	764	1.0
187	765	1.0
187	766	1.0
187	767	1.0
187	768	1.0
187	769	1.0
187	770	1.0
187	771	1.0
187	772	1.0
187	773	1.0
187	774	1.0
187	775	1.0
187	776	1.0
187	777	1.0
187	778	1.0
187	779	1.0
187	780	1.0
187	781	1.0
187	782	1.0
187	783	1.0
187	784	1.0
187	785	1.0
187	786	1.0
187	787	1.0
187	788	1.0
187	789	1.0
187	790	1.0
187	791	1.0
187	792	1.0
187	793	1.0
187	794	1.0
187	795	1.0
187	796	1.0
187	797	1.0
187	798	1.0
187	799	1.0
187	800	1.0
187	801	1.0
187	802	1.0
187	803	1.0
187	804	1.0
187	805	1.0
187	806	1.0
187	807	1.0
187	808	1.0
187	809	1.0
187	810	1.0
187	811	1.0
187	812	1.0
187	813	1.0
187	814	1.0
187	815	1.0
187	816	1.0
187	817	1.0
187	818	1.0
187	819	1.0
187	820	1.0
187	821	1.0
187	822	1.0
187	823	1.0
187	824	1.0
187	825	1.0
187	826	1.0
187	827	1.0
187	828	1.0
187	829	1.0
187	830	1.0
187	831	1.0
187	832	1.0
187	833	1.0
187	834	1.0
187	835	1.0
187	836	1.0
187	837	1.0
187	838	1.0
187	839	1.0
187	840	1.0
187	841	1.0
187	842	1.0
187	843	1.0
187	844	1.0
187	845	1.0
187	846	1.0
187	847	1.0
187	848	1.0
187	849	1.0
185	850	1.0
185	851	1.0
185	852	1.0
185	853	1.0
185	854	1.0
185	855	1.0
185	856	1.0
185	857	1.0
185	858	1.0
185	859	1.0
185	860	1.0
185	861	1.0
185	862	1.0
185	863	1.0
185	864	1.0
185	865	1.0
185	866	1.0
185	867	1.0
185	868	1.0
185	869	1.0
185	870	1.0
185	871	1.0
185	872	1.0
185	873	1.0
185	874	1.0
185	875	1.0
185	876	1.0
185	877	1.0
185	878	1.0
185	879	1.0
185	880	1.0
185	881	1.0
185	882	1.0
185	883	1.0
185	884	1.0
185	885	1.0
185	886	1.0
185	887	1.0
185	888	1.0
185	889	1.0
185	890	1.0
185	891	1.0
185	892	1.0
185	893	1.0
185	894	1.0
185	895	1.0
185	896	1.0
185	897	1.0
185	898	1.0
185	899	1.0
185	900	1.0
185	901	1.0
185	902	1.0
185	903	1.0
185	904	1.0
185	905	1.0
185	906	1.0
185	907	1.0
185	908	1.0
185	909	1.0
185	910	1.0
185	911	1.0
185	912	1.0
185	913	1.0
185	914	1.0
185	915	1.0
915	916	1.0
915	917	1.0
915	918	1.0
915	919	1.0
185	920	1.0
920	921	1.0
920	922	1.0
920	923	1.0
920	924	1.0
920	925	1.0
920	926	1.0
920	927	1.0
920	928	1.0
920	929	1.0
920	930	1.0
920	931	1.0
920	932	1.0
920	933	1.0
920	934	1.0
920	935	1.0
920	936	1.0
920	937	1.0
920	938	1.0
920	939	1.0
920	940	1.0
920	941	1.0
920	942	1.0
920	943	1.0
920	944	1.0
920	945	1.0
920	946	1.0
920	947	1.0
920	948	1.0
920	949	1.0
920	950	1.0
920	951	1.0
920	952	1.0
920	953	1.0
920	954	1.0
920	955	1.0
920	956	1.0
920	957	1.0
920	958	1.0
920	959	1.0
920	960	1.0
920	961	1.0
920	962	1.0
920	963	1.0
920	964	1.0
920	965	1.0
920	966	1.0
920	967	1.0
920	968	1.0
920	969	1.0
920	970	1.0
920	971	1.0
920	972	1.0
920	973	1.0
920	974	1.0
920	975	1.0
920	976	1.0
920	977	1.0
920	978	1.0
920	979	1.0
920	980	1.0
920	981	1.0
920	982	1.0
920	983	1.0
920	984	1.0
920	985	1.0
920	986	1.0
920	987	1.0
920	988	1.0
920	989	1.0
920	990	1.0
920	991	1.0
920	992	1.0
920	993	1.0
920	994	1.0
920	995	1.0
920	996	1.0
920	997	1.0
920	998	1.0
920	999	1.0
920	1000	1.0
920	1001	1.0
920	1002	1.0
920	1003	1.0
920	1004	1.0
920	1005	1.0
920	1006	1.0
920	1007	1.0
920	1008	1.0
920	1009	1.0
920	1010	1.0
920	1011	1.0
920	1012	1.0
920	1013	1.0
920	1014	1.0
920	1015	1.0
920	1016	1.0
920	1017	1.0
920	1018	1.0
920	1019	1.0
920	1020	1.0
920	1021	1.0
920	1022	1.0
920	1023	1.0
920	1024	1.0
920	1025	1.0
920	1026	1.0
920	1027	1.0
920	1028	1.0
920	1029	1.0
920	1030	1.0
920	1031	1.0
920	1032	1.0
920	1033	1.0
920	1034	1.0
920	1035	1.0
920	1036	1.0
920	1037	1.0
920	1038	1.0
920	1039	1.0
920	1040	1.0
920	1041	1.0
920	1042	1.0
920	1043	1.0
920	1044	1.0
920	1045	1.0
920	1046	1.0
920	1047	1.0
920	1048	1.0
920	1049	1.0
920	1050	1.0
920	1051	1.0
920	1052	1.0
920	1053	1.0
920	1054	1.0
920	1055	1.0
920	1056	1.0
920	1057	1.0
920	1058	1.0
920	1059	1.0
920	1060	1.0
920	1061	1.0
920	1062	1.0
920	1063	1.0
920	1064	1.0
920	1065	1.0
920	1066	1.0
920	1067	1.0
920	1068	1.0
920	1069	1.0
920	1070	1.0
920	1071	1.0
920	1072	1.0
920	1073	1.0
920	1074	1.0
920	1075	1.0
920	1076	1.0
920	1077	1.0
920	1078	1.0
1078	1079	1.0
1078	1080	1.0
1078	1081	1.0
1078	1082	1.0
920	1083	1.0
920	1084	1.0
920	1085	1.0
920	1086	1.0
920	1087	1.0
920	1088	1.0
920	1089	1.0
920	1090	1.0
920	1091	1.0
920	1092	1.0
920	1093	1.0
920	1094	1.0
920	1095	1.0
920	1096	1.0
920	1097	1.0
1097	1098	1.0
1097	1099	1.0
1097	1100	1.0
1097	1101	1.0
1097	1102	1.0
920	1103	1.0
920	1104	1.0
920	1105	1.0
920	1106	1.0
920	1107	1.0
920	1108	1.0
920	1109	1.0
920	1110	1.0
920	1111	1.0
920	1112	1.0
920	1113	1.0
920	1114	1.0
920	1115	1.0
920	1116	1.0
920	1117	1.0
920	1118	1.0
920	1119	1.0
920	1120	1.0
920	1121	1.0
920	1122	1.0
920	1123	1.0
920	1124	1.0
920	1125	1.0
920	1126	1.0
920	1127	1.0
920	1128	1.0
920	1129	1.0
920	1130	1.0
920	1131	1.0
920	1132	1.0
920	1133	1.0
920	1134	1.0
920	1135	1.0
920	1136	1.0
920	1137	1.0
920	1138	1.0
920	1139	1.0
920	1140	1.0
920	1141	1.0
920	1142	1.0
920	1143	1.0
920	1144	1.0
920	1145	1.0
920	1146	1.0
920	1147	1.0
920	1148	1.0
920	1149	1.0
920	1150	1.0
920	1151	1.0
920	1152	1.0
920	1153	1.0
920	1154	1.0
920	1155	1.0
920	1156	1.0
920	1157	1.0
920	1158	1.0
920	1159	1.0
920	1160	1.0
920	1161	1.0
920	1162	1.0
920	1163	1.0
920	1164	1.0
920	1165	1.0
920	1166	1.0
920	1167	1.0
920	1168	1.0
920	1169	1.0
920	1170	1.0
920	1171	1.0
920	1172	1.0
920	1173	1.0
920	1174	1.0
920	1175	1.0
920	1176	1.0
920	1177	1.0
920	1178	1.0
920	1179	1.0
920	1180	1.0
920	1181	1.0
920	1182	1.0
920	1183	1.0
920	1184	1.0
920	1185	1.0
920	1186	1.0
920	1187	1.0
920	1188	1.0
920	1189	1.0
920	1190	1.0
920	1191	1.0
920	1192	1.0
920	1193	1.0
920	1194	1.0
920	1195	1.0
920	1196	1.0
920	1197	1.0
920	1198	1.0
920	1199	1.0
920	1200	1.0
920	1201	1.0
920	1202	1.0
920	1203	1.0
920	1204	1.0
920	1205	1.0
920	1206	1.0
920	1207	1.0
920	1208	1.0
920	1209	1.0
1209	1210	1.0
1209	1211	1.0
1209	1212	1.0
1209	1213	1.0
1209	1214	1.0
1209	1215	1.0
920	1216	1.0
920	1217	1.0
920	1218	1.0
920	1219	1.0
920	1220	1.0
920	1221	1.0
920	1222	1.0
920	1223	1.0
920	1224	1.0
920	1225	1.0
920	1226	1.0
920	1227	1.0
920	1228	1.0
920	1229	1.0
920	1230	1.0
920	1231	1.0
920	1232	1.0
920	1233	1.0
920	1234	1.0
920	1235	1.0
920	1236	1.0
920	1237	1.0
185	1238	1.0
185	1239	1.0
185	1240	1.0
185	1241	1.0
185	1242	1.0
185	1243	1.0
185	1244	1.0
185	1245	1.0
185	1246	1.0
185	1247	1.0
185	1248	1.0
185	1249	1.0
185	1250	1.0
185	1251	1.0
185	1252	1.0
185	1253	1.0
185	1254	1.0
185	1255	1.0
185	1256	1.0
185	1257	1.0
185	1258	1.0
185	1259	1.0
185	1260	1.0
185	1261	1.0
185	1262	1.0
185	1263	1.0
185	1264	1.0
185	1265	1.0
185	1266	1.0
185	1267	1.0
185	1268	1.0
185	1269	1.0
185	1270	1.0
185	1271	1.0
185	1272	1.0
185	1273	1.0
185	1274	1.0
185	1275	1.0
185	1276	1.0
185	1277	1.0
185	1278	1.0
185	1279	1.0
185	1280	1.0
185	1281	1.0
185	1282	1.0
185	1283	1.0
1283	1284	1.0
1283	1285	1.0
1283	1286	1.0
1283	1287	1.0
1283	1288	1.0
1283	1289	1.0
1283	1290	1.0
1283	1291	1.0
1283	1292	1.0
1283	1293	1.0
1283	1294	1.0
1283	1295	1.0
1283	1296	1.0
1283	1297	1.0
1283	1298	1.0
1283	1299	1.0
1283	1300	1.0
1283	1301	1.0
1283	1302	1.0
1283	1303	1.0
185	1304	1.0
185	1305	1.0
185	1306	1.0
185	1307	1.0
185	1308	1.0
185	1309	1.0
185	1310	1.0
185	1311	1.0
185	1312	1.0
185	1313	1.0
185	1314	1.0
185	1315	1.0
185	1316	1.0
185	1317	1.0
185	1318	1.0
185	1319	1.0
185	1320	1.0
185	1321	1.0
185	1322	1.0
185	1323	1.0
185	1324	1.0
185	1325	1.0
185	1326	1.0
185	1327	1.0
185	1328	1.0
185	1329	1.0
185	1330	1.0
185	1331	1.0
185	1332	1.0
185	1333	1.0
185	1334	1.0
185	1335	1.0
185	1336	1.0
185	1337	1.0
185	1338	1.0
185	1339	1.0
185	1340	1.0
185	1341	1.0
185	1342	1.0
185	1343	1.0
185	1344	1.0
185	1345	1.0
185	1346	1.0
185	1347	1.0
185	1348	1.0
185	1349	1.0
185	1350	1.0
185	1351	1.0
185	1352	1.0
185	1353	1.0
185	1354	1.0
185	1355	1.0
185	1356	1.0
185	1357	1.0
185	1358	1.0
185	1359	1.0
185	1360	1.0
1360	1361	1.0
1360	1362	1.0
1360	1363	1.0
1360	1364	1.0
1360	1365	1.0
1360	1366	1.0
185	1367	1.0
185	1368	1.0
185	1369	1.0
185	1370	1.0
185	1371	1.0
185	1372	1.0
185	1373	1.0
185	1374	1.0
185	1375	1.0
185	1376	1.0
185	1377	1.0
185	1378	1.0
185	1379	1.0
185	1380	1.0
185	1381	1.0
185	1382	1.0
185	1383	1.0
185	1384	1.0
185	1385	1.0
185	1386	1.0
185	1387	1.0
185	1388	1.0
185	1389	1.0
185	1390	1.0
185	1391	1.0
185	1392	1.0
185	1393	1.0
185	1394	1.0
185	1395	1.0
185	1396	1.0
185	1397	1.0
185	1398	1.0
185	1399	1.0
185	1400	1.0
185	1401	1.0
185	1402	1.0
185	1403	1.0
185	1404	1.0
185	1405	1.0
185	1406	1.0
185	1407	1.0
185	1408	1.0
185	1409	1.0
185	1410	1.0
185	1411	1.0
185	1412	1.0
185	1413	1.0
185	1414	1.0
185	1415	1.0
185	1416	1.0
185	1417	1.0
185	1418	1.0
185	1419	1.0
185	1420	1.0
185	1421	1.0
185	1422	1.0
185	1423	1.0
185	1424	1.0
185	1425	1.0
185	1426	1.0
185	1427	1.0
185	1428	1.0
185	1429	1.0
185	1430	1.0
185	1431	1.0
185	1432	1.0
185	1433	1.0
185	1434	1.0
185	1435	1.0
185	1436	1.0
185	1437	1.0
185	1438	1.0
185	1439	1.0
185	1440	1.0
185	1441	1.0
185	1442	1.0
185	1443	1.0
185	1444	1.0
185	1445	1.0
185	1446	1.0
185	1447	1.0
185	1448	1.0
185	1449	1.0
185	1450	1.0
185	1451	1.0
185	1452	1.0
185	1453	1.0
185	1454	1.0
185	1455	1.0
185	1456	1.0
1456	1457	1.0
1456	1458	1.0
1456	1459	1.0
1456	1460	1.0
1456	1461	1.0
1456	1462	1.0
1456	1463	1.0
185	1464	1.0
185	1465	1.0
185	1466	1.0
185	1467	1.0
185	1468	1.0
185	1469	1.0
185	1470	1.0
185	1471	1.0
185	1472	1.0
185	1473	1.0
185	1474	1.0
185	1475	1.0
185	1476	1.0
185	1477	1.0
185	1478	1.0
1478	1479	1.0
1478	1480	1.0
1478	1481	1.0
1478	1482	1.0
1478	1483	1.0
1478	1484	1.0
1478	1485	1.0
1478	1486	1.0
1478	1487	1.0
185	1488	1.0
185	1489	1.0
185	1490	1.0
185	1491	1.0
185	1492	1.0
185	1493	1.0
185	1494	1.0
185	1495	1.0
185	1496	1.0
185	1497	1.0
185	1498	1.0
185	1499	1.0
185	1500	1.0
185	1501	1.0
185	1502	1.0
185	1503	1.0
185	1504	1.0
185	1505	1.0
185	1506	1.0
185	1507	1.0
185	1508	1.0
185	1509	1.0
185	1510	1.0
185	1511	1.0
185	1512	1.0
185	1513	1.0
185	1514	1.0
185	1515	1.0
185	1516	1.0
185	1517	1.0
185	1518	1.0
185	1519	1.0
185	1520	1.0
185	1521	1.0
185	1522	1.0
185	1523	1.0
185	1524	1.0
185	1525	1.0
185	1526	1.0
185	1527	1.0
185	1528	1.0
185	1529	1.0
185	1530	1.0
185	1531	1.0
185	1532	1.0
185	1533	1.0
185	1534	1.0
185	1535	1.0
185	1536	1.0
185	1537	1.0
185	1538	1.0
185	1539	1.0
185	1540	1.0
185	1541	1.0
185	1542	1.0
185	1543	1.0
185	1544	1.0
185	1545	1.0
185	1546	1.0
185	1547	1.0
185	1548	1.0
185	1549	1.0
185	1550	1.0
185	1551	1.0
185	1552	1.0
185	1553	1.0
185	1554	1.0
185	1555	1.0
185	1556	1.0
185	1557	1.0
185	1558	1.0
185	1559	1.0
185	1560	1.0
185	1561	1.0
185	1562	1.0
185	1563	1.0
185	1564	1.0
185	1565	1.0
185	1566	1.0
185	1567	1.0
185	1568	1.0
185	1569	1.0
185	1570	1.0
185	1571	1.0
185	1572	1.0
185	1573	1.0
185	1574	1.0
185	1575	1.0
185	1576	1.0
185	1577	1.0
185	1578	1.0
185	1579	1.0
185	1580	1.0
185	1581	1.0
185	1582	1.0
185	1583	1.0
185	1584	1.0
185	1585	1.0
185	1586	1.0
185	1587	1.0
185	1588	1.0
185	1589	1.0
185	1590	1.0
185	1591	1.0
185	1592	1.0
185	1593	1.0
185	1594	1.0
185	1595	1.0
185	1596	1.0
185	1597	1.0
185	1598	1.0
185	1599	1.0
185	1600	1.0
185	1601	1.0
185	1602	1.0
185	1603	1.0
185	1604	1.0
185	1605	1.0
185	1606	1.0
185	1607	1.0
185	1608	1.0
185	1609	1.0
185	1610	1.0
185	1611	1.0
185	1612	1.0
185	1613	1.0
185	1614	1.0
185	1615	1.0
185	1616	1.0
185	1617	1.0
185	1618	1.0
185	1619	1.0
185	1620	1.0
185	1621	1.0
185	1622	1.0
185	1623	1.0
185	1624	1.0
185	1625	1.0
185	1626	1.0
185	1627	1.0
185	1628	1.0
185	1629	1.0
185	1630	1.0
185	1631	1.0
185	1632	1.0
185	1633	1.0
185	1634	1.0
185	1635	1.0
185	1636	1.0
185	1637	1.0
185	1638	1.0
185	1639	1.0
185	1640	1.0
185	1641	1.0
185	1642	1.0
185	1643	1.0
185	1644	1.0
185	1645	1.0
185	1646	1.0
185	1647	1.0
185	1648	1.0
185	1649	1.0
185	1650	1.0
185	1651	1.0
185	1652	1.0
185	1653	1.0
185	1654	1.0
185	1655	1.0
185	1656	1.0
185	1657	1.0
185	1658	1.0
185	1659	1.0
185	1660	1.0
185	1661	1.0
185	1662	1.0
185	1663	1.0
185	1664	1.0
185	1665	1.0
185	1666	1.0
185	1667	1.0
185	1668	1.0
185	1669	1.0
185	1670	1.0
185	1671	1.0
185	1672	1.0
185	1673	1.0
185	1674	1.0
185	1675	1.0
185	1676	1.0
185	1677	1.0
185	1678	1.0
185	1679	1.0
185	1680	1.0
185	1681	1.0
185	1682	1.0
185	1683	1.0
185	1684	1.0
185	1685	1.0
185	1686	1.0
185	1687	1.0
185	1688	1.0
185	1689	1.0
185	1690	1.0
185	1691	1.0
185	1692	1.0
185	1693	1.0
185	1694	1.0
185	1695	1.0
185	1696	1.0
185	1697	1.0
185	1698	1.0
185	1699	1.0
1699	1700	1.0
1699	1701	1.0
1699	1702	1.0
1699	1703	1.0
1699	1704	1.0
1699	1705	1.0
1699	1706	1.0
1699	1707	1.0
1699	1708	1.0
1699	1709	1.0
1699	1710	1.0
1699	1711	1.0
1699	1712	1.0
1699	1713	1.0
1699	1714	1.0
1699	1715	1.0
1699	1716	1.0
1699	1717	1.0
1699	1718	1.0
1699	1719	1.0
1699	1720	1.0
1699	1721	1.0
1699	1722	1.0
1699	1723	1.0
1699	1724	1.0
1699	1725	1.0
1699	1726	1.0
185	1727	1.0
185	1728	1.0
185	1729	1.0
185	1730	1.0
185	1731	1.0
185	1732	1.0
185	1733	1.0
185	1734	1.0
185	1735	1.0
185	1736	1.0
185	1737	1.0
185	1738	1.0
185	1739	1.0
185	1740	1.0
185	1741	1.0
185	1742	1.0
185	1743	1.0
185	1744	1.0
185	1745	1.0
185	1746	1.0
185	1747	1.0
185	1748	1.0
185	1749	1.0
185	1750	1.0
185	1751	1.0
185	1752	1.0
185	1753	1.0
185	1754	1.0
185	1755	1.0
185	1756	1.0
185	1757	1.0
185	1758	1.0
185	1759	1.0
185	1760	1.0
185	1761	1.0
185	1762	1.0
185	1763	1.0
185	1764	1.0
185	1765	1.0
185	1766	1.0
185	1767	1.0
185	1768	1.0
185	1769	1.0
1769	1770	1.0
1769	1771	1.0
1769	1772	1.0
1769	1773	1.0
1769	1774	1.0
185	1775	1.0
185	1776	1.0
185	1777	1.0
185	1778	1.0
185	1779	1.0
185	1780	1.0
185	1781	1.0
185	1782	1.0
185	1783	1.0
185	1784	1.0
185	1785	1.0
185	1786	1.0
185	1787	1.0
185	1788	1.0
185	1789	1.0
185	1790	1.0
185	1791	1.0
185	1792	1.0
185	1793	1.0
185	1794	1.0
185	1795	1.0
185	1796	1.0
185	1797	1.0
185	1798	1.0
185	1799	1.0
185	1800	1.0
185	1801	1.0
185	1802	1.0
185	1803	1.0
185	1804	1.0
185	1805	1.0
185	1806	1.0
185	1807	1.0
185	1808	1.0
185	1809	1.0
185	1810	1.0
185	1811	1.0
185	1812	1.0
185	1813	1.0
185	1814	1.0
185	1815	1.0
185	1816	1.0
185	1817	1.0
185	1818	1.0
185	1819	1.0
185	1820	1.0
185	1821	1.0
185	1822	1.0
185	1823	1.0
185	1824	1.0
185	1825	1.0
185	1826	1.0
185	1827	1.0
185	1828	1.0
185	1829	1.0
185	1830	1.0
185	1831	1.0
185	1832	1.0
185	1833	1.0
185	1834	1.0
185	1835	1.0
185	1836	1.0
185	1837	1.0
185	1838	1.0
185	1839	1.0
185	1840	1.0
185	1841	1.0
185	1842	1.0
185	1843	1.0
185	1844	1.0
185	1845	1.0
185	1846	1.0
185	1847	1.0
185	1848	1.0
185	1849	1.0
185	1850	1.0
185	1851	1.0
185	1852	1.0
185	1853	1.0
185	1854	1.0
185	1855	1.0
185	1856	1.0
185	1857	1.0
185	1858	1.0
185	1859	1.0
185	1860	1.0
185	1861	1.0
185	1862	1.0
185	1863	1.0
185	1864	1.0
185	1865	1.0
185	1866	1.0
185	1867	1.0
185	1868	1.0
185	1869	1.0
185	1870	1.0
185	1871	1.0
185	1872	1.0
185	1873	1.0
185	1874	1.0
185	1875	1.0
185	1876	1.0
185	1877	1.0
185	1878	1.0
185	1879	1.0
185	1880	1.0
185	1881	1.0
185	1882	1.0
185	1883	1.0
185	1884	1.0
185	1885	1.0
185	1886	1.0
185	1887	1.0
185	1888	1.0
185	1889	1.0
185	1890	1.0
185	1891	1.0
185	1892	1.0
185	1893	1.0
185	1894	1.0
185	1895	1.0
185	1896	1.0
185	1897	1.0
185	1898	1.0
185	1899	1.0
185	1900	1.0
185	1901	1.0
185	1902	1.0
185	1903	1.0
185	1904	1.0
185	1905	1.0
185	1906	1.0
185	1907	1.0
185	1908	1.0
185	1909	1.0
185	1910	1.0
185	1911	1.0
185	1912	1.0
185	1913	1.0
185	1914	1.0
185	1915	1.0
185	1916	1.0
185	1917	1.0
185	1918	1.0
185	1919	1.0
185	1920	1.0
1920	1921	1.0
1920	1922	1.0
1920	1923	1.0
1920	1924	1.0
1920	1925	1.0
185	1926	1.0
185	1927	1.0
185	1928	1.0
185	1929	1.0
185	1930	1.0
185	1931	1.0
185	1932	1.0
185	1933	1.0
185	1934	1.0
185	1935	1.0
185	1936	1.0
185	1937	1.0
185	1938	1.0
185	1939	1.0
185	1940	1.0
185	1941	1.0
185	1942	1.0
185	1943	1.0
185	1944	1.0
185	1945	1.0
185	1946	1.0
185	1947	1.0
185	1948	1.0
185	1949	1.0
185	1950	1.0
185	1951	1.0
185	1952	1.0
185	1953	1.0
185	1954	1.0
185	1955	1.0
185	1956	1.0
185	1957	1.0
185	1958	1.0
185	1959	1.0
185	1960	1.0
185	1961	1.0
185	1962	1.0
185	1963	1.0
185	1964	1.0
185	1965	1.0
185	1966	1.0
185	1967	1.0
185	1968	1.0
185	1969	1.0
185	1970	1.0
185	1971	1.0
185	1972	1.0
185	1973	1.0
185	1974	1.0
185	1975	1.0
185	1976	1.0
185	1977	1.0
185	1978	1.0
185	1979	1.0
185	1980	1.0
185	1981	1.0
185	1982	1.0
185	1983	1.0
185	1984	1.0
185	1985	1.0
185	1986	1.0
185	1987	1.0
185	1988	1.0
185	1989	1.0
185	1990	1.0
185	1991	1.0
185	1992	1.0
185	1993	1.0
185	1994	1.0
185	1995	1.0
185	1996	1.0
185	1997	1.0
185	1998	1.0
185	1999	1.0
185	2000	1.0
185	2001	1.0
184	2002	1.0
184	2003	1.0
184	2004	1.0
184	2005	1.0
184	2006	1.0
184	2007	1.0
184	2008	1.0
184	2009	1.0
184	2010	1.0
184	2011	1.0
184	2012	1.0
184	2013	1.0
184	2014	1.0
184	2015	1.0
184	2016	1.0
184	2017	1.0
184	2018	1.0
184	2019	1.0
184	2020	1.0
184	2021	1.0
184	2022	1.0
184	2023	1.0
184	2024	1.0
184	2025	1.0
184	2026	1.0
5	2027	1.0
5	2028	1.0
3	2029	1.0
3	2030	1.0
0	2031	1.0
