0	1	1.0
0	2	1.0
0	3	1.0
3	4	1.0
3	5	1.0
3	6	1.0
6	7	1.0
7	8	1.0
7	9	1.0
7	10	1.0
10	11	1.0
10	12	1.0
10	13	1.0
13	14	1.0
13	15	1.0
13	16	1.0
13	17	1.0
13	18	1.0
13	19	1.0
13	20	1.0
13	21	1.0
13	22	1.0
13	23	1.0
13	24	1.0
13	25	1.0
13	26	1.0
13	27	1.0
13	28	1.0
13	29	1.0
13	30	1.0
13	31	1.0
13	32	1.0
13	33	1.0
13	34	1.0
13	35	1.0
13	36	1.0
13	37	1.0
13	38	1.0
13	39	1.0
13	40	1.0
13	41	1.0
13	42	1.0
13	43	1.0
13	44	1.0
13	45	1.0
13	46	1.0
13	47	1.0
13	48	1.0
13	49	1.0
13	50	1.0
13	51	1.0
13	52	1.0
13	53	1.0
13	54	1.0
13	55	1.0
13	56	1.0
13	57	1.0
13	58	1.0
13	59	1.0
13	60	1.0
13	61	1.0
13	62	1.0
13	63	1.0
13	64	1.0
13	65	1.0
13	66	1.0
13	67	1.0
13	68	1.0
13	69	1.0
13	70	1.0
13	71	1.0
13	72	1.0
13	73	1.0
13	74	1.0
13	75	1.0
13	76	1.0
13	77	1.0
13	78	1.0
13	79	1.0
13	80	1.0
13	81	1.0
13	82	1.0
13	83	1.0
13	84	1.0
13	85	1.0
13	86	1.0
13	87	1.0
13	88	1.0
13	89	1.0
13	90	1.0
13	91	1.0
13	92	1.0
13	93	1.0
13	94	1.0
13	95	1.0
13	96	1.0
13	97	1.0
13	98	1.0
13	99	1.0
13	100	1.0
13	101	1.0
13	102	1.0
13	103	1.0
13	104	1.0
13	105	1.0
13	106	1.0
106	107	1.0
106	108	1.0
106	109	1.0
106	110	1.0
106	111	1.0
106	112	1.0
106	113	1.0
106	114	1.0
106	115	1.0
106	116	1.0
106	117	1.0
106	118	1.0
106	119	1.0
106	120	1.0
120	121	1.0
120	122	1.0
120	123	1.0
120	124	1.0
120	125	1.0
106	126	1.0
106	127	1.0
106	128	1.0
106	129	1.0
106	130	1.0
106	131	1.0
106	132	1.0
106	133	1.0
106	134	1.0
106	135	1.0
106	136	1.0
106	137	1.0
106	138	1.0
106	139	1.0
106	140	1.0
106	141	1.0
106	142	1.0
106	143	1.0
106	144	1.0
106	145	1.0
106	146	1.0
106	147	1.0
106	148	1.0
106	149	1.0
106	150	1.0
106	151	1.0
106	152	1.0
106	153	1.0
106	154	1.0
106	155	1.0
106	156	1.0
106	157	1.0
106	158	1.0
106	159	1.0
106	160	1.0
106	161	1.0
106	162	1.0
106	163	1.0
106	164	1.0
106	165	1.0
106	166	1.0
106	167	1.0
106	168	1.0
106	169	1.0
106	170	1.0
106	171	1.0
106	172	1.0
106	173	1.0
106	174	1.0
106	175	1.0
106	176	1.0
106	177	1.0
106	178	1.0
106	179	1.0
106	180	1.0
106	181	1.0
106	182	1.0
106	183	1.0
183	184	1.0
183	185	1.0
183	186	1.0
183	187	1.0
183	188	1.0
183	189	1.0
183	190	1.0
183	191	1.0
183	192	1.0
183	193	1.0
183	194	1.0
183	195	1.0
183	196	1.0
196	197	1.0
196	198	1.0
196	199	1.0
196	200	1.0
196	201	1.0
183	202	1.0
183	203	1.0
183	204	1.0
183	205	1.0
205	206	1.0
205	207	1.0
205	208	1.0
208	209	1.0
208	210	1.0
208	211	1.0
208	212	1.0
208	213	1.0
208	214	1.0
208	215	1.0
208	216	1.0
208	217	1.0
208	218	1.0
208	219	1.0
208	220	1.0
208	221	1.0
208	222	1.0
208	223	1.0
208	224	1.0
208	225	1.0
208	226	1.0
208	227	1.0
208	228	1.0
208	229	1.0
183	230	1.0
183	231	1.0
183	232	1.0
183	233	1.0
183	234	1.0
183	235	1.0
183	236	1.0
236	237	1.0
236	238	1.0
236	239	1.0
236	240	1.0
183	241	1.0
183	242	1.0
183	243	1.0
183	244	1.0
183	245	1.0
183	246	1.0
183	247	1.0
183	248	1.0
183	249	1.0
183	250	1.0
250	251	1.0
250	252	1.0
250	253	1.0
250	254	1.0
183	255	1.0
183	256	1.0
183	257	1.0
183	258	1.0
183	259	1.0
183	260	1.0
183	261	1.0
183	262	1.0
183	263	1.0
183	264	1.0
183	265	1.0
183	266	1.0
183	267	1.0
183	268	1.0
183	269	1.0
183	270	1.0
183	271	1.0
271	272	1.0
271	273	1.0
271	274	1.0
271	275	1.0
271	276	1.0
271	277	1.0
271	278	1.0
271	279	1.0
271	280	1.0
271	281	1.0
271	282	1.0
271	283	1.0
271	284	1.0
271	285	1.0
271	286	1.0
271	287	1.0
271	288	1.0
183	289	1.0
183	290	1.0
183	291	1.0
183	292	1.0
183	293	1.0
183	294	1.0
183	295	1.0
183	296	1.0
183	297	1.0
183	298	1.0
183	299	1.0
183	300	1.0
183	301	1.0
183	302	1.0
183	303	1.0
183	304	1.0
183	305	1.0
183	306	1.0
183	307	1.0
183	308	1.0
183	309	1.0
183	310	1.0
183	311	1.0
183	312	1.0
183	313	1.0
183	314	1.0
183	315	1.0
183	316	1.0
183	317	1.0
183	318	1.0
183	319	1.0
183	320	1.0
183	321	1.0
183	322	1.0
183	323	1.0
183	324	1.0
183	325	1.0
183	326	1.0
183	327	1.0
183	328	1.0
183	329	1.0
183	330	1.0
183	331	1.0
183	332	1.0
183	333	1.0
183	334	1.0
183	335	1.0
183	336	1.0
183	337	1.0
183	338	1.0
183	339	1.0
183	340	1.0
183	341	1.0
183	342	1.0
183	343	1.0
183	344	1.0
183	345	1.0
183	346	1.0
183	347	1.0
183	348	1.0
183	349	1.0
183	350	1.0
183	351	1.0
183	352	1.0
183	353	1.0
183	354	1.0
183	355	1.0
183	356	1.0
183	357	1.0
183	358	1.0
183	359	1.0
183	360	1.0
183	361	1.0
183	362	1.0
183	363	1.0
183	364	1.0
183	365	1.0
183	366	1.0
183	367	1.0
183	368	1.0
183	369	1.0
183	370	1.0
183	371	1.0
183	372	1.0
183	373	1.0
183	374	1.0
183	375	1.0
183	376	1.0
183	377	1.0
183	378	1.0
183	379	1.0
183	380	1.0
183	381	1.0
183	382	1.0
183	383	1.0
183	384	1.0
183	385	1.0
183	386	1.0
183	387	1.0
183	388	1.0
183	389	1.0
183	390	1.0
183	391	1.0
183	392	1.0
183	393	1.0
183	394	1.0
183	395	1.0
183	396	1.0
183	397	1.0
183	398	1.0
183	399	1.0
183	400	1.0
183	401	1.0
183	402	1.0
183	403	1.0
183	404	1.0
183	405	1.0
183	406	1.0
183	407	1.0
183	408	1.0
183	409	1.0
183	410	1.0
183	411	1.0
183	412	1.0
183	413	1.0
183	414	1.0
183	415	1.0
183	416	1.0
183	417	1.0
183	418	1.0
183	419	1.0
183	420	1.0
183	421	1.0
183	422	1.0
422	423	1.0
422	424	1.0
422	425	1.0
422	426	1.0
422	427	1.0
422	428	1.0
422	429	1.0
422	430	1.0
422	431	1.0
422	432	1.0
422	433	1.0
422	434	1.0
422	435	1.0
422	436	1.0
422	437	1.0
422	438	1.0
422	439	1.0
422	440	1.0
422	441	1.0
183	442	1.0
183	443	1.0
183	444	1.0
183	445	1.0
183	446	1.0
183	447	1.0
183	448	1.0
183	449	1.0
183	450	1.0
183	451	1.0
183	452	1.0
183	453	1.0
183	454	1.0
183	455	1.0
183	456	1.0
183	457	1.0
183	458	1.0
183	459	1.0
183	460	1.0
183	461	1.0
183	462	1.0
183	463	1.0
183	464	1.0
183	465	1.0
183	466	1.0
183	467	1.0
183	468	1.0
183	469	1.0
183	470	1.0
183	471	1.0
183	472	1.0
183	473	1.0
183	474	1.0
183	475	1.0
183	476	1.0
183	477	1.0
183	478	1.0
183	479	1.0
183	480	1.0
183	481	1.0
183	482	1.0
183	483	1.0
183	484	1.0
183	485	1.0
183	486	1.0
183	487	1.0
183	488	1.0
183	489	1.0
183	490	1.0
183	491	1.0
183	492	1.0
183	493	1.0
183	494	1.0
183	495	1.0
183	496	1.0
183	497	1.0
183	498	1.0
183	499	1.0
183	500	1.0
183	501	1.0
183	502	1.0
183	503	1.0
183	504	1.0
183	505	1.0
183	506	1.0
183	507	1.0
183	508	1.0
183	509	1.0
183	510	1.0
183	511	1.0
183	512	1.0
183	513	1.0
183	514	1.0
183	515	1.0
183	516	1.0
183	517	1.0
183	518	1.0
183	519	1.0
183	520	1.0
183	521	1.0
183	522	1.0
183	523	1.0
523	524	1.0
523	525	1.0
523	526	1.0
523	527	1.0
183	528	1.0
183	529	1.0
183	530	1.0
183	531	1.0
183	532	1.0
183	533	1.0
183	534	1.0
183	535	1.0
183	536	1.0
183	537	1.0
183	538	1.0
183	539	1.0
183	540	1.0
183	541	1.0
183	542	1.0
183	543	1.0
183	544	1.0
183	545	1.0
183	546	1.0
183	547	1.0
183	548	1.0
183	549	1.0
183	550	1.0
183	551	1.0
183	552	1.0
183	553	1.0
183	554	1.0
183	555	1.0
183	556	1.0
183	557	1.0
183	558	1.0
183	559	1.0
183	560	1.0
183	561	1.0
183	562	1.0
183	563	1.0
183	564	1.0
183	565	1.0
183	566	1.0
183	567	1.0
183	568	1.0
183	569	1.0
183	570	1.0
183	571	1.0
183	572	1.0
183	573	1.0
183	574	1.0
183	575	1.0
183	576	1.0
183	577	1.0
183	578	1.0
183	579	1.0
183	580	1.0
183	581	1.0
183	582	1.0
183	583	1.0
183	584	1.0
183	585	1.0
183	586	1.0
183	587	1.0
183	588	1.0
183	589	1.0
183	590	1.0
183	591	1.0
183	592	1.0
183	593	1.0
183	594	1.0
183	595	1.0
183	596	1.0
183	597	1.0
183	598	1.0
183	599	1.0
183	600	1.0
183	601	1.0
183	602	1.0
183	603	1.0
183	604	1.0
183	605	1.0
183	606	1.0
183	607	1.0
183	608	1.0
183	609	1.0
183	610	1.0
183	611	1.0
183	612	1.0
183	613	1.0
183	614	1.0
183	615	1.0
183	616	1.0
183	617	1.0
617	618	1.0
617	619	1.0
617	620	1.0
617	621	1.0
617	622	1.0
617	623	1.0
617	624	1.0
617	625	1.0
617	626	1.0
617	627	1.0
617	628	1.0
617	629	1.0
617	630	1.0
617	631	1.0
617	632	1.0
617	633	1.0
633	634	1.0
633	635	1.0
633	636	1.0
633	637	1.0
633	638	1.0
633	639	1.0
633	640	1.0
633	641	1.0
633	642	1.0
633	643	1.0
633	644	1.0
633	645	1.0
633	646	1.0
633	647	1.0
633	648	1.0
633	649	1.0
633	650	1.0
633	651	1.0
633	652	1.0
633	653	1.0
633	654	1.0
633	655	1.0
633	656	1.0
656	657	1.0
656	658	1.0
656	659	1.0
656	660	1.0
656	661	1.0
656	662	1.0
656	663	1.0
656	664	1.0
656	665	1.0
656	666	1.0
656	667	1.0
656	668	1.0
656	669	1.0
656	670	1.0
656	671	1.0
656	672	1.0
656	673	1.0
656	674	1.0
656	675	1.0
656	676	1.0
656	677	1.0
656	678	1.0
633	679	1.0
633	680	1.0
633	681	1.0
633	682	1.0
633	683	1.0
633	684	1.0
633	685	1.0
633	686	1.0
633	687	1.0
633	688	1.0
633	689	1.0
633	690	1.0
633	691	1.0
633	692	1.0
633	693	1.0
633	694	1.0
633	695	1.0
633	696	1.0
633	697	1.0
633	698	1.0
633	699	1.0
633	700	1.0
633	701	1.0
633	702	1.0
633	703	1.0
633	704	1.0
633	705	1.0
633	706	1.0
633	707	1.0
633	708	1.0
633	709	1.0
633	710	1.0
633	711	1.0
633	712	1.0
633	713	1.0
633	714	1.0
633	715	1.0
633	716	1.0
633	717	1.0
633	718	1.0
633	719	1.0
633	720	1.0
633	721	1.0
633	722	1.0
633	723	1.0
633	724	1.0
633	725	1.0
633	726	1.0
633	727	1.0
633	728	1.0
633	729	1.0
633	730	1.0
633	731	1.0
633	732	1.0
633	733	1.0
633	734	1.0
633	735	1.0
633	736	1.0
633	737	1.0
633	738	1.0
633	739	1.0
633	740	1.0
633	741	1.0
633	742	1.0
633	743	1.0
633	744	1.0
633	745	1.0
633	746	1.0
633	747	1.0
633	748	1.0
633	749	1.0
633	750	1.0
633	751	1.0
633	752	1.0
633	753	1.0
633	754	1.0
633	755	1.0
633	756	1.0
633	757	1.0
633	758	1.0
633	759	1.0
633	760	1.0
633	761	1.0
633	762	1.0
633	763	1.0
633	764	1.0
633	765	1.0
633	766	1.0
633	767	1.0
633	768	1.0
633	769	1.0
769	770	1.0
769	771	1.0
769	772	1.0
769	773	1.0
769	774	1.0
769	775	1.0
633	776	1.0
633	777	1.0
633	778	1.0
633	779	1.0
633	780	1.0
633	781	1.0
633	782	1.0
633	783	1.0
633	784	1.0
633	785	1.0
633	786	1.0
633	787	1.0
633	788	1.0
633	789	1.0
633	790	1.0
633	791	1.0
633	792	1.0
633	793	1.0
633	794	1.0
633	795	1.0
633	796	1.0
633	797	1.0
633	798	1.0
633	799	1.0
799	800	1.0
799	801	1.0
799	802	1.0
799	803	1.0
799	804	1.0
799	805	1.0
799	806	1.0
799	807	1.0
799	808	1.0
799	809	1.0
799	810	1.0
799	811	1.0
799	812	1.0
799	813	1.0
799	814	1.0
799	815	1.0
799	816	1.0
799	817	1.0
633	818	1.0
633	819	1.0
633	820	1.0
633	821	1.0
633	822	1.0
633	823	1.0
633	824	1.0
633	825	1.0
633	826	1.0
633	827	1.0
633	828	1.0
633	829	1.0
633	830	1.0
633	831	1.0
633	832	1.0
633	833	1.0
633	834	1.0
633	835	1.0
633	836	1.0
633	837	1.0
633	838	1.0
633	839	1.0
633	840	1.0
633	841	1.0
633	842	1.0
633	843	1.0
633	844	1.0
633	845	1.0
633	846	1.0
633	847	1.0
633	848	1.0
633	849	1.0
633	850	1.0
633	851	1.0
633	852	1.0
633	853	1.0
633	854	1.0
633	855	1.0
633	856	1.0
633	857	1.0
633	858	1.0
633	859	1.0
633	860	1.0
633	861	1.0
633	862	1.0
633	863	1.0
633	864	1.0
633	865	1.0
633	866	1.0
633	867	1.0
633	868	1.0
633	869	1.0
633	870	1.0
633	871	1.0
633	872	1.0
633	873	1.0
633	874	1.0
633	875	1.0
875	876	1.0
875	877	1.0
875	878	1.0
875	879	1.0
875	880	1.0
875	881	1.0
875	882	1.0
875	883	1.0
875	884	1.0
875	885	1.0
875	886	1.0
875	887	1.0
875	888	1.0
875	889	1.0
875	890	1.0
875	891	1.0
875	892	1.0
875	893	1.0
875	894	1.0
875	895	1.0
895	896	1.0
895	897	1.0
895	898	1.0
895	899	1.0
895	900	1.0
895	901	1.0
895	902	1.0
895	903	1.0
895	904	1.0
875	905	1.0
875	906	1.0
875	907	1.0
875	908	1.0
875	909	1.0
875	910	1.0
875	911	1.0
875	912	1.0
875	913	1.0
875	914	1.0
875	915	1.0
875	916	1.0
875	917	1.0
875	918	1.0
875	919	1.0
875	920	1.0
875	921	1.0
875	922	1.0
875	923	1.0
875	924	1.0
875	925	1.0
875	926	1.0
875	927	1.0
875	928	1.0
875	929	1.0
875	930	1.0
875	931	1.0
875	932	1.0
875	933	1.0
875	934	1.0
875	935	1.0
875	936	1.0
875	937	1.0
875	938	1.0
875	939	1.0
875	940	1.0
875	941	1.0
875	942	1.0
875	943	1.0
875	944	1.0
875	945	1.0
875	946	1.0
875	947	1.0
875	948	1.0
875	949	1.0
875	950	1.0
875	951	1.0
875	952	1.0
875	953	1.0
875	954	1.0
875	955	1.0
875	956	1.0
875	957	1.0
875	958	1.0
875	959	1.0
875	960	1.0
875	961	1.0
875	962	1.0
875	963	1.0
875	964	1.0
875	965	1.0
875	966	1.0
875	967	1.0
875	968	1.0
875	969	1.0
875	970	1.0
875	971	1.0
875	972	1.0
875	973	1.0
875	974	1.0
875	975	1.0
875	976	1.0
875	977	1.0
875	978	1.0
875	979	1.0
875	980	1.0
875	981	1.0
875	982	1.0
875	983	1.0
875	984	1.0
875	985	1.0
875	986	1.0
875	987	1.0
875	988	1.0
875	989	1.0
875	990	1.0
875	991	1.0
875	992	1.0
875	993	1.0
875	994	1.0
875	995	1.0
875	996	1.0
996	997	1.0
996	998	1.0
996	999	1.0
996	1000	1.0
996	1001	1.0
996	1002	1.0
996	1003	1.0
996	1004	1.0
996	1005	1.0
996	1006	1.0
996	1007	1.0
996	1008	1.0
996	1009	1.0
996	1010	1.0
996	1011	1.0
996	1012	1.0
996	1013	1.0
996	1014	1.0
996	1015	1.0
996	1016	1.0
996	1017	1.0
996	1018	1.0
996	1019	1.0
996	1020	1.0
996	1021	1.0
996	1022	1.0
996	1023	1.0
996	1024	1.0
996	1025	1.0
996	1026	1.0
996	1027	1.0
996	1028	1.0
996	1029	1.0
996	1030	1.0
996	1031	1.0
996	1032	1.0
996	1033	1.0
996	1034	1.0
996	1035	1.0
996	1036	1.0
996	1037	1.0
996	1038	1.0
996	1039	1.0
996	1040	1.0
996	1041	1.0
996	1042	1.0
996	1043	1.0
996	1044	1.0
996	1045	1.0
996	1046	1.0
996	1047	1.0
996	1048	1.0
996	1049	1.0
996	1050	1.0
996	1051	1.0
996	1052	1.0
996	1053	1.0
996	1054	1.0
996	1055	1.0
996	1056	1.0
996	1057	1.0
996	1058	1.0
996	1059	1.0
996	1060	1.0
996	1061	1.0
996	1062	1.0
996	1063	1.0
996	1064	1.0
996	1065	1.0
996	1066	1.0
996	1067	1.0
996	1068	1.0
996	1069	1.0
996	1070	1.0
996	1071	1.0
996	1072	1.0
996	1073	1.0
996	1074	1.0
996	1075	1.0
996	1076	1.0
996	1077	1.0
996	1078	1.0
996	1079	1.0
996	1080	1.0
996	1081	1.0
1081	1082	1.0
1081	1083	1.0
1081	1084	1.0
1081	1085	1.0
1081	1086	1.0
1081	1087	1.0
1081	1088	1.0
1081	1089	1.0
1081	1090	1.0
1081	1091	1.0
1081	1092	1.0
1081	1093	1.0
1081	1094	1.0
1081	1095	1.0
1081	1096	1.0
1081	1097	1.0
1081	1098	1.0
1081	1099	1.0
1081	1100	1.0
1081	1101	1.0
1081	1102	1.0
1081	1103	1.0
1081	1104	1.0
1081	1105	1.0
1081	1106	1.0
1081	1107	1.0
1081	1108	1.0
1081	1109	1.0
1081	1110	1.0
1081	1111	1.0
1081	1112	1.0
1081	1113	1.0
996	1114	1.0
996	1115	1.0
996	1116	1.0
996	1117	1.0
996	1118	1.0
996	1119	1.0
996	1120	1.0
996	1121	1.0
996	1122	1.0
996	1123	1.0
996	1124	1.0
996	1125	1.0
996	1126	1.0
996	1127	1.0
996	1128	1.0
996	1129	1.0
996	1130	1.0
996	1131	1.0
996	1132	1.0
996	1133	1.0
996	1134	1.0
996	1135	1.0
996	1136	1.0
996	1137	1.0
996	1138	1.0
996	1139	1.0
996	1140	1.0
996	1141	1.0
996	1142	1.0
996	1143	1.0
996	1144	1.0
996	1145	1.0
996	1146	1.0
996	1147	1.0
996	1148	1.0
996	1149	1.0
996	1150	1.0
996	1151	1.0
996	1152	1.0
996	1153	1.0
996	1154	1.0
996	1155	1.0
996	1156	1.0
996	1157	1.0
996	1158	1.0
996	1159	1.0
996	1160	1.0
996	1161	1.0
996	1162	1.0
996	1163	1.0
996	1164	1.0
996	1165	1.0
996	1166	1.0
996	1167	1.0
996	1168	1.0
1168	1169	1.0
1168	1170	1.0
1168	1171	1.0
1168	1172	1.0
996	1173	1.0
996	1174	1.0
996	1175	1.0
996	1176	1.0
996	1177	1.0
996	1178	1.0
996	1179	1.0
996	1180	1.0
996	1181	1.0
996	1182	1.0
996	1183	1.0
996	1184	1.0
996	1185	1.0
996	1186	1.0
996	1187	1.0
996	1188	1.0
996	1189	1.0
996	1190	1.0
996	1191	1.0
996	1192	1.0
996	1193	1.0
996	1194	1.0
996	1195	1.0
996	1196	1.0
996	1197	1.0
996	1198	1.0
996	1199	1.0
996	1200	1.0
996	1201	1.0
996	1202	1.0
996	1203	1.0
996	1204	1.0
996	1205	1.0
996	1206	1.0
996	1207	1.0
996	1208	1.0
996	1209	1.0
996	1210	1.0
996	1211	1.0
996	1212	1.0
996	1213	1.0
996	1214	1.0
996	1215	1.0
996	1216	1.0
996	1217	1.0
996	1218	1.0
996	1219	1.0
996	1220	1.0
996	1221	1.0
996	1222	1.0
996	1223	1.0
996	1224	1.0
996	1225	1.0
996	1226	1.0
996	1227	1.0
996	1228	1.0
996	1229	1.0
996	1230	1.0
996	1231	1.0
996	1232	1.0
996	1233	1.0
996	1234	1.0
996	1235	1.0
996	1236	1.0
996	1237	1.0
996	1238	1.0
996	1239	1.0
996	1240	1.0
996	1241	1.0
996	1242	1.0
996	1243	1.0
996	1244	1.0
996	1245	1.0
996	1246	1.0
996	1247	1.0
996	1248	1.0
996	1249	1.0
996	1250	1.0
996	1251	1.0
996	1252	1.0
996	1253	1.0
996	1254	1.0
996	1255	1.0
996	1256	1.0
996	1257	1.0
996	1258	1.0
996	1259	1.0
996	1260	1.0
996	1261	1.0
996	1262	1.0
996	1263	1.0
996	1264	1.0
996	1265	1.0
996	1266	1.0
996	1267	1.0
996	1268	1.0
996	1269	1.0
996	1270	1.0
996	1271	1.0
996	1272	1.0
996	1273	1.0
996	1274	1.0
996	1275	1.0
996	1276	1.0
996	1277	1.0
996	1278	1.0
996	1279	1.0
996	1280	1.0
996	1281	1.0
996	1282	1.0
996	1283	1.0
996	1284	1.0
996	1285	1.0
996	1286	1.0
996	1287	1.0
996	1288	1.0
996	1289	1.0
996	1290	1.0
996	1291	1.0
996	1292	1.0
996	1293	1.0
996	1294	1.0
996	1295	1.0
996	1296	1.0
996	1297	1.0
996	1298	1.0
996	1299	1.0
996	1300	1.0
996	1301	1.0
996	1302	1.0
996	1303	1.0
996	1304	1.0
996	1305	1.0
996	1306	1.0
996	1307	1.0
996	1308	1.0
996	1309	1.0
996	1310	1.0
996	1311	1.0
996	1312	1.0
996	1313	1.0
996	1314	1.0
996	1315	1.0
996	1316	1.0
996	1317	1.0
996	1318	1.0
996	1319	1.0
996	1320	1.0
996	1321	1.0
996	1322	1.0
996	1323	1.0
996	1324	1.0
996	1325	1.0
996	1326	1.0
996	1327	1.0
996	1328	1.0
996	1329	1.0
996	1330	1.0
996	1331	1.0
996	1332	1.0
996	1333	1.0
996	1334	1.0
996	1335	1.0
996	1336	1.0
996	1337	1.0
996	1338	1.0
996	1339	1.0
996	1340	1.0
996	1341	1.0
996	1342	1.0
996	1343	1.0
996	1344	1.0
996	1345	1.0
996	1346	1.0
996	1347	1.0
996	1348	1.0
996	1349	1.0
996	1350	1.0
996	1351	1.0
996	1352	1.0
996	1353	1.0
996	1354	1.0
996	1355	1.0
996	1356	1.0
996	1357	1.0
996	1358	1.0
996	1359	1.0
996	1360	1.0
996	1361	1.0
996	1362	1.0
996	1363	1.0
996	1364	1.0
996	1365	1.0
996	1366	1.0
996	1367	1.0
996	1368	1.0
996	1369	1.0
996	1370	1.0
996	1371	1.0
996	1372	1.0
996	1373	1.0
996	1374	1.0
996	1375	1.0
996	1376	1.0
996	1377	1.0
996	1378	1.0
996	1379	1.0
996	1380	1.0
996	1381	1.0
996	1382	1.0
996	1383	1.0
996	1384	1.0
996	1385	1.0
996	1386	1.0
996	1387	1.0
996	1388	1.0
996	1389	1.0
996	1390	1.0
996	1391	1.0
996	1392	1.0
996	1393	1.0
996	1394	1.0
996	1395	1.0
996	1396	1.0
996	1397	1.0
996	1398	1.0
996	1399	1.0
996	1400	1.0
996	1401	1.0
996	1402	1.0
996	1403	1.0
996	1404	1.0
996	1405	1.0
996	1406	1.0
996	1407	1.0
996	1408	1.0
996	1409	1.0
996	1410	1.0
996	1411	1.0
1411	1412	1.0
1411	1413	1.0
1411	1414	1.0
1411	1415	1.0
1411	1416	1.0
1411	1417	1.0
1411	1418	1.0
1411	1419	1.0
1411	1420	1.0
1411	1421	1.0
1411	1422	1.0
1411	1423	1.0
1411	1424	1.0
996	1425	1.0
996	1426	1.0
996	1427	1.0
996	1428	1.0
996	1429	1.0
996	1430	1.0
996	1431	1.0
996	1432	1.0
875	1433	1.0
875	1434	1.0
875	1435	1.0
875	1436	1.0
875	1437	1.0
875	1438	1.0
875	1439	1.0
875	1440	1.0
875	1441	1.0
875	1442	1.0
875	1443	1.0
875	1444	1.0
875	1445	1.0
875	1446	1.0
875	1447	1.0
875	1448	1.0
875	1449	1.0
875	1450	1.0
875	1451	1.0
875	1452	1.0
875	1453	1.0
875	1454	1.0
875	1455	1.0
875	1456	1.0
875	1457	1.0
875	1458	1.0
875	1459	1.0
875	1460	1.0
875	1461	1.0
875	1462	1.0
875	1463	1.0
875	1464	1.0
875	1465	1.0
875	1466	1.0
875	1467	1.0
875	1468	1.0
875	1469	1.0
875	1470	1.0
875	1471	1.0
875	1472	1.0
875	1473	1.0
875	1474	1.0
875	1475	1.0
875	1476	1.0
875	1477	1.0
875	1478	1.0
875	1479	1.0
875	1480	1.0
875	1481	1.0
875	1482	1.0
875	1483	1.0
875	1484	1.0
875	1485	1.0
875	1486	1.0
875	1487	1.0
875	1488	1.0
1488	1489	1.0
1488	1490	1.0
1490	1491	1.0
1490	1492	1.0
1490	1493	1.0
1490	1494	1.0
1490	1495	1.0
1490	1496	1.0
1490	1497	1.0
875	1498	1.0
875	1499	1.0
875	1500	1.0
875	1501	1.0
875	1502	1.0
875	1503	1.0
875	1504	1.0
875	1505	1.0
875	1506	1.0
875	1507	1.0
875	1508	1.0
875	1509	1.0
875	1510	1.0
875	1511	1.0
875	1512	1.0
875	1513	1.0
875	1514	1.0
875	1515	1.0
875	1516	1.0
875	1517	1.0
875	1518	1.0
875	1519	1.0
875	1520	1.0
875	1521	1.0
875	1522	1.0
875	1523	1.0
875	1524	1.0
875	1525	1.0
875	1526	1.0
875	1527	1.0
875	1528	1.0
875	1529	1.0
875	1530	1.0
875	1531	1.0
875	1532	1.0
875	1533	1.0
875	1534	1.0
875	1535	1.0
875	1536	1.0
875	1537	1.0
875	1538	1.0
875	1539	1.0
875	1540	1.0
875	1541	1.0
875	1542	1.0
875	1543	1.0
875	1544	1.0
875	1545	1.0
875	1546	1.0
875	1547	1.0
875	1548	1.0
875	1549	1.0
875	1550	1.0
875	1551	1.0
875	1552	1.0
875	1553	1.0
875	1554	1.0
875	1555	1.0
875	1556	1.0
875	1557	1.0
875	1558	1.0
875	1559	1.0
875	1560	1.0
875	1561	1.0
875	1562	1.0
875	1563	1.0
875	1564	1.0
875	1565	1.0
875	1566	1.0
875	1567	1.0
875	1568	1.0
875	1569	1.0
875	1570	1.0
875	1571	1.0
875	1572	1.0
875	1573	1.0
875	1574	1.0
875	1575	1.0
875	1576	1.0
875	1577	1.0
875	1578	1.0
875	1579	1.0
875	1580	1.0
875	1581	1.0
875	1582	1.0
875	1583	1.0
875	1584	1.0
875	1585	1.0
875	1586	1.0
875	1587	1.0
875	1588	1.0
875	1589	1.0
875	1590	1.0
875	1591	1.0
875	1592	1.0
875	1593	1.0
875	1594	1.0
875	1595	1.0
875	1596	1.0
875	1597	1.0
875	1598	1.0
875	1599	1.0
875	1600	1.0
875	1601	1.0
875	1602	1.0
875	1603	1.0
875	1604	1.0
633	1605	1.0
633	1606	1.0
633	1607	1.0
633	1608	1.0
633	1609	1.0
633	1610	1.0
633	1611	1.0
633	1612	1.0
633	1613	1.0
633	1614	1.0
633	1615	1.0
633	1616	1.0
633	1617	1.0
633	1618	1.0
633	1619	1.0
633	1620	1.0
633	1621	1.0
633	1622	1.0
633	1623	1.0
633	1624	1.0
633	1625	1.0
633	1626	1.0
633	1627	1.0
633	1628	1.0
633	1629	1.0
633	1630	1.0
633	1631	1.0
633	1632	1.0
633	1633	1.0
633	1634	1.0
633	1635	1.0
633	1636	1.0
633	1637	1.0
633	1638	1.0
633	1639	1.0
633	1640	1.0
633	1641	1.0
633	1642	1.0
633	1643	1.0
633	1644	1.0
633	1645	1.0
633	1646	1.0
633	1647	1.0
633	1648	1.0
633	1649	1.0
633	1650	1.0
633	1651	1.0
633	1652	1.0
633	1653	1.0
633	1654	1.0
633	1655	1.0
633	1656	1.0
633	1657	1.0
633	1658	1.0
633	1659	1.0
633	1660	1.0
633	1661	1.0
617	1662	1.0
617	1663	1.0
617	1664	1.0
617	1665	1.0
617	1666	1.0
617	1667	1.0
617	1668	1.0
617	1669	1.0
617	1670	1.0
617	1671	1.0
617	1672	1.0
617	1673	1.0
617	1674	1.0
617	1675	1.0
617	1676	1.0
617	1677	1.0
617	1678	1.0
617	1679	1.0
617	1680	1.0
617	1681	1.0
183	1682	1.0
183	1683	1.0
183	1684	1.0
183	1685	1.0
183	1686	1.0
183	1687	1.0
183	1688	1.0
183	1689	1.0
183	1690	1.0
183	1691	1.0
183	1692	1.0
183	1693	1.0
183	1694	1.0
183	1695	1.0
183	1696	1.0
183	1697	1.0
183	1698	1.0
183	1699	1.0
183	1700	1.0
183	1701	1.0
183	1702	1.0
183	1703	1.0
183	1704	1.0
183	1705	1.0
183	1706	1.0
183	1707	1.0
183	1708	1.0
183	1709	1.0
183	1710	1.0
183	1711	1.0
183	1712	1.0
183	1713	1.0
183	1714	1.0
183	1715	1.0
183	1716	1.0
1716	1717	1.0
1716	1718	1.0
1716	1719	1.0
1716	1720	1.0
1716	1721	1.0
1716	1722	1.0
183	1723	1.0
183	1724	1.0
183	1725	1.0
183	1726	1.0
183	1727	1.0
183	1728	1.0
183	1729	1.0
183	1730	1.0
183	1731	1.0
183	1732	1.0
183	1733	1.0
183	1734	1.0
183	1735	1.0
183	1736	1.0
183	1737	1.0
183	1738	1.0
183	1739	1.0
183	1740	1.0
183	1741	1.0
183	1742	1.0
183	1743	1.0
183	1744	1.0
183	1745	1.0
183	1746	1.0
183	1747	1.0
183	1748	1.0
183	1749	1.0
183	1750	1.0
183	1751	1.0
183	1752	1.0
183	1753	1.0
183	1754	1.0
183	1755	1.0
183	1756	1.0
183	1757	1.0
183	1758	1.0
183	1759	1.0
183	1760	1.0
183	1761	1.0
183	1762	1.0
183	1763	1.0
183	1764	1.0
183	1765	1.0
183	1766	1.0
183	1767	1.0
183	1768	1.0
183	1769	1.0
183	1770	1.0
183	1771	1.0
183	1772	1.0
183	1773	1.0
183	1774	1.0
183	1775	1.0
183	1776	1.0
183	1777	1.0
183	1778	1.0
183	1779	1.0
183	1780	1.0
183	1781	1.0
183	1782	1.0
183	1783	1.0
183	1784	1.0
183	1785	1.0
183	1786	1.0
183	1787	1.0
183	1788	1.0
183	1789	1.0
183	1790	1.0
183	1791	1.0
183	1792	1.0
183	1793	1.0
183	1794	1.0
183	1795	1.0
183	1796	1.0
183	1797	1.0
183	1798	1.0
183	1799	1.0
183	1800	1.0
183	1801	1.0
183	1802	1.0
183	1803	1.0
183	1804	1.0
183	1805	1.0
183	1806	1.0
183	1807	1.0
183	1808	1.0
183	1809	1.0
183	1810	1.0
183	1811	1.0
183	1812	1.0
183	1813	1.0
183	1814	1.0
183	1815	1.0
183	1816	1.0
183	1817	1.0
183	1818	1.0
183	1819	1.0
183	1820	1.0
183	1821	1.0
183	1822	1.0
183	1823	1.0
183	1824	1.0
183	1825	1.0
183	1826	1.0
183	1827	1.0
183	1828	1.0
183	1829	1.0
183	1830	1.0
183	1831	1.0
183	1832	1.0
183	1833	1.0
183	1834	1.0
183	1835	1.0
183	1836	1.0
183	1837	1.0
183	1838	1.0
183	1839	1.0
183	1840	1.0
183	1841	1.0
183	1842	1.0
183	1843	1.0
183	1844	1.0
183	1845	1.0
183	1846	1.0
183	1847	1.0
183	1848	1.0
183	1849	1.0
183	1850	1.0
183	1851	1.0
183	1852	1.0
183	1853	1.0
183	1854	1.0
183	1855	1.0
183	1856	1.0
1856	1857	1.0
1856	1858	1.0
1856	1859	1.0
1856	1860	1.0
1856	1861	1.0
183	1862	1.0
183	1863	1.0
106	1864	1.0
106	1865	1.0
106	1866	1.0
106	1867	1.0
106	1868	1.0
106	1869	1.0
106	1870	1.0
106	1871	1.0
106	1872	1.0
106	1873	1.0
106	1874	1.0
106	1875	1.0
106	1876	1.0
106	1877	1.0
106	1878	1.0
106	1879	1.0
106	1880	1.0
106	1881	1.0
106	1882	1.0
106	1883	1.0
106	1884	1.0
106	1885	1.0
106	1886	1.0
106	1887	1.0
106	1888	1.0
106	1889	1.0
106	1890	1.0
1890	1891	1.0
1890	1892	1.0
1890	1893	1.0
1890	1894	1.0
1890	1895	1.0
1890	1896	1.0
1890	1897	1.0
1890	1898	1.0
1890	1899	1.0
1890	1900	1.0
1890	1901	1.0
1890	1902	1.0
1890	1903	1.0
106	1904	1.0
106	1905	1.0
106	1906	1.0
106	1907	1.0
106	1908	1.0
106	1909	1.0
106	1910	1.0
106	1911	1.0
106	1912	1.0
106	1913	1.0
106	1914	1.0
106	1915	1.0
106	1916	1.0
106	1917	1.0
106	1918	1.0
106	1919	1.0
106	1920	1.0
106	1921	1.0
106	1922	1.0
106	1923	1.0
106	1924	1.0
106	1925	1.0
106	1926	1.0
106	1927	1.0
106	1928	1.0
106	1929	1.0
106	1930	1.0
106	1931	1.0
106	1932	1.0
106	1933	1.0
106	1934	1.0
106	1935	1.0
106	1936	1.0
106	1937	1.0
106	1938	1.0
106	1939	1.0
106	1940	1.0
106	1941	1.0
106	1942	1.0
106	1943	1.0
106	1944	1.0
106	1945	1.0
106	1946	1.0
106	1947	1.0
106	1948	1.0
106	1949	1.0
106	1950	1.0
106	1951	1.0
106	1952	1.0
106	1953	1.0
106	1954	1.0
106	1955	1.0
106	1956	1.0
106	1957	1.0
106	1958	1.0
106	1959	1.0
106	1960	1.0
106	1961	1.0
106	1962	1.0
106	1963	1.0
106	1964	1.0
106	1965	1.0
106	1966	1.0
106	1967	1.0
106	1968	1.0
106	1969	1.0
106	1970	1.0
106	1971	1.0
106	1972	1.0
106	1973	1.0
106	1974	1.0
106	1975	1.0
106	1976	1.0
106	1977	1.0
106	1978	1.0
106	1979	1.0
106	1980	1.0
106	1981	1.0
1981	1982	1.0
1982	1983	1.0
1982	1984	1.0
1982	1985	1.0
1982	1986	1.0
1982	1987	1.0
1982	1988	1.0
1981	1989	1.0
106	1990	1.0
106	1991	1.0
106	1992	1.0
106	1993	1.0
106	1994	1.0
13	1995	1.0
13	1996	1.0
13	1997	1.0
13	1998	1.0
13	1999	1.0
13	2000	1.0
13	2001	1.0
13	2002	1.0
13	2003	1.0
13	2004	1.0
13	2005	1.0
13	2006	1.0
13	2007	1.0
13	2008	1.0
13	2009	1.0
2009	2010	1.0
2009	2011	1.0
2009	2012	1.0
2009	2013	1.0
2009	2014	1.0
2009	2015	1.0
13	2016	1.0
10	2017	1.0
10	2018	1.0
6	2019	1.0
6	2020	1.0
6	2021	1.0
6	2022	1.0
6	2023	1.0
6	2024	1.0
6	2025	1.0
6	2026	1.0
6	2027	1.0
6	2028	1.0
6	2029	1.0
6	2030	1.0
6	2031	1.0
6	2032	1.0
6	2033	1.0
6	2034	1.0
6	2035	1.0
