0	1	1.0
1	2	1.0
2	3	1.0
2	4	1.0
2	5	1.0
2	6	1.0
2	7	1.0
2	8	1.0
2	9	1.0
2	10	1.0
10	11	1.0
10	12	1.0
10	13	1.0
10	14	1.0
14	15	1.0
14	16	1.0
14	17	1.0
14	18	1.0
18	19	1.0
18	20	1.0
18	21	1.0
18	22	1.0
18	23	1.0
18	24	1.0
18	25	1.0
18	26	1.0
18	27	1.0
18	28	1.0
18	29	1.0
18	30	1.0
18	31	1.0
18	32	1.0
18	33	1.0
18	34	1.0
18	35	1.0
18	36	1.0
18	37	1.0
18	38	1.0
18	39	1.0
18	40	1.0
18	41	1.0
18	42	1.0
18	43	1.0
18	44	1.0
18	45	1.0
18	46	1.0
18	47	1.0
18	48	1.0
18	49	1.0
18	50	1.0
18	51	1.0
18	52	1.0
18	53	1.0
18	54	1.0
18	55	1.0
18	56	1.0
18	57	1.0
18	58	1.0
18	59	1.0
18	60	1.0
18	61	1.0
18	62	1.0
18	63	1.0
18	64	1.0
18	65	1.0
18	66	1.0
18	67	1.0
18	68	1.0
18	69	1.0
18	70	1.0
18	71	1.0
18	72	1.0
18	73	1.0
18	74	1.0
18	75	1.0
18	76	1.0
18	77	1.0
18	78	1.0
18	79	1.0
18	80	1.0
18	81	1.0
18	82	1.0
18	83	1.0
18	84	1.0
18	85	1.0
18	86	1.0
18	87	1.0
18	88	1.0
18	89	1.0
18	90	1.0
18	91	1.0
18	92	1.0
18	93	1.0
18	94	1.0
18	95	1.0
18	96	1.0
18	97	1.0
18	98	1.0
18	99	1.0
18	100	1.0
18	101	1.0
18	102	1.0
18	103	1.0
18	104	1.0
18	105	1.0
18	106	1.0
18	107	1.0
18	108	1.0
18	109	1.0
18	110	1.0
18	111	1.0
18	112	1.0
18	113	1.0
18	114	1.0
18	115	1.0
18	116	1.0
18	117	1.0
18	118	1.0
18	119	1.0
18	120	1.0
18	121	1.0
18	122	1.0
18	123	1.0
18	124	1.0
18	125	1.0
18	126	1.0
18	127	1.0
18	128	1.0
18	129	1.0
18	130	1.0
18	131	1.0
18	132	1.0
18	133	1.0
133	134	1.0
133	135	1.0
133	136	1.0
133	137	1.0
133	138	1.0
133	139	1.0
18	140	1.0
18	141	1.0
18	142	1.0
18	143	1.0
18	144	1.0
18	145	1.0
18	146	1.0
18	147	1.0
18	148	1.0
18	149	1.0
18	150	1.0
18	151	1.0
18	152	1.0
18	153	1.0
18	154	1.0
18	155	1.0
18	156	1.0
18	157	1.0
18	158	1.0
18	159	1.0
18	160	1.0
18	161	1.0
18	162	1.0
18	163	1.0
18	164	1.0
18	165	1.0
18	166	1.0
18	167	1.0
18	168	1.0
18	169	1.0
18	170	1.0
18	171	1.0
18	172	1.0
18	173	1.0
18	174	1.0
18	175	1.0
18	176	1.0
18	177	1.0
18	178	1.0
18	179	1.0
18	180	1.0
18	181	1.0
18	182	1.0
18	183	1.0
18	184	1.0
18	185	1.0
18	186	1.0
18	187	1.0
18	188	1.0
18	189	1.0
18	190	1.0
18	191	1.0
18	192	1.0
192	193	1.0
192	194	1.0
192	195	1.0
192	196	1.0
192	197	1.0
192	198	1.0
192	199	1.0
18	200	1.0
18	201	1.0
18	202	1.0
18	203	1.0
18	204	1.0
18	205	1.0
18	206	1.0
18	207	1.0
18	208	1.0
18	209	1.0
18	210	1.0
18	211	1.0
18	212	1.0
18	213	1.0
18	214	1.0
18	215	1.0
18	216	1.0
18	217	1.0
18	218	1.0
18	219	1.0
18	220	1.0
18	221	1.0
18	222	1.0
18	223	1.0
18	224	1.0
18	225	1.0
18	226	1.0
18	227	1.0
18	228	1.0
18	229	1.0
18	230	1.0
18	231	1.0
18	232	1.0
18	233	1.0
18	234	1.0
18	235	1.0
18	236	1.0
18	237	1.0
18	238	1.0
18	239	1.0
18	240	1.0
18	241	1.0
18	242	1.0
18	243	1.0
18	244	1.0
18	245	1.0
18	246	1.0
18	247	1.0
18	248	1.0
18	249	1.0
18	250	1.0
18	251	1.0
18	252	1.0
18	253	1.0
18	254	1.0
18	255	1.0
18	256	1.0
18	257	1.0
18	258	1.0
18	259	1.0
18	260	1.0
18	261	1.0
18	262	1.0
18	263	1.0
18	264	1.0
18	265	1.0
18	266	1.0
18	267	1.0
18	268	1.0
18	269	1.0
18	270	1.0
18	271	1.0
18	272	1.0
18	273	1.0
18	274	1.0
18	275	1.0
18	276	1.0
18	277	1.0
18	278	1.0
18	279	1.0
18	280	1.0
18	281	1.0
18	282	1.0
18	283	1.0
18	284	1.0
18	285	1.0
18	286	1.0
18	287	1.0
18	288	1.0
18	289	1.0
18	290	1.0
18	291	1.0
18	292	1.0
18	293	1.0
18	294	1.0
18	295	1.0
18	296	1.0
18	297	1.0
18	298	1.0
18	299	1.0
18	300	1.0
18	301	1.0
18	302	1.0
18	303	1.0
18	304	1.0
18	305	1.0
305	306	1.0
305	307	1.0
305	308	1.0
305	309	1.0
18	310	1.0
18	311	1.0
18	312	1.0
18	313	1.0
18	314	1.0
18	315	1.0
18	316	1.0
18	317	1.0
18	318	1.0
18	319	1.0
18	320	1.0
18	321	1.0
18	322	1.0
18	323	1.0
18	324	1.0
18	325	1.0
18	326	1.0
18	327	1.0
18	328	1.0
18	329	1.0
18	330	1.0
18	331	1.0
18	332	1.0
18	333	1.0
18	334	1.0
18	335	1.0
18	336	1.0
18	337	1.0
18	338	1.0
18	339	1.0
18	340	1.0
18	341	1.0
18	342	1.0
18	343	1.0
18	344	1.0
18	345	1.0
18	346	1.0
18	347	1.0
18	348	1.0
18	349	1.0
18	350	1.0
18	351	1.0
18	352	1.0
18	353	1.0
18	354	1.0
18	355	1.0
18	356	1.0
18	357	1.0
18	358	1.0
18	359	1.0
18	360	1.0
18	361	1.0
18	362	1.0
18	363	1.0
18	364	1.0
18	365	1.0
18	366	1.0
18	367	1.0
18	368	1.0
18	369	1.0
18	370	1.0
18	371	1.0
18	372	1.0
18	373	1.0
18	374	1.0
18	375	1.0
18	376	1.0
18	377	1.0
18	378	1.0
18	379	1.0
18	380	1.0
18	381	1.0
18	382	1.0
18	383	1.0
18	384	1.0
18	385	1.0
18	386	1.0
18	387	1.0
18	388	1.0
18	389	1.0
18	390	1.0
18	391	1.0
18	392	1.0
18	393	1.0
18	394	1.0
18	395	1.0
18	396	1.0
18	397	1.0
18	398	1.0
18	399	1.0
18	400	1.0
18	401	1.0
18	402	1.0
18	403	1.0
18	404	1.0
18	405	1.0
18	406	1.0
18	407	1.0
18	408	1.0
408	409	1.0
408	410	1.0
408	411	1.0
408	412	1.0
18	413	1.0
18	414	1.0
18	415	1.0
18	416	1.0
18	417	1.0
18	418	1.0
18	419	1.0
18	420	1.0
18	421	1.0
18	422	1.0
18	423	1.0
18	424	1.0
18	425	1.0
18	426	1.0
18	427	1.0
18	428	1.0
18	429	1.0
18	430	1.0
18	431	1.0
18	432	1.0
18	433	1.0
18	434	1.0
18	435	1.0
18	436	1.0
18	437	1.0
18	438	1.0
18	439	1.0
18	440	1.0
18	441	1.0
18	442	1.0
18	443	1.0
18	444	1.0
18	445	1.0
18	446	1.0
18	447	1.0
18	448	1.0
18	449	1.0
18	450	1.0
18	451	1.0
18	452	1.0
18	453	1.0
18	454	1.0
18	455	1.0
18	456	1.0
18	457	1.0
18	458	1.0
18	459	1.0
18	460	1.0
18	461	1.0
18	462	1.0
18	463	1.0
18	464	1.0
18	465	1.0
18	466	1.0
18	467	1.0
18	468	1.0
18	469	1.0
18	470	1.0
18	471	1.0
18	472	1.0
18	473	1.0
18	474	1.0
18	475	1.0
18	476	1.0
18	477	1.0
18	478	1.0
18	479	1.0
18	480	1.0
18	481	1.0
18	482	1.0
18	483	1.0
18	484	1.0
18	485	1.0
18	486	1.0
18	487	1.0
18	488	1.0
18	489	1.0
18	490	1.0
18	491	1.0
18	492	1.0
18	493	1.0
18	494	1.0
18	495	1.0
18	496	1.0
496	497	1.0
496	498	1.0
496	499	1.0
496	500	1.0
496	501	1.0
496	502	1.0
18	503	1.0
18	504	1.0
18	505	1.0
18	506	1.0
18	507	1.0
18	508	1.0
18	509	1.0
18	510	1.0
18	511	1.0
18	512	1.0
18	513	1.0
18	514	1.0
18	515	1.0
18	516	1.0
18	517	1.0
18	518	1.0
18	519	1.0
18	520	1.0
18	521	1.0
18	522	1.0
18	523	1.0
18	524	1.0
18	525	1.0
18	526	1.0
18	527	1.0
18	528	1.0
18	529	1.0
18	530	1.0
18	531	1.0
18	532	1.0
18	533	1.0
533	534	1.0
533	535	1.0
533	536	1.0
533	537	1.0
533	538	1.0
533	539	1.0
533	540	1.0
540	541	1.0
540	542	1.0
540	543	1.0
540	544	1.0
540	545	1.0
540	546	1.0
540	547	1.0
533	548	1.0
533	549	1.0
533	550	1.0
533	551	1.0
18	552	1.0
18	553	1.0
18	554	1.0
18	555	1.0
18	556	1.0
18	557	1.0
18	558	1.0
18	559	1.0
18	560	1.0
18	561	1.0
18	562	1.0
18	563	1.0
18	564	1.0
18	565	1.0
18	566	1.0
18	567	1.0
18	568	1.0
18	569	1.0
18	570	1.0
18	571	1.0
18	572	1.0
18	573	1.0
18	574	1.0
18	575	1.0
18	576	1.0
18	577	1.0
18	578	1.0
18	579	1.0
18	580	1.0
18	581	1.0
18	582	1.0
18	583	1.0
18	584	1.0
18	585	1.0
18	586	1.0
18	587	1.0
18	588	1.0
18	589	1.0
18	590	1.0
18	591	1.0
18	592	1.0
18	593	1.0
18	594	1.0
18	595	1.0
18	596	1.0
18	597	1.0
18	598	1.0
598	599	1.0
598	600	1.0
598	601	1.0
598	602	1.0
18	603	1.0
18	604	1.0
18	605	1.0
18	606	1.0
18	607	1.0
18	608	1.0
18	609	1.0
18	610	1.0
18	611	1.0
18	612	1.0
18	613	1.0
18	614	1.0
18	615	1.0
18	616	1.0
18	617	1.0
18	618	1.0
18	619	1.0
18	620	1.0
18	621	1.0
18	622	1.0
18	623	1.0
18	624	1.0
18	625	1.0
18	626	1.0
18	627	1.0
18	628	1.0
18	629	1.0
18	630	1.0
18	631	1.0
18	632	1.0
18	633	1.0
18	634	1.0
18	635	1.0
18	636	1.0
18	637	1.0
18	638	1.0
18	639	1.0
18	640	1.0
18	641	1.0
18	642	1.0
18	643	1.0
18	644	1.0
18	645	1.0
18	646	1.0
18	647	1.0
18	648	1.0
18	649	1.0
18	650	1.0
18	651	1.0
18	652	1.0
18	653	1.0
18	654	1.0
18	655	1.0
18	656	1.0
18	657	1.0
18	658	1.0
18	659	1.0
18	660	1.0
18	661	1.0
18	662	1.0
18	663	1.0
18	664	1.0
18	665	1.0
18	666	1.0
18	667	1.0
18	668	1.0
18	669	1.0
18	670	1.0
18	671	1.0
18	672	1.0
18	673	1.0
18	674	1.0
18	675	1.0
18	676	1.0
18	677	1.0
18	678	1.0
18	679	1.0
18	680	1.0
18	681	1.0
18	682	1.0
18	683	1.0
18	684	1.0
18	685	1.0
18	686	1.0
18	687	1.0
18	688	1.0
18	689	1.0
18	690	1.0
18	691	1.0
18	692	1.0
18	693	1.0
18	694	1.0
18	695	1.0
18	696	1.0
18	697	1.0
18	698	1.0
18	699	1.0
18	700	1.0
18	701	1.0
18	702	1.0
18	703	1.0
18	704	1.0
18	705	1.0
18	706	1.0
18	707	1.0
18	708	1.0
18	709	1.0
18	710	1.0
18	711	1.0
18	712	1.0
18	713	1.0
18	714	1.0
18	715	1.0
18	716	1.0
18	717	1.0
18	718	1.0
18	719	1.0
18	720	1.0
18	721	1.0
18	722	1.0
18	723	1.0
18	724	1.0
724	725	1.0
724	726	1.0
724	727	1.0
724	728	1.0
18	729	1.0
18	730	1.0
18	731	1.0
18	732	1.0
18	733	1.0
18	734	1.0
18	735	1.0
18	736	1.0
736	737	1.0
736	738	1.0
736	739	1.0
736	740	1.0
736	741	1.0
736	742	1.0
736	743	1.0
18	744	1.0
18	745	1.0
18	746	1.0
18	747	1.0
18	748	1.0
18	749	1.0
18	750	1.0
18	751	1.0
18	752	1.0
18	753	1.0
18	754	1.0
18	755	1.0
18	756	1.0
18	757	1.0
18	758	1.0
18	759	1.0
18	760	1.0
18	761	1.0
18	762	1.0
18	763	1.0
18	764	1.0
18	765	1.0
18	766	1.0
18	767	1.0
18	768	1.0
18	769	1.0
18	770	1.0
18	771	1.0
18	772	1.0
18	773	1.0
18	774	1.0
18	775	1.0
18	776	1.0
18	777	1.0
18	778	1.0
18	779	1.0
18	780	1.0
18	781	1.0
18	782	1.0
18	783	1.0
18	784	1.0
18	785	1.0
18	786	1.0
18	787	1.0
18	788	1.0
18	789	1.0
18	790	1.0
18	791	1.0
18	792	1.0
18	793	1.0
18	794	1.0
18	795	1.0
18	796	1.0
18	797	1.0
18	798	1.0
18	799	1.0
18	800	1.0
18	801	1.0
18	802	1.0
18	803	1.0
18	804	1.0
18	805	1.0
18	806	1.0
18	807	1.0
18	808	1.0
18	809	1.0
18	810	1.0
18	811	1.0
18	812	1.0
18	813	1.0
18	814	1.0
18	815	1.0
18	816	1.0
18	817	1.0
18	818	1.0
18	819	1.0
18	820	1.0
18	821	1.0
18	822	1.0
18	823	1.0
18	824	1.0
18	825	1.0
18	826	1.0
18	827	1.0
18	828	1.0
18	829	1.0
18	830	1.0
18	831	1.0
18	832	1.0
18	833	1.0
18	834	1.0
18	835	1.0
18	836	1.0
18	837	1.0
18	838	1.0
18	839	1.0
18	840	1.0
18	841	1.0
18	842	1.0
18	843	1.0
18	844	1.0
18	845	1.0
18	846	1.0
18	847	1.0
18	848	1.0
18	849	1.0
18	850	1.0
18	851	1.0
18	852	1.0
18	853	1.0
18	854	1.0
18	855	1.0
18	856	1.0
18	857	1.0
18	858	1.0
18	859	1.0
18	860	1.0
18	861	1.0
18	862	1.0
18	863	1.0
18	864	1.0
18	865	1.0
18	866	1.0
18	867	1.0
18	868	1.0
18	869	1.0
18	870	1.0
18	871	1.0
18	872	1.0
18	873	1.0
18	874	1.0
18	875	1.0
18	876	1.0
18	877	1.0
18	878	1.0
18	879	1.0
18	880	1.0
18	881	1.0
18	882	1.0
18	883	1.0
18	884	1.0
18	885	1.0
18	886	1.0
18	887	1.0
18	888	1.0
18	889	1.0
18	890	1.0
18	891	1.0
18	892	1.0
18	893	1.0
18	894	1.0
18	895	1.0
18	896	1.0
18	897	1.0
18	898	1.0
18	899	1.0
18	900	1.0
18	901	1.0
18	902	1.0
18	903	1.0
18	904	1.0
18	905	1.0
18	906	1.0
18	907	1.0
18	908	1.0
18	909	1.0
18	910	1.0
18	911	1.0
18	912	1.0
18	913	1.0
18	914	1.0
18	915	1.0
18	916	1.0
18	917	1.0
18	918	1.0
18	919	1.0
18	920	1.0
18	921	1.0
18	922	1.0
18	923	1.0
18	924	1.0
18	925	1.0
18	926	1.0
18	927	1.0
18	928	1.0
18	929	1.0
18	930	1.0
18	931	1.0
18	932	1.0
18	933	1.0
18	934	1.0
18	935	1.0
18	936	1.0
18	937	1.0
18	938	1.0
18	939	1.0
18	940	1.0
18	941	1.0
18	942	1.0
18	943	1.0
18	944	1.0
18	945	1.0
18	946	1.0
18	947	1.0
18	948	1.0
18	949	1.0
18	950	1.0
18	951	1.0
18	952	1.0
18	953	1.0
18	954	1.0
18	955	1.0
18	956	1.0
18	957	1.0
18	958	1.0
18	959	1.0
18	960	1.0
18	961	1.0
18	962	1.0
18	963	1.0
18	964	1.0
18	965	1.0
18	966	1.0
18	967	1.0
18	968	1.0
18	969	1.0
18	970	1.0
18	971	1.0
18	972	1.0
18	973	1.0
18	974	1.0
18	975	1.0
18	976	1.0
18	977	1.0
18	978	1.0
18	979	1.0
18	980	1.0
18	981	1.0
18	982	1.0
18	983	1.0
983	984	1.0
983	985	1.0
983	986	1.0
983	987	1.0
983	988	1.0
983	989	1.0
18	990	1.0
18	991	1.0
18	992	1.0
18	993	1.0
18	994	1.0
18	995	1.0
18	996	1.0
18	997	1.0
18	998	1.0
18	999	1.0
18	1000	1.0
18	1001	1.0
18	1002	1.0
18	1003	1.0
18	1004	1.0
18	1005	1.0
18	1006	1.0
18	1007	1.0
18	1008	1.0
18	1009	1.0
18	1010	1.0
18	1011	1.0
18	1012	1.0
18	1013	1.0
18	1014	1.0
18	1015	1.0
18	1016	1.0
18	1017	1.0
18	1018	1.0
18	1019	1.0
18	1020	1.0
18	1021	1.0
18	1022	1.0
18	1023	1.0
18	1024	1.0
18	1025	1.0
18	1026	1.0
18	1027	1.0
18	1028	1.0
18	1029	1.0
18	1030	1.0
18	1031	1.0
18	1032	1.0
18	1033	1.0
18	1034	1.0
18	1035	1.0
18	1036	1.0
18	1037	1.0
18	1038	1.0
18	1039	1.0
18	1040	1.0
18	1041	1.0
18	1042	1.0
18	1043	1.0
18	1044	1.0
18	1045	1.0
18	1046	1.0
18	1047	1.0
18	1048	1.0
18	1049	1.0
18	1050	1.0
18	1051	1.0
18	1052	1.0
18	1053	1.0
18	1054	1.0
18	1055	1.0
18	1056	1.0
18	1057	1.0
18	1058	1.0
18	1059	1.0
18	1060	1.0
18	1061	1.0
18	1062	1.0
18	1063	1.0
18	1064	1.0
18	1065	1.0
18	1066	1.0
18	1067	1.0
18	1068	1.0
18	1069	1.0
18	1070	1.0
18	1071	1.0
18	1072	1.0
18	1073	1.0
18	1074	1.0
18	1075	1.0
18	1076	1.0
18	1077	1.0
18	1078	1.0
18	1079	1.0
18	1080	1.0
18	1081	1.0
18	1082	1.0
18	1083	1.0
18	1084	1.0
18	1085	1.0
18	1086	1.0
18	1087	1.0
18	1088	1.0
18	1089	1.0
18	1090	1.0
18	1091	1.0
18	1092	1.0
18	1093	1.0
18	1094	1.0
18	1095	1.0
18	1096	1.0
18	1097	1.0
18	1098	1.0
18	1099	1.0
18	1100	1.0
18	1101	1.0
18	1102	1.0
18	1103	1.0
18	1104	1.0
18	1105	1.0
18	1106	1.0
18	1107	1.0
18	1108	1.0
18	1109	1.0
18	1110	1.0
18	1111	1.0
18	1112	1.0
18	1113	1.0
18	1114	1.0
18	1115	1.0
18	1116	1.0
18	1117	1.0
18	1118	1.0
18	1119	1.0
18	1120	1.0
18	1121	1.0
18	1122	1.0
18	1123	1.0
18	1124	1.0
18	1125	1.0
18	1126	1.0
18	1127	1.0
18	1128	1.0
18	1129	1.0
18	1130	1.0
18	1131	1.0
18	1132	1.0
18	1133	1.0
18	1134	1.0
18	1135	1.0
18	1136	1.0
18	1137	1.0
18	1138	1.0
18	1139	1.0
18	1140	1.0
18	1141	1.0
18	1142	1.0
18	1143	1.0
18	1144	1.0
18	1145	1.0
18	1146	1.0
18	1147	1.0
1147	1148	1.0
1147	1149	1.0
1147	1150	1.0
1147	1151	1.0
1147	1152	1.0
1147	1153	1.0
18	1154	1.0
18	1155	1.0
18	1156	1.0
18	1157	1.0
18	1158	1.0
18	1159	1.0
18	1160	1.0
18	1161	1.0
18	1162	1.0
18	1163	1.0
18	1164	1.0
18	1165	1.0
18	1166	1.0
18	1167	1.0
18	1168	1.0
18	1169	1.0
18	1170	1.0
18	1171	1.0
18	1172	1.0
18	1173	1.0
18	1174	1.0
18	1175	1.0
18	1176	1.0
18	1177	1.0
18	1178	1.0
18	1179	1.0
18	1180	1.0
18	1181	1.0
18	1182	1.0
18	1183	1.0
18	1184	1.0
18	1185	1.0
18	1186	1.0
18	1187	1.0
18	1188	1.0
18	1189	1.0
18	1190	1.0
18	1191	1.0
18	1192	1.0
18	1193	1.0
18	1194	1.0
18	1195	1.0
18	1196	1.0
18	1197	1.0
18	1198	1.0
18	1199	1.0
18	1200	1.0
18	1201	1.0
18	1202	1.0
18	1203	1.0
18	1204	1.0
18	1205	1.0
18	1206	1.0
18	1207	1.0
18	1208	1.0
18	1209	1.0
18	1210	1.0
18	1211	1.0
18	1212	1.0
18	1213	1.0
18	1214	1.0
18	1215	1.0
18	1216	1.0
18	1217	1.0
18	1218	1.0
18	1219	1.0
18	1220	1.0
18	1221	1.0
18	1222	1.0
18	1223	1.0
18	1224	1.0
18	1225	1.0
18	1226	1.0
18	1227	1.0
18	1228	1.0
1228	1229	1.0
1228	1230	1.0
1228	1231	1.0
1228	1232	1.0
1228	1233	1.0
1228	1234	1.0
1228	1235	1.0
1228	1236	1.0
1228	1237	1.0
1228	1238	1.0
18	1239	1.0
18	1240	1.0
18	1241	1.0
18	1242	1.0
18	1243	1.0
18	1244	1.0
18	1245	1.0
18	1246	1.0
1246	1247	1.0
1246	1248	1.0
1246	1249	1.0
1246	1250	1.0
18	1251	1.0
18	1252	1.0
18	1253	1.0
18	1254	1.0
18	1255	1.0
1255	1256	1.0
1255	1257	1.0
1255	1258	1.0
1255	1259	1.0
1255	1260	1.0
1255	1261	1.0
18	1262	1.0
18	1263	1.0
1263	1264	1.0
1263	1265	1.0
1263	1266	1.0
1263	1267	1.0
1263	1268	1.0
1263	1269	1.0
1263	1270	1.0
18	1271	1.0
18	1272	1.0
18	1273	1.0
18	1274	1.0
18	1275	1.0
18	1276	1.0
18	1277	1.0
18	1278	1.0
18	1279	1.0
18	1280	1.0
18	1281	1.0
18	1282	1.0
18	1283	1.0
18	1284	1.0
18	1285	1.0
18	1286	1.0
18	1287	1.0
18	1288	1.0
18	1289	1.0
18	1290	1.0
18	1291	1.0
18	1292	1.0
18	1293	1.0
18	1294	1.0
18	1295	1.0
18	1296	1.0
18	1297	1.0
18	1298	1.0
18	1299	1.0
18	1300	1.0
18	1301	1.0
18	1302	1.0
18	1303	1.0
18	1304	1.0
18	1305	1.0
18	1306	1.0
18	1307	1.0
18	1308	1.0
18	1309	1.0
18	1310	1.0
18	1311	1.0
18	1312	1.0
18	1313	1.0
18	1314	1.0
18	1315	1.0
18	1316	1.0
18	1317	1.0
18	1318	1.0
18	1319	1.0
18	1320	1.0
18	1321	1.0
18	1322	1.0
18	1323	1.0
18	1324	1.0
18	1325	1.0
18	1326	1.0
18	1327	1.0
18	1328	1.0
18	1329	1.0
18	1330	1.0
1330	1331	1.0
1330	1332	1.0
1330	1333	1.0
1330	1334	1.0
18	1335	1.0
18	1336	1.0
18	1337	1.0
1337	1338	1.0
1337	1339	1.0
1337	1340	1.0
1337	1341	1.0
1337	1342	1.0
1337	1343	1.0
1337	1344	1.0
1337	1345	1.0
18	1346	1.0
18	1347	1.0
18	1348	1.0
18	1349	1.0
18	1350	1.0
18	1351	1.0
18	1352	1.0
18	1353	1.0
18	1354	1.0
18	1355	1.0
18	1356	1.0
18	1357	1.0
18	1358	1.0
18	1359	1.0
18	1360	1.0
18	1361	1.0
18	1362	1.0
18	1363	1.0
18	1364	1.0
18	1365	1.0
18	1366	1.0
18	1367	1.0
18	1368	1.0
18	1369	1.0
18	1370	1.0
18	1371	1.0
18	1372	1.0
18	1373	1.0
18	1374	1.0
18	1375	1.0
18	1376	1.0
18	1377	1.0
18	1378	1.0
18	1379	1.0
18	1380	1.0
18	1381	1.0
18	1382	1.0
18	1383	1.0
18	1384	1.0
18	1385	1.0
18	1386	1.0
18	1387	1.0
18	1388	1.0
18	1389	1.0
18	1390	1.0
18	1391	1.0
1391	1392	1.0
1391	1393	1.0
1391	1394	1.0
1391	1395	1.0
1391	1396	1.0
1391	1397	1.0
18	1398	1.0
18	1399	1.0
18	1400	1.0
18	1401	1.0
18	1402	1.0
18	1403	1.0
18	1404	1.0
18	1405	1.0
18	1406	1.0
18	1407	1.0
18	1408	1.0
18	1409	1.0
18	1410	1.0
18	1411	1.0
18	1412	1.0
18	1413	1.0
18	1414	1.0
18	1415	1.0
18	1416	1.0
18	1417	1.0
18	1418	1.0
18	1419	1.0
18	1420	1.0
18	1421	1.0
18	1422	1.0
18	1423	1.0
18	1424	1.0
18	1425	1.0
18	1426	1.0
18	1427	1.0
18	1428	1.0
18	1429	1.0
18	1430	1.0
18	1431	1.0
18	1432	1.0
18	1433	1.0
18	1434	1.0
18	1435	1.0
18	1436	1.0
18	1437	1.0
18	1438	1.0
18	1439	1.0
18	1440	1.0
18	1441	1.0
18	1442	1.0
18	1443	1.0
18	1444	1.0
18	1445	1.0
18	1446	1.0
18	1447	1.0
18	1448	1.0
18	1449	1.0
18	1450	1.0
18	1451	1.0
18	1452	1.0
18	1453	1.0
18	1454	1.0
18	1455	1.0
18	1456	1.0
18	1457	1.0
18	1458	1.0
18	1459	1.0
18	1460	1.0
18	1461	1.0
18	1462	1.0
18	1463	1.0
18	1464	1.0
18	1465	1.0
18	1466	1.0
18	1467	1.0
1467	1468	1.0
1467	1469	1.0
1467	1470	1.0
1467	1471	1.0
1471	1472	1.0
1471	1473	1.0
1471	1474	1.0
1471	1475	1.0
1471	1476	1.0
1471	1477	1.0
1467	1478	1.0
1467	1479	1.0
18	1480	1.0
18	1481	1.0
18	1482	1.0
18	1483	1.0
18	1484	1.0
18	1485	1.0
18	1486	1.0
18	1487	1.0
18	1488	1.0
18	1489	1.0
18	1490	1.0
18	1491	1.0
18	1492	1.0
18	1493	1.0
18	1494	1.0
18	1495	1.0
18	1496	1.0
18	1497	1.0
18	1498	1.0
18	1499	1.0
18	1500	1.0
18	1501	1.0
18	1502	1.0
18	1503	1.0
18	1504	1.0
1504	1505	1.0
1504	1506	1.0
1504	1507	1.0
1504	1508	1.0
1504	1509	1.0
1504	1510	1.0
1504	1511	1.0
1504	1512	1.0
1504	1513	1.0
1504	1514	1.0
1504	1515	1.0
1504	1516	1.0
18	1517	1.0
18	1518	1.0
18	1519	1.0
18	1520	1.0
18	1521	1.0
18	1522	1.0
18	1523	1.0
18	1524	1.0
18	1525	1.0
18	1526	1.0
18	1527	1.0
18	1528	1.0
18	1529	1.0
18	1530	1.0
18	1531	1.0
18	1532	1.0
18	1533	1.0
18	1534	1.0
18	1535	1.0
18	1536	1.0
18	1537	1.0
18	1538	1.0
18	1539	1.0
18	1540	1.0
18	1541	1.0
18	1542	1.0
18	1543	1.0
18	1544	1.0
18	1545	1.0
18	1546	1.0
18	1547	1.0
18	1548	1.0
18	1549	1.0
18	1550	1.0
18	1551	1.0
18	1552	1.0
18	1553	1.0
18	1554	1.0
18	1555	1.0
18	1556	1.0
18	1557	1.0
18	1558	1.0
18	1559	1.0
18	1560	1.0
18	1561	1.0
18	1562	1.0
18	1563	1.0
18	1564	1.0
18	1565	1.0
18	1566	1.0
18	1567	1.0
18	1568	1.0
18	1569	1.0
18	1570	1.0
18	1571	1.0
18	1572	1.0
18	1573	1.0
18	1574	1.0
1574	1575	1.0
1574	1576	1.0
1574	1577	1.0
1574	1578	1.0
1574	1579	1.0
1574	1580	1.0
1574	1581	1.0
1574	1582	1.0
1574	1583	1.0
1574	1584	1.0
1574	1585	1.0
18	1586	1.0
1586	1587	1.0
1586	1588	1.0
1586	1589	1.0
1586	1590	1.0
1586	1591	1.0
1586	1592	1.0
1586	1593	1.0
1586	1594	1.0
18	1595	1.0
18	1596	1.0
18	1597	1.0
18	1598	1.0
18	1599	1.0
18	1600	1.0
18	1601	1.0
18	1602	1.0
18	1603	1.0
18	1604	1.0
18	1605	1.0
18	1606	1.0
18	1607	1.0
18	1608	1.0
18	1609	1.0
18	1610	1.0
18	1611	1.0
18	1612	1.0
18	1613	1.0
18	1614	1.0
18	1615	1.0
18	1616	1.0
18	1617	1.0
18	1618	1.0
18	1619	1.0
18	1620	1.0
18	1621	1.0
18	1622	1.0
18	1623	1.0
18	1624	1.0
18	1625	1.0
18	1626	1.0
18	1627	1.0
18	1628	1.0
18	1629	1.0
18	1630	1.0
18	1631	1.0
18	1632	1.0
18	1633	1.0
18	1634	1.0
18	1635	1.0
18	1636	1.0
18	1637	1.0
18	1638	1.0
18	1639	1.0
18	1640	1.0
18	1641	1.0
18	1642	1.0
18	1643	1.0
18	1644	1.0
18	1645	1.0
18	1646	1.0
18	1647	1.0
18	1648	1.0
18	1649	1.0
18	1650	1.0
18	1651	1.0
18	1652	1.0
18	1653	1.0
18	1654	1.0
18	1655	1.0
18	1656	1.0
18	1657	1.0
18	1658	1.0
18	1659	1.0
18	1660	1.0
18	1661	1.0
18	1662	1.0
18	1663	1.0
18	1664	1.0
18	1665	1.0
18	1666	1.0
18	1667	1.0
18	1668	1.0
18	1669	1.0
18	1670	1.0
18	1671	1.0
18	1672	1.0
18	1673	1.0
18	1674	1.0
18	1675	1.0
18	1676	1.0
18	1677	1.0
18	1678	1.0
18	1679	1.0
18	1680	1.0
18	1681	1.0
18	1682	1.0
18	1683	1.0
18	1684	1.0
18	1685	1.0
18	1686	1.0
18	1687	1.0
18	1688	1.0
18	1689	1.0
18	1690	1.0
18	1691	1.0
18	1692	1.0
1692	1693	1.0
1692	1694	1.0
1692	1695	1.0
1692	1696	1.0
1692	1697	1.0
1692	1698	1.0
1692	1699	1.0
1692	1700	1.0
1692	1701	1.0
1692	1702	1.0
1692	1703	1.0
18	1704	1.0
18	1705	1.0
18	1706	1.0
18	1707	1.0
18	1708	1.0
18	1709	1.0
18	1710	1.0
18	1711	1.0
18	1712	1.0
18	1713	1.0
18	1714	1.0
18	1715	1.0
18	1716	1.0
18	1717	1.0
18	1718	1.0
18	1719	1.0
18	1720	1.0
18	1721	1.0
18	1722	1.0
18	1723	1.0
18	1724	1.0
18	1725	1.0
18	1726	1.0
18	1727	1.0
18	1728	1.0
18	1729	1.0
18	1730	1.0
18	1731	1.0
18	1732	1.0
18	1733	1.0
18	1734	1.0
18	1735	1.0
18	1736	1.0
18	1737	1.0
18	1738	1.0
18	1739	1.0
18	1740	1.0
18	1741	1.0
18	1742	1.0
18	1743	1.0
18	1744	1.0
18	1745	1.0
18	1746	1.0
18	1747	1.0
18	1748	1.0
18	1749	1.0
18	1750	1.0
18	1751	1.0
18	1752	1.0
18	1753	1.0
18	1754	1.0
18	1755	1.0
18	1756	1.0
18	1757	1.0
18	1758	1.0
18	1759	1.0
18	1760	1.0
18	1761	1.0
18	1762	1.0
18	1763	1.0
18	1764	1.0
18	1765	1.0
18	1766	1.0
18	1767	1.0
18	1768	1.0
18	1769	1.0
18	1770	1.0
18	1771	1.0
18	1772	1.0
18	1773	1.0
18	1774	1.0
18	1775	1.0
18	1776	1.0
18	1777	1.0
18	1778	1.0
18	1779	1.0
18	1780	1.0
18	1781	1.0
18	1782	1.0
18	1783	1.0
18	1784	1.0
18	1785	1.0
18	1786	1.0
18	1787	1.0
18	1788	1.0
18	1789	1.0
18	1790	1.0
18	1791	1.0
18	1792	1.0
18	1793	1.0
18	1794	1.0
18	1795	1.0
18	1796	1.0
18	1797	1.0
18	1798	1.0
18	1799	1.0
18	1800	1.0
18	1801	1.0
18	1802	1.0
18	1803	1.0
18	1804	1.0
18	1805	1.0
18	1806	1.0
18	1807	1.0
18	1808	1.0
18	1809	1.0
18	1810	1.0
18	1811	1.0
18	1812	1.0
18	1813	1.0
18	1814	1.0
18	1815	1.0
18	1816	1.0
18	1817	1.0
18	1818	1.0
18	1819	1.0
18	1820	1.0
18	1821	1.0
18	1822	1.0
18	1823	1.0
18	1824	1.0
18	1825	1.0
18	1826	1.0
18	1827	1.0
18	1828	1.0
18	1829	1.0
18	1830	1.0
18	1831	1.0
18	1832	1.0
18	1833	1.0
18	1834	1.0
18	1835	1.0
18	1836	1.0
18	1837	1.0
18	1838	1.0
18	1839	1.0
18	1840	1.0
18	1841	1.0
18	1842	1.0
18	1843	1.0
18	1844	1.0
18	1845	1.0
18	1846	1.0
18	1847	1.0
18	1848	1.0
18	1849	1.0
18	1850	1.0
18	1851	1.0
18	1852	1.0
18	1853	1.0
18	1854	1.0
18	1855	1.0
18	1856	1.0
18	1857	1.0
18	1858	1.0
18	1859	1.0
18	1860	1.0
18	1861	1.0
18	1862	1.0
18	1863	1.0
18	1864	1.0
18	1865	1.0
18	1866	1.0
18	1867	1.0
18	1868	1.0
18	1869	1.0
18	1870	1.0
18	1871	1.0
18	1872	1.0
18	1873	1.0
18	1874	1.0
18	1875	1.0
18	1876	1.0
18	1877	1.0
18	1878	1.0
18	1879	1.0
18	1880	1.0
18	1881	1.0
18	1882	1.0
18	1883	1.0
18	1884	1.0
18	1885	1.0
18	1886	1.0
18	1887	1.0
18	1888	1.0
18	1889	1.0
18	1890	1.0
18	1891	1.0
18	1892	1.0
18	1893	1.0
18	1894	1.0
18	1895	1.0
18	1896	1.0
18	1897	1.0
18	1898	1.0
18	1899	1.0
18	1900	1.0
18	1901	1.0
18	1902	1.0
18	1903	1.0
18	1904	1.0
18	1905	1.0
18	1906	1.0
18	1907	1.0
18	1908	1.0
18	1909	1.0
18	1910	1.0
18	1911	1.0
18	1912	1.0
18	1913	1.0
18	1914	1.0
18	1915	1.0
18	1916	1.0
18	1917	1.0
18	1918	1.0
18	1919	1.0
18	1920	1.0
18	1921	1.0
18	1922	1.0
18	1923	1.0
18	1924	1.0
18	1925	1.0
1925	1926	1.0
1925	1927	1.0
1925	1928	1.0
1925	1929	1.0
1925	1930	1.0
1925	1931	1.0
1925	1932	1.0
18	1933	1.0
18	1934	1.0
18	1935	1.0
18	1936	1.0
18	1937	1.0
18	1938	1.0
18	1939	1.0
18	1940	1.0
18	1941	1.0
18	1942	1.0
18	1943	1.0
18	1944	1.0
18	1945	1.0
18	1946	1.0
18	1947	1.0
18	1948	1.0
18	1949	1.0
18	1950	1.0
18	1951	1.0
18	1952	1.0
18	1953	1.0
18	1954	1.0
18	1955	1.0
18	1956	1.0
18	1957	1.0
18	1958	1.0
18	1959	1.0
18	1960	1.0
18	1961	1.0
18	1962	1.0
18	1963	1.0
18	1964	1.0
1964	1965	1.0
1964	1966	1.0
1964	1967	1.0
1964	1968	1.0
1964	1969	1.0
1964	1970	1.0
1964	1971	1.0
1964	1972	1.0
1964	1973	1.0
1964	1974	1.0
1964	1975	1.0
1964	1976	1.0
1964	1977	1.0
1964	1978	1.0
1964	1979	1.0
18	1980	1.0
18	1981	1.0
18	1982	1.0
18	1983	1.0
18	1984	1.0
18	1985	1.0
18	1986	1.0
18	1987	1.0
18	1988	1.0
18	1989	1.0
18	1990	1.0
1990	1991	1.0
1990	1992	1.0
1990	1993	1.0
1990	1994	1.0
1990	1995	1.0
1990	1996	1.0
1990	1997	1.0
1990	1998	1.0
1990	1999	1.0
1990	2000	1.0
18	2001	1.0
18	2002	1.0
18	2003	1.0
18	2004	1.0
18	2005	1.0
18	2006	1.0
18	2007	1.0
18	2008	1.0
18	2009	1.0
18	2010	1.0
18	2011	1.0
18	2012	1.0
18	2013	1.0
18	2014	1.0
18	2015	1.0
18	2016	1.0
18	2017	1.0
18	2018	1.0
18	2019	1.0
18	2020	1.0
18	2021	1.0
18	2022	1.0
18	2023	1.0
18	2024	1.0
18	2025	1.0
14	2026	1.0
14	2027	1.0
14	2028	1.0
10	2029	1.0
10	2030	1.0
10	2031	1.0
1	2032	1.0
0	2033	1.0
