0	1	1.0
0	2	1.0
2	3	1.0
3	4	1.0
3	5	1.0
5	6	1.0
6	7	1.0
6	8	1.0
6	9	1.0
9	10	1.0
10	11	1.0
10	12	1.0
10	13	1.0
10	14	1.0
14	15	1.0
14	16	1.0
16	17	1.0
17	18	1.0
17	19	1.0
17	20	1.0
17	21	1.0
17	22	1.0
17	23	1.0
17	24	1.0
17	25	1.0
17	26	1.0
17	27	1.0
17	28	1.0
17	29	1.0
17	30	1.0
17	31	1.0
17	32	1.0
17	33	1.0
17	34	1.0
17	35	1.0
17	36	1.0
17	37	1.0
17	38	1.0
17	39	1.0
17	40	1.0
17	41	1.0
41	42	1.0
41	43	1.0
41	44	1.0
41	45	1.0
41	46	1.0
41	47	1.0
47	48	1.0
47	49	1.0
47	50	1.0
47	51	1.0
47	52	1.0
47	53	1.0
47	54	1.0
47	55	1.0
47	56	1.0
47	57	1.0
47	58	1.0
47	59	1.0
47	60	1.0
47	61	1.0
47	62	1.0
47	63	1.0
47	64	1.0
47	65	1.0
47	66	1.0
47	67	1.0
47	68	1.0
47	69	1.0
47	70	1.0
47	71	1.0
47	72	1.0
47	73	1.0
47	74	1.0
47	75	1.0
47	76	1.0
47	77	1.0
47	78	1.0
47	79	1.0
47	80	1.0
47	81	1.0
47	82	1.0
47	83	1.0
47	84	1.0
47	85	1.0
47	86	1.0
47	87	1.0
47	88	1.0
47	89	1.0
47	90	1.0
47	91	1.0
47	92	1.0
47	93	1.0
47	94	1.0
47	95	1.0
47	96	1.0
47	97	1.0
47	98	1.0
47	99	1.0
47	100	1.0
47	101	1.0
47	102	1.0
47	103	1.0
103	104	1.0
103	105	1.0
103	106	1.0
103	107	1.0
103	108	1.0
103	109	1.0
103	110	1.0
103	111	1.0
103	112	1.0
103	113	1.0
103	114	1.0
103	115	1.0
103	116	1.0
103	117	1.0
103	118	1.0
103	119	1.0
103	120	1.0
103	121	1.0
103	122	1.0
103	123	1.0
123	124	1.0
123	125	1.0
123	126	1.0
123	127	1.0
123	128	1.0
128	129	1.0
128	130	1.0
128	131	1.0
128	132	1.0
128	133	1.0
128	134	1.0
128	135	1.0
128	136	1.0
128	137	1.0
128	138	1.0
128	139	1.0
128	140	1.0
128	141	1.0
128	142	1.0
128	143	1.0
128	144	1.0
128	145	1.0
128	146	1.0
128	147	1.0
128	148	1.0
128	149	1.0
128	150	1.0
128	151	1.0
128	152	1.0
128	153	1.0
128	154	1.0
128	155	1.0
155	156	1.0
155	157	1.0
155	158	1.0
155	159	1.0
155	160	1.0
155	161	1.0
155	162	1.0
162	163	1.0
162	164	1.0
162	165	1.0
162	166	1.0
162	167	1.0
155	168	1.0
155	169	1.0
155	170	1.0
155	171	1.0
155	172	1.0
155	173	1.0
155	174	1.0
155	175	1.0
155	176	1.0
155	177	1.0
155	178	1.0
155	179	1.0
155	180	1.0
155	181	1.0
155	182	1.0
155	183	1.0
155	184	1.0
155	185	1.0
155	186	1.0
155	187	1.0
155	188	1.0
155	189	1.0
155	190	1.0
155	191	1.0
155	192	1.0
155	193	1.0
155	194	1.0
155	195	1.0
155	196	1.0
196	197	1.0
196	198	1.0
196	199	1.0
196	200	1.0
155	201	1.0
155	202	1.0
155	203	1.0
155	204	1.0
155	205	1.0
155	206	1.0
155	207	1.0
155	208	1.0
155	209	1.0
155	210	1.0
155	211	1.0
155	212	1.0
155	213	1.0
155	214	1.0
155	215	1.0
155	216	1.0
155	217	1.0
155	218	1.0
155	219	1.0
155	220	1.0
155	221	1.0
155	222	1.0
155	223	1.0
155	224	1.0
155	225	1.0
155	226	1.0
155	227	1.0
155	228	1.0
155	229	1.0
155	230	1.0
155	231	1.0
155	232	1.0
155	233	1.0
155	234	1.0
155	235	1.0
155	236	1.0
155	237	1.0
155	238	1.0
155	239	1.0
155	240	1.0
155	241	1.0
155	242	1.0
155	243	1.0
155	244	1.0
155	245	1.0
155	246	1.0
155	247	1.0
155	248	1.0
155	249	1.0
155	250	1.0
155	251	1.0
155	252	1.0
155	253	1.0
155	254	1.0
155	255	1.0
155	256	1.0
155	257	1.0
155	258	1.0
155	259	1.0
155	260	1.0
155	261	1.0
155	262	1.0
155	263	1.0
155	264	1.0
155	265	1.0
155	266	1.0
155	267	1.0
155	268	1.0
155	269	1.0
155	270	1.0
155	271	1.0
155	272	1.0
155	273	1.0
155	274	1.0
155	275	1.0
155	276	1.0
155	277	1.0
155	278	1.0
155	279	1.0
279	280	1.0
279	281	1.0
279	282	1.0
279	283	1.0
279	284	1.0
279	285	1.0
279	286	1.0
279	287	1.0
279	288	1.0
279	289	1.0
279	290	1.0
155	291	1.0
155	292	1.0
155	293	1.0
155	294	1.0
155	295	1.0
155	296	1.0
155	297	1.0
155	298	1.0
155	299	1.0
155	300	1.0
155	301	1.0
155	302	1.0
155	303	1.0
155	304	1.0
155	305	1.0
155	306	1.0
155	307	1.0
155	308	1.0
155	309	1.0
155	310	1.0
155	311	1.0
155	312	1.0
155	313	1.0
155	314	1.0
155	315	1.0
155	316	1.0
155	317	1.0
155	318	1.0
155	319	1.0
155	320	1.0
155	321	1.0
155	322	1.0
155	323	1.0
155	324	1.0
155	325	1.0
155	326	1.0
155	327	1.0
155	328	1.0
155	329	1.0
155	330	1.0
155	331	1.0
155	332	1.0
155	333	1.0
155	334	1.0
155	335	1.0
155	336	1.0
155	337	1.0
155	338	1.0
155	339	1.0
155	340	1.0
155	341	1.0
155	342	1.0
155	343	1.0
155	344	1.0
155	345	1.0
155	346	1.0
155	347	1.0
155	348	1.0
155	349	1.0
155	350	1.0
155	351	1.0
155	352	1.0
155	353	1.0
155	354	1.0
155	355	1.0
355	356	1.0
355	357	1.0
355	358	1.0
355	359	1.0
155	360	1.0
155	361	1.0
155	362	1.0
155	363	1.0
155	364	1.0
155	365	1.0
155	366	1.0
155	367	1.0
155	368	1.0
155	369	1.0
155	370	1.0
155	371	1.0
155	372	1.0
155	373	1.0
155	374	1.0
155	375	1.0
155	376	1.0
155	377	1.0
155	378	1.0
155	379	1.0
155	380	1.0
155	381	1.0
155	382	1.0
155	383	1.0
155	384	1.0
155	385	1.0
155	386	1.0
155	387	1.0
155	388	1.0
155	389	1.0
155	390	1.0
155	391	1.0
155	392	1.0
155	393	1.0
155	394	1.0
155	395	1.0
155	396	1.0
155	397	1.0
155	398	1.0
155	399	1.0
155	400	1.0
155	401	1.0
155	402	1.0
155	403	1.0
155	404	1.0
155	405	1.0
155	406	1.0
155	407	1.0
155	408	1.0
155	409	1.0
155	410	1.0
155	411	1.0
155	412	1.0
155	413	1.0
155	414	1.0
155	415	1.0
155	416	1.0
155	417	1.0
155	418	1.0
155	419	1.0
155	420	1.0
155	421	1.0
155	422	1.0
155	423	1.0
155	424	1.0
155	425	1.0
155	426	1.0
155	427	1.0
155	428	1.0
155	429	1.0
155	430	1.0
155	431	1.0
155	432	1.0
155	433	1.0
155	434	1.0
155	435	1.0
155	436	1.0
155	437	1.0
155	438	1.0
155	439	1.0
155	440	1.0
155	441	1.0
155	442	1.0
155	443	1.0
155	444	1.0
155	445	1.0
155	446	1.0
155	447	1.0
155	448	1.0
155	449	1.0
155	450	1.0
155	451	1.0
155	452	1.0
155	453	1.0
155	454	1.0
155	455	1.0
155	456	1.0
155	457	1.0
155	458	1.0
155	459	1.0
155	460	1.0
155	461	1.0
155	462	1.0
155	463	1.0
155	464	1.0
155	465	1.0
155	466	1.0
155	467	1.0
155	468	1.0
155	469	1.0
155	470	1.0
155	471	1.0
155	472	1.0
155	473	1.0
155	474	1.0
474	475	1.0
474	476	1.0
474	477	1.0
474	478	1.0
474	479	1.0
155	480	1.0
155	481	1.0
155	482	1.0
155	483	1.0
155	484	1.0
155	485	1.0
155	486	1.0
486	487	1.0
486	488	1.0
486	489	1.0
486	490	1.0
486	491	1.0
155	492	1.0
155	493	1.0
155	494	1.0
155	495	1.0
155	496	1.0
155	497	1.0
155	498	1.0
155	499	1.0
155	500	1.0
155	501	1.0
155	502	1.0
155	503	1.0
155	504	1.0
155	505	1.0
155	506	1.0
155	507	1.0
155	508	1.0
155	509	1.0
155	510	1.0
155	511	1.0
155	512	1.0
155	513	1.0
155	514	1.0
155	515	1.0
155	516	1.0
155	517	1.0
155	518	1.0
155	519	1.0
155	520	1.0
155	521	1.0
155	522	1.0
155	523	1.0
155	524	1.0
155	525	1.0
155	526	1.0
155	527	1.0
155	528	1.0
155	529	1.0
155	530	1.0
155	531	1.0
155	532	1.0
155	533	1.0
155	534	1.0
155	535	1.0
155	536	1.0
155	537	1.0
155	538	1.0
155	539	1.0
155	540	1.0
155	541	1.0
155	542	1.0
155	543	1.0
155	544	1.0
155	545	1.0
155	546	1.0
155	547	1.0
155	548	1.0
155	549	1.0
155	550	1.0
155	551	1.0
155	552	1.0
155	553	1.0
155	554	1.0
155	555	1.0
155	556	1.0
155	557	1.0
155	558	1.0
155	559	1.0
155	560	1.0
155	561	1.0
155	562	1.0
155	563	1.0
155	564	1.0
155	565	1.0
155	566	1.0
155	567	1.0
155	568	1.0
155	569	1.0
155	570	1.0
155	571	1.0
155	572	1.0
155	573	1.0
155	574	1.0
155	575	1.0
155	576	1.0
155	577	1.0
155	578	1.0
155	579	1.0
155	580	1.0
155	581	1.0
155	582	1.0
155	583	1.0
155	584	1.0
155	585	1.0
155	586	1.0
155	587	1.0
155	588	1.0
155	589	1.0
155	590	1.0
155	591	1.0
155	592	1.0
155	593	1.0
155	594	1.0
155	595	1.0
155	596	1.0
155	597	1.0
155	598	1.0
155	599	1.0
155	600	1.0
155	601	1.0
155	602	1.0
155	603	1.0
155	604	1.0
155	605	1.0
155	606	1.0
155	607	1.0
155	608	1.0
155	609	1.0
155	610	1.0
155	611	1.0
155	612	1.0
155	613	1.0
155	614	1.0
155	615	1.0
155	616	1.0
155	617	1.0
155	618	1.0
155	619	1.0
155	620	1.0
155	621	1.0
155	622	1.0
155	623	1.0
155	624	1.0
155	625	1.0
155	626	1.0
155	627	1.0
155	628	1.0
155	629	1.0
155	630	1.0
155	631	1.0
155	632	1.0
155	633	1.0
155	634	1.0
155	635	1.0
155	636	1.0
155	637	1.0
155	638	1.0
155	639	1.0
155	640	1.0
155	641	1.0
155	642	1.0
155	643	1.0
155	644	1.0
155	645	1.0
155	646	1.0
155	647	1.0
155	648	1.0
155	649	1.0
155	650	1.0
155	651	1.0
155	652	1.0
155	653	1.0
155	654	1.0
155	655	1.0
155	656	1.0
155	657	1.0
155	658	1.0
155	659	1.0
155	660	1.0
155	661	1.0
155	662	1.0
155	663	1.0
155	664	1.0
155	665	1.0
155	666	1.0
155	667	1.0
155	668	1.0
155	669	1.0
155	670	1.0
670	671	1.0
670	672	1.0
670	673	1.0
670	674	1.0
670	675	1.0
670	676	1.0
670	677	1.0
155	678	1.0
155	679	1.0
155	680	1.0
155	681	1.0
155	682	1.0
155	683	1.0
155	684	1.0
155	685	1.0
155	686	1.0
155	687	1.0
155	688	1.0
155	689	1.0
155	690	1.0
155	691	1.0
155	692	1.0
155	693	1.0
155	694	1.0
155	695	1.0
155	696	1.0
155	697	1.0
155	698	1.0
155	699	1.0
155	700	1.0
155	701	1.0
155	702	1.0
155	703	1.0
155	704	1.0
155	705	1.0
155	706	1.0
155	707	1.0
155	708	1.0
155	709	1.0
155	710	1.0
155	711	1.0
155	712	1.0
155	713	1.0
155	714	1.0
155	715	1.0
155	716	1.0
155	717	1.0
155	718	1.0
155	719	1.0
155	720	1.0
155	721	1.0
155	722	1.0
155	723	1.0
155	724	1.0
155	725	1.0
155	726	1.0
155	727	1.0
155	728	1.0
155	729	1.0
155	730	1.0
155	731	1.0
155	732	1.0
732	733	1.0
732	734	1.0
732	735	1.0
732	736	1.0
732	737	1.0
732	738	1.0
732	739	1.0
732	740	1.0
732	741	1.0
732	742	1.0
732	743	1.0
732	744	1.0
732	745	1.0
732	746	1.0
732	747	1.0
732	748	1.0
732	749	1.0
732	750	1.0
732	751	1.0
732	752	1.0
732	753	1.0
732	754	1.0
732	755	1.0
732	756	1.0
732	757	1.0
732	758	1.0
732	759	1.0
732	760	1.0
732	761	1.0
732	762	1.0
732	763	1.0
732	764	1.0
732	765	1.0
732	766	1.0
732	767	1.0
732	768	1.0
732	769	1.0
732	770	1.0
732	771	1.0
732	772	1.0
732	773	1.0
732	774	1.0
732	775	1.0
732	776	1.0
732	777	1.0
732	778	1.0
732	779	1.0
732	780	1.0
732	781	1.0
732	782	1.0
732	783	1.0
732	784	1.0
732	785	1.0
732	786	1.0
732	787	1.0
732	788	1.0
732	789	1.0
732	790	1.0
732	791	1.0
732	792	1.0
732	793	1.0
732	794	1.0
732	795	1.0
732	796	1.0
732	797	1.0
732	798	1.0
732	799	1.0
732	800	1.0
732	801	1.0
732	802	1.0
732	803	1.0
732	804	1.0
804	805	1.0
804	806	1.0
804	807	1.0
804	808	1.0
804	809	1.0
804	810	1.0
804	811	1.0
804	812	1.0
804	813	1.0
804	814	1.0
804	815	1.0
804	816	1.0
804	817	1.0
804	818	1.0
804	819	1.0
804	820	1.0
804	821	1.0
804	822	1.0
804	823	1.0
804	824	1.0
804	825	1.0
804	826	1.0
804	827	1.0
804	828	1.0
804	829	1.0
804	830	1.0
804	831	1.0
804	832	1.0
804	833	1.0
804	834	1.0
834	835	1.0
834	836	1.0
834	837	1.0
834	838	1.0
834	839	1.0
804	840	1.0
840	841	1.0
840	842	1.0
840	843	1.0
840	844	1.0
840	845	1.0
840	846	1.0
840	847	1.0
840	848	1.0
840	849	1.0
840	850	1.0
840	851	1.0
840	852	1.0
840	853	1.0
840	854	1.0
840	855	1.0
840	856	1.0
840	857	1.0
840	858	1.0
840	859	1.0
840	860	1.0
840	861	1.0
840	862	1.0
840	863	1.0
840	864	1.0
840	865	1.0
840	866	1.0
840	867	1.0
840	868	1.0
840	869	1.0
840	870	1.0
840	871	1.0
840	872	1.0
840	873	1.0
840	874	1.0
840	875	1.0
840	876	1.0
840	877	1.0
840	878	1.0
840	879	1.0
840	880	1.0
840	881	1.0
840	882	1.0
840	883	1.0
840	884	1.0
840	885	1.0
840	886	1.0
840	887	1.0
840	888	1.0
840	889	1.0
840	890	1.0
840	891	1.0
840	892	1.0
840	893	1.0
840	894	1.0
840	895	1.0
840	896	1.0
840	897	1.0
840	898	1.0
840	899	1.0
840	900	1.0
840	901	1.0
840	902	1.0
840	903	1.0
840	904	1.0
840	905	1.0
840	906	1.0
840	907	1.0
840	908	1.0
840	909	1.0
840	910	1.0
840	911	1.0
840	912	1.0
840	913	1.0
840	914	1.0
840	915	1.0
840	916	1.0
840	917	1.0
840	918	1.0
840	919	1.0
840	920	1.0
840	921	1.0
840	922	1.0
840	923	1.0
840	924	1.0
840	925	1.0
840	926	1.0
840	927	1.0
840	928	1.0
840	929	1.0
840	930	1.0
840	931	1.0
840	932	1.0
840	933	1.0
840	934	1.0
840	935	1.0
840	936	1.0
840	937	1.0
840	938	1.0
840	939	1.0
840	940	1.0
840	941	1.0
840	942	1.0
840	943	1.0
840	944	1.0
840	945	1.0
840	946	1.0
840	947	1.0
840	948	1.0
840	949	1.0
840	950	1.0
840	951	1.0
840	952	1.0
840	953	1.0
840	954	1.0
840	955	1.0
840	956	1.0
840	957	1.0
840	958	1.0
840	959	1.0
840	960	1.0
840	961	1.0
840	962	1.0
840	963	1.0
840	964	1.0
840	965	1.0
840	966	1.0
840	967	1.0
840	968	1.0
840	969	1.0
840	970	1.0
840	971	1.0
840	972	1.0
840	973	1.0
840	974	1.0
840	975	1.0
840	976	1.0
840	977	1.0
840	978	1.0
840	979	1.0
840	980	1.0
840	981	1.0
840	982	1.0
840	983	1.0
840	984	1.0
840	985	1.0
840	986	1.0
840	987	1.0
840	988	1.0
840	989	1.0
840	990	1.0
840	991	1.0
840	992	1.0
840	993	1.0
840	994	1.0
840	995	1.0
840	996	1.0
840	997	1.0
840	998	1.0
840	999	1.0
840	1000	1.0
840	1001	1.0
840	1002	1.0
840	1003	1.0
840	1004	1.0
840	1005	1.0
840	1006	1.0
840	1007	1.0
840	1008	1.0
840	1009	1.0
840	1010	1.0
840	1011	1.0
840	1012	1.0
840	1013	1.0
840	1014	1.0
840	1015	1.0
840	1016	1.0
840	1017	1.0
840	1018	1.0
840	1019	1.0
840	1020	1.0
840	1021	1.0
840	1022	1.0
840	1023	1.0
840	1024	1.0
840	1025	1.0
840	1026	1.0
840	1027	1.0
840	1028	1.0
840	1029	1.0
840	1030	1.0
840	1031	1.0
840	1032	1.0
840	1033	1.0
840	1034	1.0
840	1035	1.0
840	1036	1.0
840	1037	1.0
840	1038	1.0
840	1039	1.0
840	1040	1.0
840	1041	1.0
840	1042	1.0
840	1043	1.0
840	1044	1.0
840	1045	1.0
840	1046	1.0
840	1047	1.0
840	1048	1.0
840	1049	1.0
840	1050	1.0
840	1051	1.0
840	1052	1.0
840	1053	1.0
840	1054	1.0
840	1055	1.0
840	1056	1.0
840	1057	1.0
840	1058	1.0
840	1059	1.0
840	1060	1.0
840	1061	1.0
840	1062	1.0
840	1063	1.0
840	1064	1.0
840	1065	1.0
840	1066	1.0
840	1067	1.0
840	1068	1.0
840	1069	1.0
840	1070	1.0
840	1071	1.0
840	1072	1.0
840	1073	1.0
840	1074	1.0
840	1075	1.0
840	1076	1.0
840	1077	1.0
840	1078	1.0
840	1079	1.0
840	1080	1.0
840	1081	1.0
840	1082	1.0
840	1083	1.0
840	1084	1.0
840	1085	1.0
840	1086	1.0
840	1087	1.0
840	1088	1.0
804	1089	1.0
804	1090	1.0
804	1091	1.0
804	1092	1.0
804	1093	1.0
804	1094	1.0
804	1095	1.0
804	1096	1.0
1096	1097	1.0
1096	1098	1.0
1096	1099	1.0
1096	1100	1.0
1096	1101	1.0
1096	1102	1.0
1096	1103	1.0
1096	1104	1.0
1096	1105	1.0
1096	1106	1.0
1096	1107	1.0
1096	1108	1.0
1096	1109	1.0
1096	1110	1.0
1096	1111	1.0
1096	1112	1.0
1096	1113	1.0
1096	1114	1.0
1096	1115	1.0
1096	1116	1.0
1096	1117	1.0
1096	1118	1.0
1096	1119	1.0
1096	1120	1.0
1096	1121	1.0
1096	1122	1.0
1096	1123	1.0
1096	1124	1.0
1096	1125	1.0
1096	1126	1.0
1096	1127	1.0
1096	1128	1.0
1096	1129	1.0
1096	1130	1.0
1096	1131	1.0
1096	1132	1.0
1096	1133	1.0
1096	1134	1.0
1096	1135	1.0
1096	1136	1.0
1096	1137	1.0
1096	1138	1.0
1096	1139	1.0
1096	1140	1.0
1096	1141	1.0
1096	1142	1.0
1096	1143	1.0
1096	1144	1.0
1096	1145	1.0
1096	1146	1.0
1096	1147	1.0
1096	1148	1.0
1096	1149	1.0
1096	1150	1.0
1096	1151	1.0
1096	1152	1.0
1096	1153	1.0
1096	1154	1.0
1096	1155	1.0
1096	1156	1.0
804	1157	1.0
804	1158	1.0
804	1159	1.0
804	1160	1.0
804	1161	1.0
804	1162	1.0
804	1163	1.0
804	1164	1.0
804	1165	1.0
804	1166	1.0
804	1167	1.0
804	1168	1.0
804	1169	1.0
804	1170	1.0
804	1171	1.0
804	1172	1.0
804	1173	1.0
804	1174	1.0
804	1175	1.0
804	1176	1.0
804	1177	1.0
804	1178	1.0
804	1179	1.0
804	1180	1.0
804	1181	1.0
804	1182	1.0
804	1183	1.0
804	1184	1.0
804	1185	1.0
804	1186	1.0
804	1187	1.0
804	1188	1.0
804	1189	1.0
804	1190	1.0
804	1191	1.0
804	1192	1.0
804	1193	1.0
804	1194	1.0
804	1195	1.0
804	1196	1.0
804	1197	1.0
804	1198	1.0
804	1199	1.0
804	1200	1.0
804	1201	1.0
804	1202	1.0
804	1203	1.0
804	1204	1.0
804	1205	1.0
804	1206	1.0
804	1207	1.0
804	1208	1.0
804	1209	1.0
804	1210	1.0
804	1211	1.0
804	1212	1.0
804	1213	1.0
804	1214	1.0
804	1215	1.0
804	1216	1.0
804	1217	1.0
804	1218	1.0
804	1219	1.0
804	1220	1.0
804	1221	1.0
804	1222	1.0
804	1223	1.0
804	1224	1.0
804	1225	1.0
804	1226	1.0
804	1227	1.0
804	1228	1.0
804	1229	1.0
804	1230	1.0
804	1231	1.0
732	1232	1.0
732	1233	1.0
732	1234	1.0
732	1235	1.0
732	1236	1.0
732	1237	1.0
732	1238	1.0
732	1239	1.0
732	1240	1.0
732	1241	1.0
732	1242	1.0
732	1243	1.0
732	1244	1.0
732	1245	1.0
732	1246	1.0
732	1247	1.0
732	1248	1.0
732	1249	1.0
732	1250	1.0
732	1251	1.0
732	1252	1.0
732	1253	1.0
732	1254	1.0
732	1255	1.0
732	1256	1.0
732	1257	1.0
732	1258	1.0
732	1259	1.0
732	1260	1.0
732	1261	1.0
732	1262	1.0
732	1263	1.0
732	1264	1.0
732	1265	1.0
732	1266	1.0
732	1267	1.0
732	1268	1.0
732	1269	1.0
732	1270	1.0
732	1271	1.0
732	1272	1.0
732	1273	1.0
732	1274	1.0
732	1275	1.0
732	1276	1.0
732	1277	1.0
732	1278	1.0
732	1279	1.0
732	1280	1.0
732	1281	1.0
732	1282	1.0
1282	1283	1.0
1282	1284	1.0
1282	1285	1.0
1282	1286	1.0
732	1287	1.0
732	1288	1.0
732	1289	1.0
732	1290	1.0
732	1291	1.0
732	1292	1.0
732	1293	1.0
732	1294	1.0
732	1295	1.0
732	1296	1.0
732	1297	1.0
732	1298	1.0
732	1299	1.0
732	1300	1.0
732	1301	1.0
732	1302	1.0
732	1303	1.0
732	1304	1.0
732	1305	1.0
732	1306	1.0
732	1307	1.0
732	1308	1.0
732	1309	1.0
732	1310	1.0
732	1311	1.0
732	1312	1.0
732	1313	1.0
732	1314	1.0
732	1315	1.0
732	1316	1.0
732	1317	1.0
732	1318	1.0
732	1319	1.0
732	1320	1.0
732	1321	1.0
732	1322	1.0
732	1323	1.0
732	1324	1.0
732	1325	1.0
732	1326	1.0
732	1327	1.0
732	1328	1.0
732	1329	1.0
732	1330	1.0
732	1331	1.0
732	1332	1.0
732	1333	1.0
732	1334	1.0
732	1335	1.0
732	1336	1.0
732	1337	1.0
732	1338	1.0
732	1339	1.0
732	1340	1.0
732	1341	1.0
732	1342	1.0
732	1343	1.0
732	1344	1.0
732	1345	1.0
732	1346	1.0
732	1347	1.0
732	1348	1.0
732	1349	1.0
732	1350	1.0
732	1351	1.0
732	1352	1.0
732	1353	1.0
732	1354	1.0
732	1355	1.0
1355	1356	1.0
1355	1357	1.0
1355	1358	1.0
1355	1359	1.0
732	1360	1.0
732	1361	1.0
732	1362	1.0
732	1363	1.0
732	1364	1.0
732	1365	1.0
732	1366	1.0
732	1367	1.0
732	1368	1.0
732	1369	1.0
732	1370	1.0
732	1371	1.0
732	1372	1.0
732	1373	1.0
732	1374	1.0
732	1375	1.0
732	1376	1.0
1376	1377	1.0
1376	1378	1.0
1376	1379	1.0
1376	1380	1.0
1376	1381	1.0
1376	1382	1.0
1376	1383	1.0
1376	1384	1.0
1376	1385	1.0
1376	1386	1.0
732	1387	1.0
732	1388	1.0
732	1389	1.0
732	1390	1.0
732	1391	1.0
732	1392	1.0
732	1393	1.0
732	1394	1.0
732	1395	1.0
732	1396	1.0
732	1397	1.0
732	1398	1.0
732	1399	1.0
732	1400	1.0
732	1401	1.0
732	1402	1.0
732	1403	1.0
732	1404	1.0
732	1405	1.0
732	1406	1.0
732	1407	1.0
732	1408	1.0
732	1409	1.0
732	1410	1.0
732	1411	1.0
732	1412	1.0
732	1413	1.0
732	1414	1.0
732	1415	1.0
732	1416	1.0
732	1417	1.0
732	1418	1.0
732	1419	1.0
732	1420	1.0
732	1421	1.0
732	1422	1.0
732	1423	1.0
732	1424	1.0
732	1425	1.0
732	1426	1.0
732	1427	1.0
732	1428	1.0
732	1429	1.0
732	1430	1.0
732	1431	1.0
732	1432	1.0
732	1433	1.0
732	1434	1.0
732	1435	1.0
732	1436	1.0
732	1437	1.0
732	1438	1.0
732	1439	1.0
732	1440	1.0
732	1441	1.0
732	1442	1.0
732	1443	1.0
732	1444	1.0
732	1445	1.0
732	1446	1.0
732	1447	1.0
732	1448	1.0
732	1449	1.0
732	1450	1.0
732	1451	1.0
732	1452	1.0
732	1453	1.0
732	1454	1.0
732	1455	1.0
732	1456	1.0
732	1457	1.0
732	1458	1.0
732	1459	1.0
732	1460	1.0
732	1461	1.0
732	1462	1.0
732	1463	1.0
732	1464	1.0
732	1465	1.0
732	1466	1.0
732	1467	1.0
732	1468	1.0
732	1469	1.0
732	1470	1.0
732	1471	1.0
732	1472	1.0
732	1473	1.0
732	1474	1.0
732	1475	1.0
732	1476	1.0
732	1477	1.0
732	1478	1.0
732	1479	1.0
732	1480	1.0
732	1481	1.0
732	1482	1.0
732	1483	1.0
732	1484	1.0
732	1485	1.0
732	1486	1.0
732	1487	1.0
732	1488	1.0
732	1489	1.0
1489	1490	1.0
1489	1491	1.0
1489	1492	1.0
1489	1493	1.0
1489	1494	1.0
732	1495	1.0
732	1496	1.0
732	1497	1.0
732	1498	1.0
732	1499	1.0
732	1500	1.0
732	1501	1.0
732	1502	1.0
732	1503	1.0
732	1504	1.0
732	1505	1.0
732	1506	1.0
732	1507	1.0
732	1508	1.0
732	1509	1.0
732	1510	1.0
732	1511	1.0
732	1512	1.0
732	1513	1.0
1513	1514	1.0
1513	1515	1.0
1513	1516	1.0
1513	1517	1.0
1513	1518	1.0
1513	1519	1.0
732	1520	1.0
732	1521	1.0
732	1522	1.0
732	1523	1.0
732	1524	1.0
732	1525	1.0
732	1526	1.0
732	1527	1.0
732	1528	1.0
732	1529	1.0
732	1530	1.0
732	1531	1.0
732	1532	1.0
732	1533	1.0
732	1534	1.0
732	1535	1.0
732	1536	1.0
732	1537	1.0
732	1538	1.0
732	1539	1.0
732	1540	1.0
732	1541	1.0
732	1542	1.0
732	1543	1.0
732	1544	1.0
732	1545	1.0
732	1546	1.0
732	1547	1.0
732	1548	1.0
732	1549	1.0
732	1550	1.0
732	1551	1.0
732	1552	1.0
732	1553	1.0
732	1554	1.0
732	1555	1.0
732	1556	1.0
732	1557	1.0
732	1558	1.0
732	1559	1.0
732	1560	1.0
732	1561	1.0
732	1562	1.0
732	1563	1.0
732	1564	1.0
732	1565	1.0
732	1566	1.0
732	1567	1.0
732	1568	1.0
732	1569	1.0
732	1570	1.0
732	1571	1.0
732	1572	1.0
732	1573	1.0
732	1574	1.0
732	1575	1.0
732	1576	1.0
732	1577	1.0
732	1578	1.0
732	1579	1.0
732	1580	1.0
732	1581	1.0
732	1582	1.0
732	1583	1.0
732	1584	1.0
732	1585	1.0
732	1586	1.0
732	1587	1.0
732	1588	1.0
732	1589	1.0
732	1590	1.0
732	1591	1.0
732	1592	1.0
732	1593	1.0
732	1594	1.0
732	1595	1.0
732	1596	1.0
732	1597	1.0
732	1598	1.0
732	1599	1.0
732	1600	1.0
732	1601	1.0
732	1602	1.0
732	1603	1.0
732	1604	1.0
732	1605	1.0
732	1606	1.0
732	1607	1.0
732	1608	1.0
732	1609	1.0
732	1610	1.0
732	1611	1.0
732	1612	1.0
732	1613	1.0
732	1614	1.0
732	1615	1.0
732	1616	1.0
732	1617	1.0
732	1618	1.0
732	1619	1.0
732	1620	1.0
732	1621	1.0
732	1622	1.0
732	1623	1.0
732	1624	1.0
732	1625	1.0
732	1626	1.0
732	1627	1.0
732	1628	1.0
732	1629	1.0
732	1630	1.0
732	1631	1.0
732	1632	1.0
732	1633	1.0
732	1634	1.0
732	1635	1.0
732	1636	1.0
732	1637	1.0
732	1638	1.0
732	1639	1.0
732	1640	1.0
732	1641	1.0
732	1642	1.0
732	1643	1.0
732	1644	1.0
732	1645	1.0
732	1646	1.0
732	1647	1.0
732	1648	1.0
732	1649	1.0
732	1650	1.0
732	1651	1.0
732	1652	1.0
732	1653	1.0
732	1654	1.0
732	1655	1.0
732	1656	1.0
732	1657	1.0
732	1658	1.0
732	1659	1.0
732	1660	1.0
732	1661	1.0
732	1662	1.0
732	1663	1.0
732	1664	1.0
732	1665	1.0
732	1666	1.0
732	1667	1.0
732	1668	1.0
732	1669	1.0
732	1670	1.0
732	1671	1.0
732	1672	1.0
732	1673	1.0
732	1674	1.0
732	1675	1.0
732	1676	1.0
732	1677	1.0
732	1678	1.0
732	1679	1.0
732	1680	1.0
732	1681	1.0
732	1682	1.0
732	1683	1.0
732	1684	1.0
732	1685	1.0
732	1686	1.0
732	1687	1.0
732	1688	1.0
732	1689	1.0
732	1690	1.0
732	1691	1.0
732	1692	1.0
732	1693	1.0
732	1694	1.0
732	1695	1.0
732	1696	1.0
732	1697	1.0
732	1698	1.0
732	1699	1.0
732	1700	1.0
732	1701	1.0
732	1702	1.0
732	1703	1.0
732	1704	1.0
732	1705	1.0
732	1706	1.0
732	1707	1.0
732	1708	1.0
732	1709	1.0
732	1710	1.0
732	1711	1.0
732	1712	1.0
732	1713	1.0
732	1714	1.0
732	1715	1.0
732	1716	1.0
732	1717	1.0
732	1718	1.0
732	1719	1.0
732	1720	1.0
732	1721	1.0
732	1722	1.0
732	1723	1.0
732	1724	1.0
732	1725	1.0
732	1726	1.0
732	1727	1.0
732	1728	1.0
732	1729	1.0
732	1730	1.0
732	1731	1.0
732	1732	1.0
732	1733	1.0
732	1734	1.0
732	1735	1.0
732	1736	1.0
732	1737	1.0
732	1738	1.0
732	1739	1.0
732	1740	1.0
732	1741	1.0
732	1742	1.0
732	1743	1.0
732	1744	1.0
732	1745	1.0
732	1746	1.0
732	1747	1.0
732	1748	1.0
732	1749	1.0
732	1750	1.0
732	1751	1.0
732	1752	1.0
732	1753	1.0
732	1754	1.0
732	1755	1.0
732	1756	1.0
732	1757	1.0
732	1758	1.0
732	1759	1.0
732	1760	1.0
732	1761	1.0
732	1762	1.0
732	1763	1.0
732	1764	1.0
732	1765	1.0
732	1766	1.0
732	1767	1.0
732	1768	1.0
732	1769	1.0
732	1770	1.0
732	1771	1.0
732	1772	1.0
732	1773	1.0
732	1774	1.0
732	1775	1.0
732	1776	1.0
732	1777	1.0
732	1778	1.0
732	1779	1.0
732	1780	1.0
732	1781	1.0
732	1782	1.0
732	1783	1.0
732	1784	1.0
732	1785	1.0
732	1786	1.0
732	1787	1.0
732	1788	1.0
732	1789	1.0
732	1790	1.0
732	1791	1.0
732	1792	1.0
732	1793	1.0
732	1794	1.0
732	1795	1.0
732	1796	1.0
732	1797	1.0
732	1798	1.0
732	1799	1.0
732	1800	1.0
732	1801	1.0
732	1802	1.0
732	1803	1.0
732	1804	1.0
732	1805	1.0
732	1806	1.0
732	1807	1.0
732	1808	1.0
732	1809	1.0
732	1810	1.0
732	1811	1.0
732	1812	1.0
732	1813	1.0
732	1814	1.0
732	1815	1.0
732	1816	1.0
732	1817	1.0
732	1818	1.0
732	1819	1.0
732	1820	1.0
732	1821	1.0
732	1822	1.0
732	1823	1.0
732	1824	1.0
732	1825	1.0
732	1826	1.0
732	1827	1.0
732	1828	1.0
732	1829	1.0
732	1830	1.0
732	1831	1.0
732	1832	1.0
732	1833	1.0
732	1834	1.0
732	1835	1.0
732	1836	1.0
732	1837	1.0
732	1838	1.0
732	1839	1.0
732	1840	1.0
732	1841	1.0
732	1842	1.0
732	1843	1.0
732	1844	1.0
732	1845	1.0
1845	1846	1.0
1845	1847	1.0
1845	1848	1.0
1845	1849	1.0
1845	1850	1.0
732	1851	1.0
1851	1852	1.0
1851	1853	1.0
1851	1854	1.0
1851	1855	1.0
732	1856	1.0
732	1857	1.0
732	1858	1.0
732	1859	1.0
732	1860	1.0
732	1861	1.0
732	1862	1.0
732	1863	1.0
732	1864	1.0
732	1865	1.0
732	1866	1.0
732	1867	1.0
732	1868	1.0
732	1869	1.0
732	1870	1.0
732	1871	1.0
732	1872	1.0
732	1873	1.0
732	1874	1.0
732	1875	1.0
732	1876	1.0
732	1877	1.0
732	1878	1.0
732	1879	1.0
732	1880	1.0
732	1881	1.0
732	1882	1.0
732	1883	1.0
1883	1884	1.0
1883	1885	1.0
1883	1886	1.0
1883	1887	1.0
1883	1888	1.0
1883	1889	1.0
1883	1890	1.0
1883	1891	1.0
1883	1892	1.0
1892	1893	1.0
1892	1894	1.0
1892	1895	1.0
1892	1896	1.0
1883	1897	1.0
732	1898	1.0
732	1899	1.0
732	1900	1.0
732	1901	1.0
732	1902	1.0
732	1903	1.0
732	1904	1.0
732	1905	1.0
732	1906	1.0
732	1907	1.0
732	1908	1.0
732	1909	1.0
732	1910	1.0
732	1911	1.0
732	1912	1.0
732	1913	1.0
732	1914	1.0
732	1915	1.0
732	1916	1.0
732	1917	1.0
732	1918	1.0
732	1919	1.0
732	1920	1.0
732	1921	1.0
732	1922	1.0
1922	1923	1.0
1922	1924	1.0
1922	1925	1.0
1922	1926	1.0
1922	1927	1.0
1922	1928	1.0
732	1929	1.0
732	1930	1.0
732	1931	1.0
732	1932	1.0
732	1933	1.0
732	1934	1.0
732	1935	1.0
732	1936	1.0
732	1937	1.0
732	1938	1.0
732	1939	1.0
732	1940	1.0
732	1941	1.0
732	1942	1.0
732	1943	1.0
732	1944	1.0
732	1945	1.0
732	1946	1.0
732	1947	1.0
732	1948	1.0
732	1949	1.0
732	1950	1.0
732	1951	1.0
732	1952	1.0
732	1953	1.0
732	1954	1.0
732	1955	1.0
732	1956	1.0
732	1957	1.0
732	1958	1.0
732	1959	1.0
732	1960	1.0
732	1961	1.0
732	1962	1.0
732	1963	1.0
732	1964	1.0
732	1965	1.0
732	1966	1.0
732	1967	1.0
732	1968	1.0
732	1969	1.0
732	1970	1.0
732	1971	1.0
732	1972	1.0
732	1973	1.0
1973	1974	1.0
1973	1975	1.0
1973	1976	1.0
1973	1977	1.0
732	1978	1.0
732	1979	1.0
732	1980	1.0
732	1981	1.0
732	1982	1.0
732	1983	1.0
732	1984	1.0
732	1985	1.0
732	1986	1.0
732	1987	1.0
732	1988	1.0
732	1989	1.0
732	1990	1.0
732	1991	1.0
732	1992	1.0
732	1993	1.0
732	1994	1.0
732	1995	1.0
732	1996	1.0
732	1997	1.0
732	1998	1.0
732	1999	1.0
732	2000	1.0
732	2001	1.0
732	2002	1.0
732	2003	1.0
123	2004	1.0
123	2005	1.0
123	2006	1.0
123	2007	1.0
2007	2008	1.0
2007	2009	1.0
2007	2010	1.0
2007	2011	1.0
123	2012	1.0
47	2013	1.0
47	2014	1.0
41	2015	1.0
17	2016	1.0
17	2017	1.0
17	2018	1.0
17	2019	1.0
17	2020	1.0
17	2021	1.0
17	2022	1.0
17	2023	1.0
17	2024	1.0
17	2025	1.0
17	2026	1.0
17	2027	1.0
17	2028	1.0
17	2029	1.0
17	2030	1.0
17	2031	1.0
17	2032	1.0
17	2033	1.0
17	2034	1.0
16	2035	1.0
9	2036	1.0
9	2037	1.0
5	2038	1.0
2	2039	1.0
