0	1	1.0
1	2	1.0
1	3	1.0
1	4	1.0
4	5	1.0
4	6	1.0
6	7	1.0
6	8	1.0
6	9	1.0
6	10	1.0
6	11	1.0
6	12	1.0
6	13	1.0
6	14	1.0
6	15	1.0
15	16	1.0
15	17	1.0
15	18	1.0
15	19	1.0
19	20	1.0
19	21	1.0
19	22	1.0
19	23	1.0
19	24	1.0
19	25	1.0
19	26	1.0
19	27	1.0
19	28	1.0
15	29	1.0
15	30	1.0
15	31	1.0
15	32	1.0
15	33	1.0
33	34	1.0
34	35	1.0
35	36	1.0
35	37	1.0
35	38	1.0
35	39	1.0
35	40	1.0
35	41	1.0
35	42	1.0
35	43	1.0
43	44	1.0
43	45	1.0
43	46	1.0
43	47	1.0
35	48	1.0
35	49	1.0
35	50	1.0
35	51	1.0
35	52	1.0
35	53	1.0
35	54	1.0
35	55	1.0
35	56	1.0
35	57	1.0
35	58	1.0
35	59	1.0
35	60	1.0
35	61	1.0
35	62	1.0
35	63	1.0
35	64	1.0
35	65	1.0
35	66	1.0
35	67	1.0
35	68	1.0
35	69	1.0
35	70	1.0
35	71	1.0
35	72	1.0
72	73	1.0
72	74	1.0
72	75	1.0
72	76	1.0
72	77	1.0
72	78	1.0
72	79	1.0
72	80	1.0
72	81	1.0
72	82	1.0
72	83	1.0
72	84	1.0
72	85	1.0
72	86	1.0
72	87	1.0
72	88	1.0
72	89	1.0
72	90	1.0
72	91	1.0
72	92	1.0
72	93	1.0
72	94	1.0
72	95	1.0
72	96	1.0
72	97	1.0
72	98	1.0
72	99	1.0
72	100	1.0
72	101	1.0
72	102	1.0
72	103	1.0
72	104	1.0
72	105	1.0
72	106	1.0
72	107	1.0
72	108	1.0
72	109	1.0
72	110	1.0
72	111	1.0
72	112	1.0
112	113	1.0
112	114	1.0
112	115	1.0
112	116	1.0
112	117	1.0
112	118	1.0
112	119	1.0
112	120	1.0
112	121	1.0
112	122	1.0
112	123	1.0
112	124	1.0
124	125	1.0
124	126	1.0
126	127	1.0
126	128	1.0
126	129	1.0
126	130	1.0
126	131	1.0
126	132	1.0
126	133	1.0
126	134	1.0
126	135	1.0
126	136	1.0
126	137	1.0
124	138	1.0
124	139	1.0
124	140	1.0
124	141	1.0
112	142	1.0
112	143	1.0
112	144	1.0
112	145	1.0
112	146	1.0
112	147	1.0
112	148	1.0
112	149	1.0
112	150	1.0
112	151	1.0
112	152	1.0
112	153	1.0
112	154	1.0
112	155	1.0
112	156	1.0
112	157	1.0
112	158	1.0
72	159	1.0
72	160	1.0
72	161	1.0
72	162	1.0
72	163	1.0
72	164	1.0
72	165	1.0
72	166	1.0
72	167	1.0
72	168	1.0
72	169	1.0
72	170	1.0
72	171	1.0
72	172	1.0
172	173	1.0
172	174	1.0
172	175	1.0
172	176	1.0
172	177	1.0
172	178	1.0
172	179	1.0
172	180	1.0
172	181	1.0
172	182	1.0
172	183	1.0
172	184	1.0
172	185	1.0
172	186	1.0
172	187	1.0
172	188	1.0
172	189	1.0
72	190	1.0
72	191	1.0
72	192	1.0
72	193	1.0
72	194	1.0
194	195	1.0
194	196	1.0
194	197	1.0
194	198	1.0
194	199	1.0
194	200	1.0
194	201	1.0
72	202	1.0
72	203	1.0
72	204	1.0
72	205	1.0
72	206	1.0
72	207	1.0
72	208	1.0
72	209	1.0
72	210	1.0
72	211	1.0
72	212	1.0
212	213	1.0
212	214	1.0
212	215	1.0
212	216	1.0
72	217	1.0
72	218	1.0
72	219	1.0
72	220	1.0
72	221	1.0
72	222	1.0
72	223	1.0
72	224	1.0
72	225	1.0
72	226	1.0
72	227	1.0
72	228	1.0
72	229	1.0
72	230	1.0
72	231	1.0
72	232	1.0
72	233	1.0
72	234	1.0
72	235	1.0
72	236	1.0
72	237	1.0
72	238	1.0
72	239	1.0
72	240	1.0
72	241	1.0
72	242	1.0
72	243	1.0
72	244	1.0
72	245	1.0
245	246	1.0
245	247	1.0
245	248	1.0
245	249	1.0
245	250	1.0
245	251	1.0
245	252	1.0
72	253	1.0
253	254	1.0
253	255	1.0
253	256	1.0
253	257	1.0
253	258	1.0
253	259	1.0
253	260	1.0
253	261	1.0
72	262	1.0
72	263	1.0
72	264	1.0
72	265	1.0
72	266	1.0
72	267	1.0
72	268	1.0
72	269	1.0
72	270	1.0
72	271	1.0
72	272	1.0
72	273	1.0
72	274	1.0
72	275	1.0
72	276	1.0
276	277	1.0
276	278	1.0
278	279	1.0
278	280	1.0
278	281	1.0
278	282	1.0
278	283	1.0
278	284	1.0
276	285	1.0
276	286	1.0
72	287	1.0
72	288	1.0
72	289	1.0
72	290	1.0
72	291	1.0
72	292	1.0
72	293	1.0
72	294	1.0
72	295	1.0
72	296	1.0
72	297	1.0
72	298	1.0
72	299	1.0
72	300	1.0
72	301	1.0
72	302	1.0
72	303	1.0
72	304	1.0
72	305	1.0
72	306	1.0
72	307	1.0
72	308	1.0
308	309	1.0
308	310	1.0
308	311	1.0
308	312	1.0
308	313	1.0
308	314	1.0
72	315	1.0
72	316	1.0
72	317	1.0
72	318	1.0
72	319	1.0
72	320	1.0
320	321	1.0
320	322	1.0
320	323	1.0
320	324	1.0
320	325	1.0
320	326	1.0
320	327	1.0
320	328	1.0
320	329	1.0
72	330	1.0
72	331	1.0
72	332	1.0
72	333	1.0
72	334	1.0
72	335	1.0
72	336	1.0
72	337	1.0
72	338	1.0
72	339	1.0
72	340	1.0
340	341	1.0
340	342	1.0
340	343	1.0
340	344	1.0
340	345	1.0
340	346	1.0
340	347	1.0
340	348	1.0
340	349	1.0
340	350	1.0
340	351	1.0
340	352	1.0
340	353	1.0
340	354	1.0
340	355	1.0
340	356	1.0
356	357	1.0
356	358	1.0
358	359	1.0
358	360	1.0
358	361	1.0
358	362	1.0
356	363	1.0
340	364	1.0
340	365	1.0
340	366	1.0
340	367	1.0
340	368	1.0
340	369	1.0
340	370	1.0
340	371	1.0
340	372	1.0
340	373	1.0
340	374	1.0
340	375	1.0
340	376	1.0
340	377	1.0
340	378	1.0
340	379	1.0
340	380	1.0
340	381	1.0
340	382	1.0
340	383	1.0
340	384	1.0
340	385	1.0
340	386	1.0
340	387	1.0
340	388	1.0
340	389	1.0
389	390	1.0
389	391	1.0
389	392	1.0
389	393	1.0
389	394	1.0
389	395	1.0
389	396	1.0
389	397	1.0
389	398	1.0
389	399	1.0
389	400	1.0
389	401	1.0
401	402	1.0
401	403	1.0
403	404	1.0
403	405	1.0
403	406	1.0
403	407	1.0
403	408	1.0
403	409	1.0
409	410	1.0
409	411	1.0
409	412	1.0
409	413	1.0
409	414	1.0
409	415	1.0
409	416	1.0
409	417	1.0
417	418	1.0
417	419	1.0
417	420	1.0
417	421	1.0
417	422	1.0
417	423	1.0
417	424	1.0
409	425	1.0
403	426	1.0
403	427	1.0
403	428	1.0
403	429	1.0
401	430	1.0
401	431	1.0
389	432	1.0
389	433	1.0
433	434	1.0
433	435	1.0
433	436	1.0
433	437	1.0
433	438	1.0
389	439	1.0
389	440	1.0
389	441	1.0
389	442	1.0
389	443	1.0
389	444	1.0
389	445	1.0
389	446	1.0
389	447	1.0
389	448	1.0
389	449	1.0
389	450	1.0
450	451	1.0
450	452	1.0
450	453	1.0
450	454	1.0
450	455	1.0
450	456	1.0
389	457	1.0
389	458	1.0
389	459	1.0
389	460	1.0
389	461	1.0
389	462	1.0
389	463	1.0
389	464	1.0
389	465	1.0
389	466	1.0
389	467	1.0
467	468	1.0
467	469	1.0
467	470	1.0
467	471	1.0
467	472	1.0
467	473	1.0
467	474	1.0
467	475	1.0
467	476	1.0
467	477	1.0
389	478	1.0
389	479	1.0
389	480	1.0
389	481	1.0
389	482	1.0
389	483	1.0
389	484	1.0
389	485	1.0
389	486	1.0
389	487	1.0
389	488	1.0
389	489	1.0
389	490	1.0
389	491	1.0
389	492	1.0
389	493	1.0
389	494	1.0
389	495	1.0
389	496	1.0
389	497	1.0
497	498	1.0
497	499	1.0
497	500	1.0
497	501	1.0
497	502	1.0
497	503	1.0
497	504	1.0
497	505	1.0
497	506	1.0
497	507	1.0
507	508	1.0
507	509	1.0
507	510	1.0
507	511	1.0
507	512	1.0
497	513	1.0
497	514	1.0
497	515	1.0
497	516	1.0
497	517	1.0
389	518	1.0
389	519	1.0
389	520	1.0
389	521	1.0
389	522	1.0
389	523	1.0
340	524	1.0
340	525	1.0
340	526	1.0
340	527	1.0
527	528	1.0
527	529	1.0
529	530	1.0
529	531	1.0
529	532	1.0
529	533	1.0
340	534	1.0
340	535	1.0
340	536	1.0
536	537	1.0
536	538	1.0
536	539	1.0
536	540	1.0
536	541	1.0
536	542	1.0
536	543	1.0
536	544	1.0
536	545	1.0
536	546	1.0
536	547	1.0
547	548	1.0
547	549	1.0
547	550	1.0
547	551	1.0
551	552	1.0
551	553	1.0
551	554	1.0
551	555	1.0
551	556	1.0
536	557	1.0
536	558	1.0
536	559	1.0
536	560	1.0
536	561	1.0
536	562	1.0
562	563	1.0
562	564	1.0
562	565	1.0
562	566	1.0
562	567	1.0
562	568	1.0
562	569	1.0
569	570	1.0
569	571	1.0
569	572	1.0
569	573	1.0
569	574	1.0
569	575	1.0
569	576	1.0
569	577	1.0
569	578	1.0
569	579	1.0
569	580	1.0
569	581	1.0
569	582	1.0
569	583	1.0
569	584	1.0
569	585	1.0
569	586	1.0
569	587	1.0
587	588	1.0
587	589	1.0
587	590	1.0
587	591	1.0
587	592	1.0
587	593	1.0
569	594	1.0
569	595	1.0
569	596	1.0
569	597	1.0
569	598	1.0
569	599	1.0
569	600	1.0
569	601	1.0
569	602	1.0
569	603	1.0
569	604	1.0
569	605	1.0
569	606	1.0
569	607	1.0
569	608	1.0
569	609	1.0
569	610	1.0
569	611	1.0
569	612	1.0
569	613	1.0
569	614	1.0
569	615	1.0
569	616	1.0
536	617	1.0
536	618	1.0
536	619	1.0
340	620	1.0
340	621	1.0
340	622	1.0
340	623	1.0
340	624	1.0
340	625	1.0
340	626	1.0
340	627	1.0
340	628	1.0
340	629	1.0
340	630	1.0
340	631	1.0
340	632	1.0
340	633	1.0
340	634	1.0
340	635	1.0
340	636	1.0
340	637	1.0
340	638	1.0
340	639	1.0
72	640	1.0
72	641	1.0
72	642	1.0
72	643	1.0
72	644	1.0
72	645	1.0
72	646	1.0
72	647	1.0
72	648	1.0
72	649	1.0
72	650	1.0
72	651	1.0
72	652	1.0
72	653	1.0
72	654	1.0
654	655	1.0
654	656	1.0
654	657	1.0
654	658	1.0
654	659	1.0
654	660	1.0
654	661	1.0
654	662	1.0
654	663	1.0
654	664	1.0
654	665	1.0
654	666	1.0
654	667	1.0
654	668	1.0
654	669	1.0
654	670	1.0
654	671	1.0
654	672	1.0
654	673	1.0
654	674	1.0
654	675	1.0
654	676	1.0
654	677	1.0
654	678	1.0
654	679	1.0
654	680	1.0
654	681	1.0
654	682	1.0
654	683	1.0
683	684	1.0
683	685	1.0
683	686	1.0
683	687	1.0
683	688	1.0
683	689	1.0
683	690	1.0
654	691	1.0
654	692	1.0
654	693	1.0
654	694	1.0
654	695	1.0
654	696	1.0
654	697	1.0
654	698	1.0
654	699	1.0
654	700	1.0
654	701	1.0
654	702	1.0
654	703	1.0
654	704	1.0
654	705	1.0
654	706	1.0
654	707	1.0
654	708	1.0
654	709	1.0
654	710	1.0
654	711	1.0
654	712	1.0
654	713	1.0
654	714	1.0
654	715	1.0
654	716	1.0
654	717	1.0
654	718	1.0
654	719	1.0
654	720	1.0
654	721	1.0
654	722	1.0
654	723	1.0
654	724	1.0
654	725	1.0
654	726	1.0
654	727	1.0
727	728	1.0
727	729	1.0
727	730	1.0
727	731	1.0
727	732	1.0
727	733	1.0
727	734	1.0
727	735	1.0
727	736	1.0
727	737	1.0
727	738	1.0
727	739	1.0
727	740	1.0
727	741	1.0
727	742	1.0
727	743	1.0
727	744	1.0
727	745	1.0
727	746	1.0
727	747	1.0
727	748	1.0
727	749	1.0
727	750	1.0
727	751	1.0
727	752	1.0
727	753	1.0
727	754	1.0
727	755	1.0
727	756	1.0
727	757	1.0
727	758	1.0
727	759	1.0
727	760	1.0
727	761	1.0
727	762	1.0
727	763	1.0
727	764	1.0
727	765	1.0
727	766	1.0
727	767	1.0
727	768	1.0
727	769	1.0
727	770	1.0
727	771	1.0
727	772	1.0
727	773	1.0
727	774	1.0
727	775	1.0
727	776	1.0
727	777	1.0
727	778	1.0
727	779	1.0
727	780	1.0
727	781	1.0
727	782	1.0
727	783	1.0
727	784	1.0
784	785	1.0
784	786	1.0
784	787	1.0
784	788	1.0
784	789	1.0
727	790	1.0
727	791	1.0
727	792	1.0
727	793	1.0
727	794	1.0
727	795	1.0
727	796	1.0
727	797	1.0
727	798	1.0
727	799	1.0
727	800	1.0
727	801	1.0
727	802	1.0
802	803	1.0
802	804	1.0
802	805	1.0
802	806	1.0
727	807	1.0
727	808	1.0
727	809	1.0
727	810	1.0
727	811	1.0
727	812	1.0
727	813	1.0
727	814	1.0
727	815	1.0
727	816	1.0
727	817	1.0
727	818	1.0
727	819	1.0
727	820	1.0
727	821	1.0
727	822	1.0
727	823	1.0
727	824	1.0
727	825	1.0
727	826	1.0
727	827	1.0
727	828	1.0
828	829	1.0
828	830	1.0
828	831	1.0
828	832	1.0
727	833	1.0
727	834	1.0
727	835	1.0
727	836	1.0
727	837	1.0
727	838	1.0
727	839	1.0
727	840	1.0
727	841	1.0
727	842	1.0
842	843	1.0
842	844	1.0
842	845	1.0
842	846	1.0
842	847	1.0
842	848	1.0
727	849	1.0
727	850	1.0
727	851	1.0
727	852	1.0
727	853	1.0
727	854	1.0
727	855	1.0
727	856	1.0
727	857	1.0
654	858	1.0
654	859	1.0
654	860	1.0
654	861	1.0
654	862	1.0
654	863	1.0
654	864	1.0
654	865	1.0
654	866	1.0
654	867	1.0
654	868	1.0
654	869	1.0
654	870	1.0
654	871	1.0
654	872	1.0
654	873	1.0
654	874	1.0
654	875	1.0
654	876	1.0
654	877	1.0
654	878	1.0
654	879	1.0
879	880	1.0
879	881	1.0
879	882	1.0
879	883	1.0
879	884	1.0
879	885	1.0
879	886	1.0
879	887	1.0
879	888	1.0
879	889	1.0
879	890	1.0
890	891	1.0
890	892	1.0
890	893	1.0
890	894	1.0
894	895	1.0
894	896	1.0
894	897	1.0
894	898	1.0
890	899	1.0
890	900	1.0
890	901	1.0
890	902	1.0
890	903	1.0
890	904	1.0
890	905	1.0
890	906	1.0
890	907	1.0
890	908	1.0
890	909	1.0
890	910	1.0
890	911	1.0
890	912	1.0
890	913	1.0
890	914	1.0
890	915	1.0
915	916	1.0
915	917	1.0
915	918	1.0
915	919	1.0
915	920	1.0
890	921	1.0
890	922	1.0
890	923	1.0
890	924	1.0
890	925	1.0
890	926	1.0
890	927	1.0
890	928	1.0
890	929	1.0
890	930	1.0
890	931	1.0
931	932	1.0
931	933	1.0
931	934	1.0
931	935	1.0
931	936	1.0
931	937	1.0
931	938	1.0
931	939	1.0
931	940	1.0
890	941	1.0
890	942	1.0
890	943	1.0
890	944	1.0
890	945	1.0
890	946	1.0
890	947	1.0
890	948	1.0
890	949	1.0
890	950	1.0
879	951	1.0
879	952	1.0
879	953	1.0
879	954	1.0
879	955	1.0
879	956	1.0
879	957	1.0
879	958	1.0
654	959	1.0
654	960	1.0
654	961	1.0
654	962	1.0
654	963	1.0
963	964	1.0
963	965	1.0
963	966	1.0
963	967	1.0
963	968	1.0
963	969	1.0
963	970	1.0
963	971	1.0
654	972	1.0
654	973	1.0
654	974	1.0
654	975	1.0
975	976	1.0
975	977	1.0
975	978	1.0
975	979	1.0
975	980	1.0
975	981	1.0
975	982	1.0
975	983	1.0
975	984	1.0
975	985	1.0
975	986	1.0
975	987	1.0
975	988	1.0
975	989	1.0
989	990	1.0
989	991	1.0
989	992	1.0
989	993	1.0
989	994	1.0
989	995	1.0
975	996	1.0
975	997	1.0
975	998	1.0
975	999	1.0
975	1000	1.0
975	1001	1.0
975	1002	1.0
975	1003	1.0
975	1004	1.0
975	1005	1.0
975	1006	1.0
975	1007	1.0
975	1008	1.0
975	1009	1.0
975	1010	1.0
975	1011	1.0
975	1012	1.0
975	1013	1.0
975	1014	1.0
975	1015	1.0
975	1016	1.0
1016	1017	1.0
1017	1018	1.0
1017	1019	1.0
1017	1020	1.0
1017	1021	1.0
1017	1022	1.0
1016	1023	1.0
975	1024	1.0
975	1025	1.0
975	1026	1.0
975	1027	1.0
975	1028	1.0
1028	1029	1.0
1028	1030	1.0
1028	1031	1.0
1028	1032	1.0
1028	1033	1.0
975	1034	1.0
975	1035	1.0
975	1036	1.0
975	1037	1.0
975	1038	1.0
975	1039	1.0
975	1040	1.0
975	1041	1.0
975	1042	1.0
975	1043	1.0
975	1044	1.0
975	1045	1.0
975	1046	1.0
975	1047	1.0
975	1048	1.0
975	1049	1.0
975	1050	1.0
975	1051	1.0
975	1052	1.0
975	1053	1.0
975	1054	1.0
975	1055	1.0
975	1056	1.0
975	1057	1.0
975	1058	1.0
975	1059	1.0
975	1060	1.0
975	1061	1.0
975	1062	1.0
975	1063	1.0
975	1064	1.0
975	1065	1.0
975	1066	1.0
975	1067	1.0
975	1068	1.0
975	1069	1.0
975	1070	1.0
975	1071	1.0
975	1072	1.0
975	1073	1.0
975	1074	1.0
654	1075	1.0
654	1076	1.0
654	1077	1.0
654	1078	1.0
654	1079	1.0
654	1080	1.0
654	1081	1.0
1081	1082	1.0
1081	1083	1.0
1083	1084	1.0
1083	1085	1.0
1083	1086	1.0
1083	1087	1.0
1081	1088	1.0
654	1089	1.0
654	1090	1.0
654	1091	1.0
654	1092	1.0
654	1093	1.0
654	1094	1.0
654	1095	1.0
654	1096	1.0
654	1097	1.0
654	1098	1.0
654	1099	1.0
654	1100	1.0
654	1101	1.0
1101	1102	1.0
1101	1103	1.0
1101	1104	1.0
1101	1105	1.0
1101	1106	1.0
1106	1107	1.0
1106	1108	1.0
1106	1109	1.0
1106	1110	1.0
1106	1111	1.0
1106	1112	1.0
1106	1113	1.0
1106	1114	1.0
1106	1115	1.0
1101	1116	1.0
1101	1117	1.0
1101	1118	1.0
1101	1119	1.0
654	1120	1.0
1120	1121	1.0
1120	1122	1.0
1120	1123	1.0
1120	1124	1.0
654	1125	1.0
654	1126	1.0
654	1127	1.0
654	1128	1.0
654	1129	1.0
654	1130	1.0
654	1131	1.0
654	1132	1.0
654	1133	1.0
654	1134	1.0
654	1135	1.0
1135	1136	1.0
1135	1137	1.0
1135	1138	1.0
1135	1139	1.0
654	1140	1.0
654	1141	1.0
654	1142	1.0
654	1143	1.0
654	1144	1.0
654	1145	1.0
654	1146	1.0
654	1147	1.0
654	1148	1.0
654	1149	1.0
1149	1150	1.0
1150	1151	1.0
1150	1152	1.0
1150	1153	1.0
1150	1154	1.0
1150	1155	1.0
1150	1156	1.0
1149	1157	1.0
1149	1158	1.0
1149	1159	1.0
1149	1160	1.0
1149	1161	1.0
1161	1162	1.0
1161	1163	1.0
1161	1164	1.0
1161	1165	1.0
1149	1166	1.0
1149	1167	1.0
1149	1168	1.0
1149	1169	1.0
1149	1170	1.0
1149	1171	1.0
1149	1172	1.0
1149	1173	1.0
1149	1174	1.0
1149	1175	1.0
654	1176	1.0
654	1177	1.0
654	1178	1.0
654	1179	1.0
654	1180	1.0
654	1181	1.0
1181	1182	1.0
1181	1183	1.0
1181	1184	1.0
1181	1185	1.0
1181	1186	1.0
1181	1187	1.0
1187	1188	1.0
1187	1189	1.0
1187	1190	1.0
1187	1191	1.0
1187	1192	1.0
1181	1193	1.0
1181	1194	1.0
1181	1195	1.0
1181	1196	1.0
1181	1197	1.0
1181	1198	1.0
1181	1199	1.0
1181	1200	1.0
1181	1201	1.0
1181	1202	1.0
654	1203	1.0
654	1204	1.0
654	1205	1.0
654	1206	1.0
654	1207	1.0
654	1208	1.0
654	1209	1.0
654	1210	1.0
654	1211	1.0
654	1212	1.0
654	1213	1.0
654	1214	1.0
72	1215	1.0
72	1216	1.0
72	1217	1.0
72	1218	1.0
1218	1219	1.0
1218	1220	1.0
1218	1221	1.0
1218	1222	1.0
1218	1223	1.0
72	1224	1.0
72	1225	1.0
72	1226	1.0
72	1227	1.0
72	1228	1.0
72	1229	1.0
72	1230	1.0
72	1231	1.0
72	1232	1.0
72	1233	1.0
72	1234	1.0
1234	1235	1.0
1234	1236	1.0
1234	1237	1.0
1234	1238	1.0
1234	1239	1.0
1234	1240	1.0
1234	1241	1.0
1241	1242	1.0
1241	1243	1.0
1241	1244	1.0
1241	1245	1.0
1234	1246	1.0
72	1247	1.0
72	1248	1.0
72	1249	1.0
72	1250	1.0
72	1251	1.0
72	1252	1.0
72	1253	1.0
72	1254	1.0
72	1255	1.0
72	1256	1.0
72	1257	1.0
72	1258	1.0
1258	1259	1.0
1258	1260	1.0
1260	1261	1.0
1260	1262	1.0
1260	1263	1.0
1260	1264	1.0
1260	1265	1.0
1260	1266	1.0
1266	1267	1.0
1266	1268	1.0
1266	1269	1.0
1266	1270	1.0
1266	1271	1.0
1271	1272	1.0
1271	1273	1.0
1271	1274	1.0
1271	1275	1.0
1271	1276	1.0
1271	1277	1.0
1271	1278	1.0
1271	1279	1.0
1271	1280	1.0
1271	1281	1.0
1271	1282	1.0
1271	1283	1.0
1271	1284	1.0
1271	1285	1.0
1271	1286	1.0
1271	1287	1.0
1271	1288	1.0
1271	1289	1.0
1271	1290	1.0
1271	1291	1.0
1271	1292	1.0
1271	1293	1.0
1271	1294	1.0
1271	1295	1.0
1271	1296	1.0
1271	1297	1.0
1271	1298	1.0
1266	1299	1.0
1266	1300	1.0
1260	1301	1.0
1260	1302	1.0
1260	1303	1.0
72	1304	1.0
72	1305	1.0
72	1306	1.0
72	1307	1.0
72	1308	1.0
72	1309	1.0
72	1310	1.0
72	1311	1.0
72	1312	1.0
72	1313	1.0
72	1314	1.0
72	1315	1.0
72	1316	1.0
72	1317	1.0
72	1318	1.0
72	1319	1.0
72	1320	1.0
72	1321	1.0
72	1322	1.0
72	1323	1.0
72	1324	1.0
72	1325	1.0
1325	1326	1.0
1325	1327	1.0
1325	1328	1.0
1325	1329	1.0
1325	1330	1.0
1325	1331	1.0
72	1332	1.0
72	1333	1.0
72	1334	1.0
72	1335	1.0
72	1336	1.0
72	1337	1.0
72	1338	1.0
72	1339	1.0
72	1340	1.0
72	1341	1.0
72	1342	1.0
72	1343	1.0
1343	1344	1.0
1343	1345	1.0
1343	1346	1.0
1343	1347	1.0
72	1348	1.0
72	1349	1.0
72	1350	1.0
72	1351	1.0
72	1352	1.0
72	1353	1.0
72	1354	1.0
72	1355	1.0
72	1356	1.0
72	1357	1.0
72	1358	1.0
72	1359	1.0
72	1360	1.0
72	1361	1.0
1361	1362	1.0
1361	1363	1.0
1361	1364	1.0
1361	1365	1.0
1361	1366	1.0
1361	1367	1.0
1361	1368	1.0
1361	1369	1.0
1361	1370	1.0
1361	1371	1.0
1361	1372	1.0
1361	1373	1.0
1361	1374	1.0
1361	1375	1.0
1361	1376	1.0
1361	1377	1.0
1361	1378	1.0
1361	1379	1.0
1361	1380	1.0
1361	1381	1.0
1361	1382	1.0
1361	1383	1.0
1361	1384	1.0
1361	1385	1.0
1361	1386	1.0
1361	1387	1.0
1361	1388	1.0
1361	1389	1.0
1361	1390	1.0
1361	1391	1.0
1361	1392	1.0
1361	1393	1.0
1361	1394	1.0
1361	1395	1.0
1361	1396	1.0
1361	1397	1.0
1361	1398	1.0
1361	1399	1.0
1361	1400	1.0
1361	1401	1.0
1361	1402	1.0
1361	1403	1.0
1361	1404	1.0
1361	1405	1.0
1361	1406	1.0
1406	1407	1.0
1406	1408	1.0
1406	1409	1.0
1406	1410	1.0
1406	1411	1.0
1406	1412	1.0
1406	1413	1.0
1406	1414	1.0
1406	1415	1.0
1406	1416	1.0
1406	1417	1.0
1406	1418	1.0
1406	1419	1.0
1406	1420	1.0
1406	1421	1.0
1406	1422	1.0
1422	1423	1.0
1422	1424	1.0
1422	1425	1.0
1422	1426	1.0
1422	1427	1.0
1422	1428	1.0
1422	1429	1.0
1422	1430	1.0
1422	1431	1.0
1422	1432	1.0
1422	1433	1.0
1422	1434	1.0
1422	1435	1.0
1422	1436	1.0
1422	1437	1.0
1422	1438	1.0
1406	1439	1.0
1406	1440	1.0
1406	1441	1.0
1406	1442	1.0
1406	1443	1.0
1406	1444	1.0
1406	1445	1.0
1406	1446	1.0
1406	1447	1.0
1406	1448	1.0
1406	1449	1.0
1406	1450	1.0
1406	1451	1.0
1406	1452	1.0
1406	1453	1.0
1406	1454	1.0
1406	1455	1.0
1406	1456	1.0
1406	1457	1.0
1406	1458	1.0
1458	1459	1.0
1458	1460	1.0
1458	1461	1.0
1458	1462	1.0
1458	1463	1.0
1458	1464	1.0
1458	1465	1.0
1458	1466	1.0
1458	1467	1.0
1458	1468	1.0
1458	1469	1.0
1406	1470	1.0
1406	1471	1.0
1406	1472	1.0
1361	1473	1.0
1361	1474	1.0
1361	1475	1.0
1361	1476	1.0
1361	1477	1.0
1361	1478	1.0
1361	1479	1.0
1361	1480	1.0
1361	1481	1.0
1361	1482	1.0
1361	1483	1.0
1361	1484	1.0
1361	1485	1.0
1361	1486	1.0
1361	1487	1.0
1361	1488	1.0
1361	1489	1.0
1361	1490	1.0
1361	1491	1.0
1361	1492	1.0
1361	1493	1.0
1361	1494	1.0
1361	1495	1.0
1361	1496	1.0
1361	1497	1.0
1361	1498	1.0
1361	1499	1.0
1361	1500	1.0
1361	1501	1.0
1361	1502	1.0
1361	1503	1.0
1361	1504	1.0
1361	1505	1.0
1361	1506	1.0
1361	1507	1.0
1361	1508	1.0
1361	1509	1.0
1361	1510	1.0
1361	1511	1.0
1361	1512	1.0
1361	1513	1.0
1361	1514	1.0
1361	1515	1.0
1361	1516	1.0
1361	1517	1.0
1517	1518	1.0
1517	1519	1.0
1517	1520	1.0
1517	1521	1.0
1517	1522	1.0
1517	1523	1.0
1517	1524	1.0
1517	1525	1.0
1517	1526	1.0
1517	1527	1.0
1517	1528	1.0
1517	1529	1.0
1517	1530	1.0
1517	1531	1.0
1517	1532	1.0
1517	1533	1.0
1517	1534	1.0
1517	1535	1.0
1517	1536	1.0
1517	1537	1.0
1517	1538	1.0
1517	1539	1.0
1517	1540	1.0
1517	1541	1.0
1517	1542	1.0
1517	1543	1.0
1517	1544	1.0
1517	1545	1.0
1517	1546	1.0
1517	1547	1.0
1517	1548	1.0
1517	1549	1.0
1517	1550	1.0
1517	1551	1.0
1517	1552	1.0
1517	1553	1.0
1517	1554	1.0
1517	1555	1.0
1517	1556	1.0
1517	1557	1.0
1517	1558	1.0
1517	1559	1.0
1517	1560	1.0
1517	1561	1.0
1517	1562	1.0
1517	1563	1.0
1517	1564	1.0
1517	1565	1.0
1517	1566	1.0
1517	1567	1.0
1517	1568	1.0
1517	1569	1.0
1517	1570	1.0
1517	1571	1.0
1517	1572	1.0
1361	1573	1.0
1361	1574	1.0
1361	1575	1.0
1575	1576	1.0
1575	1577	1.0
1575	1578	1.0
1575	1579	1.0
1575	1580	1.0
1575	1581	1.0
1575	1582	1.0
1575	1583	1.0
1575	1584	1.0
1575	1585	1.0
1575	1586	1.0
1575	1587	1.0
1575	1588	1.0
1575	1589	1.0
1575	1590	1.0
1575	1591	1.0
1575	1592	1.0
1575	1593	1.0
1575	1594	1.0
1575	1595	1.0
1575	1596	1.0
1575	1597	1.0
1575	1598	1.0
1575	1599	1.0
1575	1600	1.0
1575	1601	1.0
1575	1602	1.0
1575	1603	1.0
1575	1604	1.0
1575	1605	1.0
1575	1606	1.0
1575	1607	1.0
1575	1608	1.0
1575	1609	1.0
1609	1610	1.0
1609	1611	1.0
1609	1612	1.0
1609	1613	1.0
1575	1614	1.0
1575	1615	1.0
1575	1616	1.0
1575	1617	1.0
1575	1618	1.0
1618	1619	1.0
1618	1620	1.0
1618	1621	1.0
1621	1622	1.0
1621	1623	1.0
1621	1624	1.0
1621	1625	1.0
1621	1626	1.0
1618	1627	1.0
1575	1628	1.0
1575	1629	1.0
1575	1630	1.0
1575	1631	1.0
1575	1632	1.0
1575	1633	1.0
1575	1634	1.0
1575	1635	1.0
1575	1636	1.0
1575	1637	1.0
1637	1638	1.0
1637	1639	1.0
1637	1640	1.0
1637	1641	1.0
1575	1642	1.0
1575	1643	1.0
1575	1644	1.0
1575	1645	1.0
1575	1646	1.0
1575	1647	1.0
1575	1648	1.0
1575	1649	1.0
1575	1650	1.0
1575	1651	1.0
1575	1652	1.0
1575	1653	1.0
1575	1654	1.0
1575	1655	1.0
1655	1656	1.0
1655	1657	1.0
1655	1658	1.0
1655	1659	1.0
1655	1660	1.0
1655	1661	1.0
1575	1662	1.0
1575	1663	1.0
1575	1664	1.0
1575	1665	1.0
1575	1666	1.0
1666	1667	1.0
1666	1668	1.0
1666	1669	1.0
1666	1670	1.0
1666	1671	1.0
1666	1672	1.0
1666	1673	1.0
1666	1674	1.0
1666	1675	1.0
1666	1676	1.0
1575	1677	1.0
1575	1678	1.0
1575	1679	1.0
1575	1680	1.0
1575	1681	1.0
1575	1682	1.0
1575	1683	1.0
1575	1684	1.0
1575	1685	1.0
1575	1686	1.0
1575	1687	1.0
1575	1688	1.0
1575	1689	1.0
1575	1690	1.0
1575	1691	1.0
1575	1692	1.0
1575	1693	1.0
1575	1694	1.0
1575	1695	1.0
1575	1696	1.0
1575	1697	1.0
1575	1698	1.0
1575	1699	1.0
1575	1700	1.0
1575	1701	1.0
1575	1702	1.0
1575	1703	1.0
1575	1704	1.0
1575	1705	1.0
1575	1706	1.0
1575	1707	1.0
1575	1708	1.0
1575	1709	1.0
1575	1710	1.0
1575	1711	1.0
1575	1712	1.0
1575	1713	1.0
1713	1714	1.0
1713	1715	1.0
1713	1716	1.0
1713	1717	1.0
1713	1718	1.0
1718	1719	1.0
1718	1720	1.0
1718	1721	1.0
1718	1722	1.0
1722	1723	1.0
1722	1724	1.0
1722	1725	1.0
1722	1726	1.0
1722	1727	1.0
1722	1728	1.0
1722	1729	1.0
1722	1730	1.0
1722	1731	1.0
1718	1732	1.0
1718	1733	1.0
1718	1734	1.0
1718	1735	1.0
1718	1736	1.0
1718	1737	1.0
1718	1738	1.0
1718	1739	1.0
1718	1740	1.0
1718	1741	1.0
1718	1742	1.0
1718	1743	1.0
1575	1744	1.0
1575	1745	1.0
1575	1746	1.0
1575	1747	1.0
1747	1748	1.0
1747	1749	1.0
1747	1750	1.0
1747	1751	1.0
1575	1752	1.0
1575	1753	1.0
1575	1754	1.0
1575	1755	1.0
1575	1756	1.0
1575	1757	1.0
1575	1758	1.0
1575	1759	1.0
1575	1760	1.0
1575	1761	1.0
1575	1762	1.0
1575	1763	1.0
1575	1764	1.0
1575	1765	1.0
1575	1766	1.0
1575	1767	1.0
1575	1768	1.0
1575	1769	1.0
1575	1770	1.0
1575	1771	1.0
1575	1772	1.0
1575	1773	1.0
1575	1774	1.0
1575	1775	1.0
1575	1776	1.0
1575	1777	1.0
1575	1778	1.0
1575	1779	1.0
1575	1780	1.0
1575	1781	1.0
1575	1782	1.0
1782	1783	1.0
1782	1784	1.0
1782	1785	1.0
1782	1786	1.0
1782	1787	1.0
1782	1788	1.0
1782	1789	1.0
1782	1790	1.0
1782	1791	1.0
1782	1792	1.0
1782	1793	1.0
1575	1794	1.0
1575	1795	1.0
1575	1796	1.0
1575	1797	1.0
1575	1798	1.0
1575	1799	1.0
1575	1800	1.0
1575	1801	1.0
1575	1802	1.0
1575	1803	1.0
1575	1804	1.0
1575	1805	1.0
1575	1806	1.0
1575	1807	1.0
1807	1808	1.0
1807	1809	1.0
1807	1810	1.0
1807	1811	1.0
1807	1812	1.0
1575	1813	1.0
1575	1814	1.0
1575	1815	1.0
1575	1816	1.0
1575	1817	1.0
1575	1818	1.0
1818	1819	1.0
1818	1820	1.0
1818	1821	1.0
1818	1822	1.0
1818	1823	1.0
1818	1824	1.0
1575	1825	1.0
1575	1826	1.0
1575	1827	1.0
1575	1828	1.0
1575	1829	1.0
1575	1830	1.0
1575	1831	1.0
1575	1832	1.0
1575	1833	1.0
1575	1834	1.0
1575	1835	1.0
1575	1836	1.0
1575	1837	1.0
1575	1838	1.0
1575	1839	1.0
1575	1840	1.0
1575	1841	1.0
1575	1842	1.0
1575	1843	1.0
1575	1844	1.0
1575	1845	1.0
1575	1846	1.0
1575	1847	1.0
1575	1848	1.0
1575	1849	1.0
1575	1850	1.0
1575	1851	1.0
1575	1852	1.0
1575	1853	1.0
1575	1854	1.0
1575	1855	1.0
1575	1856	1.0
1575	1857	1.0
1575	1858	1.0
1575	1859	1.0
1575	1860	1.0
1575	1861	1.0
1575	1862	1.0
1575	1863	1.0
1575	1864	1.0
1575	1865	1.0
1575	1866	1.0
1575	1867	1.0
1575	1868	1.0
1575	1869	1.0
1575	1870	1.0
1575	1871	1.0
1575	1872	1.0
1872	1873	1.0
1872	1874	1.0
1872	1875	1.0
1872	1876	1.0
1575	1877	1.0
1575	1878	1.0
1575	1879	1.0
1575	1880	1.0
1575	1881	1.0
1575	1882	1.0
1575	1883	1.0
1361	1884	1.0
1361	1885	1.0
1361	1886	1.0
1361	1887	1.0
1361	1888	1.0
1361	1889	1.0
1361	1890	1.0
1361	1891	1.0
1361	1892	1.0
1361	1893	1.0
1361	1894	1.0
1361	1895	1.0
1361	1896	1.0
1361	1897	1.0
1361	1898	1.0
1361	1899	1.0
1361	1900	1.0
1361	1901	1.0
1361	1902	1.0
1361	1903	1.0
1361	1904	1.0
1361	1905	1.0
1361	1906	1.0
1361	1907	1.0
1907	1908	1.0
1907	1909	1.0
1907	1910	1.0
1907	1911	1.0
1907	1912	1.0
1907	1913	1.0
1907	1914	1.0
1907	1915	1.0
1907	1916	1.0
1907	1917	1.0
1907	1918	1.0
1907	1919	1.0
1919	1920	1.0
1919	1921	1.0
1919	1922	1.0
1919	1923	1.0
1919	1924	1.0
1919	1925	1.0
1907	1926	1.0
1907	1927	1.0
1907	1928	1.0
1907	1929	1.0
1907	1930	1.0
1907	1931	1.0
1907	1932	1.0
1907	1933	1.0
72	1934	1.0
72	1935	1.0
72	1936	1.0
72	1937	1.0
72	1938	1.0
72	1939	1.0
72	1940	1.0
72	1941	1.0
72	1942	1.0
72	1943	1.0
72	1944	1.0
72	1945	1.0
72	1946	1.0
72	1947	1.0
72	1948	1.0
72	1949	1.0
72	1950	1.0
72	1951	1.0
72	1952	1.0
72	1953	1.0
72	1954	1.0
72	1955	1.0
72	1956	1.0
72	1957	1.0
72	1958	1.0
72	1959	1.0
72	1960	1.0
72	1961	1.0
72	1962	1.0
72	1963	1.0
72	1964	1.0
72	1965	1.0
72	1966	1.0
72	1967	1.0
72	1968	1.0
72	1969	1.0
72	1970	1.0
72	1971	1.0
72	1972	1.0
72	1973	1.0
72	1974	1.0
72	1975	1.0
72	1976	1.0
72	1977	1.0
72	1978	1.0
72	1979	1.0
72	1980	1.0
72	1981	1.0
1981	1982	1.0
1981	1983	1.0
1981	1984	1.0
1984	1985	1.0
1984	1986	1.0
1984	1987	1.0
1984	1988	1.0
1984	1989	1.0
1984	1990	1.0
1984	1991	1.0
1984	1992	1.0
1992	1993	1.0
1992	1994	1.0
1992	1995	1.0
1992	1996	1.0
1992	1997	1.0
1984	1998	1.0
1984	1999	1.0
1984	2000	1.0
1984	2001	1.0
1984	2002	1.0
1984	2003	1.0
1984	2004	1.0
1984	2005	1.0
1984	2006	1.0
1984	2007	1.0
1984	2008	1.0
1984	2009	1.0
1984	2010	1.0
1984	2011	1.0
1984	2012	1.0
1984	2013	1.0
1984	2014	1.0
1984	2015	1.0
2015	2016	1.0
2015	2017	1.0
2015	2018	1.0
2018	2019	1.0
2018	2020	1.0
2020	2021	1.0
2020	2022	1.0
2020	2023	1.0
2020	2024	1.0
2020	2025	1.0
2018	2026	1.0
2018	2027	1.0
2018	2028	1.0
2018	2029	1.0
2015	2030	1.0
2015	2031	1.0
2015	2032	1.0
1984	2033	1.0
1984	2034	1.0
1984	2035	1.0
1984	2036	1.0
1984	2037	1.0
1984	2038	1.0
1984	2039	1.0
1984	2040	1.0
1984	2041	1.0
1984	2042	1.0
1984	2043	1.0
1981	2044	1.0
1981	2045	1.0
1981	2046	1.0
1981	2047	1.0
1981	2048	1.0
1981	2049	1.0
72	2050	1.0
72	2051	1.0
72	2052	1.0
72	2053	1.0
72	2054	1.0
72	2055	1.0
72	2056	1.0
72	2057	1.0
72	2058	1.0
72	2059	1.0
72	2060	1.0
72	2061	1.0
72	2062	1.0
72	2063	1.0
72	2064	1.0
35	2065	1.0
34	2066	1.0
2066	2067	1.0
2066	2068	1.0
2066	2069	1.0
2066	2070	1.0
2066	2071	1.0
2066	2072	1.0
2066	2073	1.0
2066	2074	1.0
2066	2075	1.0
2066	2076	1.0
2076	2077	1.0
2076	2078	1.0
2076	2079	1.0
2076	2080	1.0
2076	2081	1.0
2066	2082	1.0
2066	2083	1.0
2066	2084	1.0
2066	2085	1.0
2066	2086	1.0
2066	2087	1.0
2066	2088	1.0
2066	2089	1.0
2066	2090	1.0
2066	2091	1.0
2066	2092	1.0
2066	2093	1.0
2066	2094	1.0
2066	2095	1.0
2066	2096	1.0
2066	2097	1.0
2066	2098	1.0
2066	2099	1.0
33	2100	1.0
33	2101	1.0
33	2102	1.0
33	2103	1.0
33	2104	1.0
4	2105	1.0
4	2106	1.0
4	2107	1.0
4	2108	1.0
0	2109	1.0
0	2110	1.0
0	2111	1.0
