0	1	1.0
0	2	1.0
2	3	1.0
3	4	1.0
3	5	1.0
3	6	1.0
6	7	1.0
6	8	1.0
8	9	1.0
9	10	1.0
9	11	1.0
9	12	1.0
12	13	1.0
12	14	1.0
14	15	1.0
15	16	1.0
15	17	1.0
15	18	1.0
15	19	1.0
15	20	1.0
15	21	1.0
14	22	1.0
14	23	1.0
14	24	1.0
14	25	1.0
14	26	1.0
14	27	1.0
14	28	1.0
14	29	1.0
14	30	1.0
14	31	1.0
14	32	1.0
14	33	1.0
14	34	1.0
14	35	1.0
35	36	1.0
35	37	1.0
35	38	1.0
35	39	1.0
35	40	1.0
35	41	1.0
35	42	1.0
42	43	1.0
42	44	1.0
42	45	1.0
42	46	1.0
35	47	1.0
35	48	1.0
35	49	1.0
49	50	1.0
49	51	1.0
49	52	1.0
49	53	1.0
49	54	1.0
49	55	1.0
49	56	1.0
49	57	1.0
49	58	1.0
49	59	1.0
49	60	1.0
49	61	1.0
49	62	1.0
49	63	1.0
49	64	1.0
49	65	1.0
65	66	1.0
65	67	1.0
65	68	1.0
65	69	1.0
65	70	1.0
65	71	1.0
65	72	1.0
72	73	1.0
72	74	1.0
72	75	1.0
72	76	1.0
65	77	1.0
65	78	1.0
65	79	1.0
65	80	1.0
65	81	1.0
65	82	1.0
65	83	1.0
65	84	1.0
65	85	1.0
65	86	1.0
65	87	1.0
87	88	1.0
87	89	1.0
87	90	1.0
87	91	1.0
87	92	1.0
87	93	1.0
87	94	1.0
87	95	1.0
87	96	1.0
87	97	1.0
87	98	1.0
87	99	1.0
87	100	1.0
87	101	1.0
87	102	1.0
87	103	1.0
103	104	1.0
103	105	1.0
103	106	1.0
103	107	1.0
103	108	1.0
103	109	1.0
103	110	1.0
103	111	1.0
103	112	1.0
103	113	1.0
103	114	1.0
103	115	1.0
103	116	1.0
103	117	1.0
103	118	1.0
103	119	1.0
103	120	1.0
103	121	1.0
103	122	1.0
103	123	1.0
103	124	1.0
103	125	1.0
103	126	1.0
103	127	1.0
103	128	1.0
103	129	1.0
103	130	1.0
103	131	1.0
103	132	1.0
103	133	1.0
103	134	1.0
103	135	1.0
103	136	1.0
103	137	1.0
103	138	1.0
103	139	1.0
103	140	1.0
103	141	1.0
141	142	1.0
141	143	1.0
141	144	1.0
141	145	1.0
141	146	1.0
141	147	1.0
141	148	1.0
103	149	1.0
103	150	1.0
103	151	1.0
103	152	1.0
103	153	1.0
103	154	1.0
103	155	1.0
103	156	1.0
103	157	1.0
103	158	1.0
103	159	1.0
103	160	1.0
103	161	1.0
103	162	1.0
103	163	1.0
103	164	1.0
103	165	1.0
103	166	1.0
103	167	1.0
103	168	1.0
103	169	1.0
103	170	1.0
103	171	1.0
103	172	1.0
103	173	1.0
103	174	1.0
103	175	1.0
103	176	1.0
103	177	1.0
103	178	1.0
103	179	1.0
103	180	1.0
103	181	1.0
103	182	1.0
103	183	1.0
103	184	1.0
103	185	1.0
103	186	1.0
103	187	1.0
103	188	1.0
103	189	1.0
103	190	1.0
103	191	1.0
103	192	1.0
103	193	1.0
103	194	1.0
103	195	1.0
103	196	1.0
103	197	1.0
103	198	1.0
103	199	1.0
103	200	1.0
103	201	1.0
103	202	1.0
103	203	1.0
103	204	1.0
103	205	1.0
103	206	1.0
103	207	1.0
103	208	1.0
103	209	1.0
103	210	1.0
103	211	1.0
103	212	1.0
103	213	1.0
103	214	1.0
103	215	1.0
103	216	1.0
103	217	1.0
103	218	1.0
103	219	1.0
103	220	1.0
103	221	1.0
103	222	1.0
103	223	1.0
103	224	1.0
103	225	1.0
103	226	1.0
103	227	1.0
103	228	1.0
103	229	1.0
103	230	1.0
103	231	1.0
103	232	1.0
103	233	1.0
103	234	1.0
103	235	1.0
103	236	1.0
103	237	1.0
103	238	1.0
103	239	1.0
103	240	1.0
103	241	1.0
103	242	1.0
103	243	1.0
103	244	1.0
103	245	1.0
103	246	1.0
103	247	1.0
103	248	1.0
103	249	1.0
103	250	1.0
103	251	1.0
103	252	1.0
103	253	1.0
103	254	1.0
103	255	1.0
103	256	1.0
103	257	1.0
103	258	1.0
103	259	1.0
103	260	1.0
103	261	1.0
103	262	1.0
103	263	1.0
103	264	1.0
103	265	1.0
103	266	1.0
103	267	1.0
103	268	1.0
103	269	1.0
103	270	1.0
103	271	1.0
103	272	1.0
103	273	1.0
103	274	1.0
103	275	1.0
103	276	1.0
103	277	1.0
103	278	1.0
103	279	1.0
103	280	1.0
103	281	1.0
103	282	1.0
103	283	1.0
103	284	1.0
103	285	1.0
103	286	1.0
103	287	1.0
103	288	1.0
103	289	1.0
103	290	1.0
103	291	1.0
103	292	1.0
103	293	1.0
103	294	1.0
103	295	1.0
103	296	1.0
103	297	1.0
103	298	1.0
103	299	1.0
103	300	1.0
103	301	1.0
103	302	1.0
103	303	1.0
103	304	1.0
103	305	1.0
103	306	1.0
103	307	1.0
103	308	1.0
103	309	1.0
103	310	1.0
103	311	1.0
103	312	1.0
103	313	1.0
103	314	1.0
103	315	1.0
315	316	1.0
315	317	1.0
315	318	1.0
318	319	1.0
318	320	1.0
318	321	1.0
318	322	1.0
318	323	1.0
318	324	1.0
315	325	1.0
315	326	1.0
315	327	1.0
315	328	1.0
315	329	1.0
315	330	1.0
315	331	1.0
315	332	1.0
315	333	1.0
315	334	1.0
315	335	1.0
315	336	1.0
315	337	1.0
315	338	1.0
315	339	1.0
315	340	1.0
315	341	1.0
315	342	1.0
315	343	1.0
315	344	1.0
315	345	1.0
315	346	1.0
315	347	1.0
315	348	1.0
315	349	1.0
315	350	1.0
315	351	1.0
315	352	1.0
352	353	1.0
352	354	1.0
354	355	1.0
354	356	1.0
354	357	1.0
354	358	1.0
354	359	1.0
354	360	1.0
354	361	1.0
354	362	1.0
354	363	1.0
354	364	1.0
354	365	1.0
354	366	1.0
354	367	1.0
354	368	1.0
354	369	1.0
354	370	1.0
354	371	1.0
354	372	1.0
354	373	1.0
354	374	1.0
354	375	1.0
354	376	1.0
354	377	1.0
354	378	1.0
354	379	1.0
354	380	1.0
354	381	1.0
354	382	1.0
354	383	1.0
354	384	1.0
354	385	1.0
354	386	1.0
354	387	1.0
354	388	1.0
354	389	1.0
354	390	1.0
390	391	1.0
390	392	1.0
390	393	1.0
390	394	1.0
354	395	1.0
354	396	1.0
354	397	1.0
354	398	1.0
354	399	1.0
354	400	1.0
354	401	1.0
401	402	1.0
401	403	1.0
401	404	1.0
401	405	1.0
401	406	1.0
354	407	1.0
354	408	1.0
352	409	1.0
352	410	1.0
352	411	1.0
352	412	1.0
352	413	1.0
352	414	1.0
352	415	1.0
352	416	1.0
352	417	1.0
352	418	1.0
352	419	1.0
352	420	1.0
352	421	1.0
352	422	1.0
352	423	1.0
352	424	1.0
352	425	1.0
352	426	1.0
352	427	1.0
352	428	1.0
352	429	1.0
352	430	1.0
352	431	1.0
352	432	1.0
352	433	1.0
352	434	1.0
352	435	1.0
352	436	1.0
352	437	1.0
352	438	1.0
352	439	1.0
352	440	1.0
352	441	1.0
352	442	1.0
352	443	1.0
352	444	1.0
352	445	1.0
352	446	1.0
352	447	1.0
352	448	1.0
352	449	1.0
352	450	1.0
352	451	1.0
352	452	1.0
352	453	1.0
352	454	1.0
352	455	1.0
455	456	1.0
455	457	1.0
455	458	1.0
455	459	1.0
352	460	1.0
352	461	1.0
352	462	1.0
352	463	1.0
352	464	1.0
352	465	1.0
352	466	1.0
352	467	1.0
352	468	1.0
352	469	1.0
352	470	1.0
352	471	1.0
352	472	1.0
352	473	1.0
352	474	1.0
352	475	1.0
352	476	1.0
352	477	1.0
352	478	1.0
352	479	1.0
352	480	1.0
352	481	1.0
352	482	1.0
352	483	1.0
352	484	1.0
352	485	1.0
352	486	1.0
352	487	1.0
352	488	1.0
352	489	1.0
352	490	1.0
352	491	1.0
352	492	1.0
352	493	1.0
352	494	1.0
352	495	1.0
352	496	1.0
352	497	1.0
352	498	1.0
352	499	1.0
352	500	1.0
352	501	1.0
352	502	1.0
352	503	1.0
352	504	1.0
352	505	1.0
352	506	1.0
352	507	1.0
352	508	1.0
352	509	1.0
352	510	1.0
352	511	1.0
352	512	1.0
352	513	1.0
352	514	1.0
352	515	1.0
352	516	1.0
352	517	1.0
352	518	1.0
352	519	1.0
352	520	1.0
352	521	1.0
352	522	1.0
352	523	1.0
352	524	1.0
352	525	1.0
352	526	1.0
352	527	1.0
352	528	1.0
352	529	1.0
352	530	1.0
352	531	1.0
352	532	1.0
352	533	1.0
352	534	1.0
352	535	1.0
352	536	1.0
352	537	1.0
352	538	1.0
352	539	1.0
539	540	1.0
539	541	1.0
539	542	1.0
539	543	1.0
352	544	1.0
352	545	1.0
352	546	1.0
352	547	1.0
352	548	1.0
352	549	1.0
352	550	1.0
352	551	1.0
352	552	1.0
352	553	1.0
352	554	1.0
352	555	1.0
352	556	1.0
352	557	1.0
352	558	1.0
352	559	1.0
352	560	1.0
352	561	1.0
352	562	1.0
352	563	1.0
352	564	1.0
352	565	1.0
352	566	1.0
352	567	1.0
352	568	1.0
352	569	1.0
352	570	1.0
352	571	1.0
352	572	1.0
352	573	1.0
352	574	1.0
352	575	1.0
352	576	1.0
352	577	1.0
352	578	1.0
352	579	1.0
352	580	1.0
352	581	1.0
352	582	1.0
352	583	1.0
352	584	1.0
352	585	1.0
352	586	1.0
352	587	1.0
352	588	1.0
352	589	1.0
352	590	1.0
352	591	1.0
352	592	1.0
352	593	1.0
352	594	1.0
352	595	1.0
352	596	1.0
352	597	1.0
352	598	1.0
352	599	1.0
352	600	1.0
352	601	1.0
352	602	1.0
352	603	1.0
352	604	1.0
352	605	1.0
352	606	1.0
352	607	1.0
352	608	1.0
352	609	1.0
352	610	1.0
352	611	1.0
352	612	1.0
352	613	1.0
352	614	1.0
352	615	1.0
352	616	1.0
352	617	1.0
352	618	1.0
352	619	1.0
352	620	1.0
352	621	1.0
352	622	1.0
352	623	1.0
352	624	1.0
352	625	1.0
352	626	1.0
352	627	1.0
352	628	1.0
352	629	1.0
352	630	1.0
352	631	1.0
352	632	1.0
352	633	1.0
352	634	1.0
352	635	1.0
635	636	1.0
635	637	1.0
635	638	1.0
635	639	1.0
352	640	1.0
352	641	1.0
352	642	1.0
352	643	1.0
352	644	1.0
352	645	1.0
352	646	1.0
352	647	1.0
352	648	1.0
352	649	1.0
352	650	1.0
352	651	1.0
352	652	1.0
352	653	1.0
352	654	1.0
352	655	1.0
352	656	1.0
352	657	1.0
352	658	1.0
352	659	1.0
352	660	1.0
352	661	1.0
352	662	1.0
352	663	1.0
352	664	1.0
352	665	1.0
665	666	1.0
665	667	1.0
667	668	1.0
667	669	1.0
667	670	1.0
667	671	1.0
665	672	1.0
665	673	1.0
352	674	1.0
352	675	1.0
352	676	1.0
352	677	1.0
352	678	1.0
352	679	1.0
352	680	1.0
352	681	1.0
352	682	1.0
352	683	1.0
352	684	1.0
352	685	1.0
352	686	1.0
352	687	1.0
352	688	1.0
352	689	1.0
352	690	1.0
352	691	1.0
352	692	1.0
352	693	1.0
352	694	1.0
352	695	1.0
352	696	1.0
352	697	1.0
352	698	1.0
352	699	1.0
352	700	1.0
352	701	1.0
352	702	1.0
352	703	1.0
352	704	1.0
352	705	1.0
352	706	1.0
352	707	1.0
352	708	1.0
352	709	1.0
352	710	1.0
352	711	1.0
352	712	1.0
352	713	1.0
352	714	1.0
352	715	1.0
352	716	1.0
352	717	1.0
352	718	1.0
352	719	1.0
352	720	1.0
352	721	1.0
352	722	1.0
352	723	1.0
352	724	1.0
352	725	1.0
352	726	1.0
352	727	1.0
352	728	1.0
352	729	1.0
352	730	1.0
352	731	1.0
352	732	1.0
352	733	1.0
352	734	1.0
352	735	1.0
352	736	1.0
352	737	1.0
352	738	1.0
352	739	1.0
352	740	1.0
352	741	1.0
352	742	1.0
352	743	1.0
352	744	1.0
352	745	1.0
352	746	1.0
352	747	1.0
352	748	1.0
352	749	1.0
352	750	1.0
352	751	1.0
352	752	1.0
352	753	1.0
352	754	1.0
352	755	1.0
352	756	1.0
352	757	1.0
352	758	1.0
352	759	1.0
352	760	1.0
352	761	1.0
352	762	1.0
352	763	1.0
352	764	1.0
352	765	1.0
352	766	1.0
352	767	1.0
352	768	1.0
352	769	1.0
352	770	1.0
352	771	1.0
352	772	1.0
352	773	1.0
352	774	1.0
352	775	1.0
352	776	1.0
352	777	1.0
352	778	1.0
352	779	1.0
352	780	1.0
352	781	1.0
352	782	1.0
352	783	1.0
352	784	1.0
352	785	1.0
352	786	1.0
352	787	1.0
352	788	1.0
352	789	1.0
352	790	1.0
352	791	1.0
352	792	1.0
352	793	1.0
352	794	1.0
352	795	1.0
352	796	1.0
352	797	1.0
352	798	1.0
352	799	1.0
352	800	1.0
352	801	1.0
352	802	1.0
352	803	1.0
352	804	1.0
352	805	1.0
352	806	1.0
352	807	1.0
352	808	1.0
352	809	1.0
352	810	1.0
352	811	1.0
352	812	1.0
352	813	1.0
352	814	1.0
814	815	1.0
814	816	1.0
814	817	1.0
814	818	1.0
814	819	1.0
814	820	1.0
814	821	1.0
814	822	1.0
814	823	1.0
814	824	1.0
814	825	1.0
814	826	1.0
814	827	1.0
814	828	1.0
814	829	1.0
814	830	1.0
814	831	1.0
814	832	1.0
814	833	1.0
814	834	1.0
814	835	1.0
814	836	1.0
814	837	1.0
814	838	1.0
814	839	1.0
814	840	1.0
814	841	1.0
814	842	1.0
814	843	1.0
814	844	1.0
814	845	1.0
814	846	1.0
814	847	1.0
814	848	1.0
814	849	1.0
814	850	1.0
814	851	1.0
814	852	1.0
814	853	1.0
814	854	1.0
814	855	1.0
814	856	1.0
814	857	1.0
814	858	1.0
814	859	1.0
859	860	1.0
859	861	1.0
859	862	1.0
859	863	1.0
814	864	1.0
814	865	1.0
814	866	1.0
814	867	1.0
814	868	1.0
814	869	1.0
814	870	1.0
814	871	1.0
814	872	1.0
814	873	1.0
814	874	1.0
814	875	1.0
814	876	1.0
814	877	1.0
814	878	1.0
814	879	1.0
814	880	1.0
814	881	1.0
814	882	1.0
814	883	1.0
814	884	1.0
814	885	1.0
814	886	1.0
814	887	1.0
814	888	1.0
814	889	1.0
814	890	1.0
814	891	1.0
814	892	1.0
814	893	1.0
814	894	1.0
814	895	1.0
814	896	1.0
814	897	1.0
814	898	1.0
814	899	1.0
814	900	1.0
814	901	1.0
814	902	1.0
814	903	1.0
352	904	1.0
352	905	1.0
352	906	1.0
352	907	1.0
352	908	1.0
352	909	1.0
352	910	1.0
352	911	1.0
352	912	1.0
352	913	1.0
352	914	1.0
352	915	1.0
352	916	1.0
352	917	1.0
352	918	1.0
352	919	1.0
352	920	1.0
352	921	1.0
352	922	1.0
352	923	1.0
352	924	1.0
352	925	1.0
352	926	1.0
352	927	1.0
352	928	1.0
352	929	1.0
352	930	1.0
352	931	1.0
352	932	1.0
352	933	1.0
352	934	1.0
352	935	1.0
352	936	1.0
352	937	1.0
352	938	1.0
352	939	1.0
352	940	1.0
352	941	1.0
352	942	1.0
352	943	1.0
352	944	1.0
352	945	1.0
352	946	1.0
352	947	1.0
352	948	1.0
352	949	1.0
352	950	1.0
352	951	1.0
352	952	1.0
352	953	1.0
352	954	1.0
352	955	1.0
352	956	1.0
352	957	1.0
352	958	1.0
352	959	1.0
352	960	1.0
352	961	1.0
352	962	1.0
352	963	1.0
352	964	1.0
352	965	1.0
352	966	1.0
352	967	1.0
352	968	1.0
352	969	1.0
352	970	1.0
352	971	1.0
352	972	1.0
352	973	1.0
352	974	1.0
352	975	1.0
352	976	1.0
352	977	1.0
352	978	1.0
352	979	1.0
352	980	1.0
352	981	1.0
352	982	1.0
352	983	1.0
983	984	1.0
983	985	1.0
983	986	1.0
983	987	1.0
983	988	1.0
983	989	1.0
352	990	1.0
352	991	1.0
352	992	1.0
352	993	1.0
352	994	1.0
352	995	1.0
352	996	1.0
352	997	1.0
352	998	1.0
352	999	1.0
352	1000	1.0
352	1001	1.0
352	1002	1.0
352	1003	1.0
352	1004	1.0
352	1005	1.0
352	1006	1.0
352	1007	1.0
352	1008	1.0
352	1009	1.0
352	1010	1.0
352	1011	1.0
352	1012	1.0
352	1013	1.0
352	1014	1.0
352	1015	1.0
352	1016	1.0
352	1017	1.0
352	1018	1.0
352	1019	1.0
352	1020	1.0
352	1021	1.0
352	1022	1.0
352	1023	1.0
352	1024	1.0
352	1025	1.0
352	1026	1.0
352	1027	1.0
352	1028	1.0
352	1029	1.0
352	1030	1.0
352	1031	1.0
352	1032	1.0
352	1033	1.0
352	1034	1.0
352	1035	1.0
352	1036	1.0
352	1037	1.0
352	1038	1.0
352	1039	1.0
352	1040	1.0
352	1041	1.0
352	1042	1.0
352	1043	1.0
352	1044	1.0
352	1045	1.0
352	1046	1.0
352	1047	1.0
352	1048	1.0
352	1049	1.0
352	1050	1.0
352	1051	1.0
352	1052	1.0
352	1053	1.0
352	1054	1.0
352	1055	1.0
352	1056	1.0
352	1057	1.0
352	1058	1.0
352	1059	1.0
352	1060	1.0
352	1061	1.0
352	1062	1.0
352	1063	1.0
352	1064	1.0
352	1065	1.0
352	1066	1.0
352	1067	1.0
352	1068	1.0
352	1069	1.0
352	1070	1.0
352	1071	1.0
352	1072	1.0
352	1073	1.0
352	1074	1.0
352	1075	1.0
352	1076	1.0
352	1077	1.0
352	1078	1.0
352	1079	1.0
352	1080	1.0
352	1081	1.0
352	1082	1.0
352	1083	1.0
352	1084	1.0
352	1085	1.0
352	1086	1.0
352	1087	1.0
352	1088	1.0
352	1089	1.0
352	1090	1.0
352	1091	1.0
352	1092	1.0
352	1093	1.0
352	1094	1.0
352	1095	1.0
352	1096	1.0
352	1097	1.0
352	1098	1.0
352	1099	1.0
352	1100	1.0
352	1101	1.0
352	1102	1.0
352	1103	1.0
352	1104	1.0
352	1105	1.0
352	1106	1.0
352	1107	1.0
352	1108	1.0
352	1109	1.0
352	1110	1.0
352	1111	1.0
352	1112	1.0
352	1113	1.0
352	1114	1.0
352	1115	1.0
352	1116	1.0
352	1117	1.0
352	1118	1.0
352	1119	1.0
352	1120	1.0
352	1121	1.0
352	1122	1.0
352	1123	1.0
352	1124	1.0
352	1125	1.0
352	1126	1.0
352	1127	1.0
352	1128	1.0
1128	1129	1.0
1128	1130	1.0
1128	1131	1.0
1128	1132	1.0
1128	1133	1.0
1128	1134	1.0
1128	1135	1.0
1128	1136	1.0
1128	1137	1.0
1128	1138	1.0
1128	1139	1.0
352	1140	1.0
352	1141	1.0
352	1142	1.0
352	1143	1.0
352	1144	1.0
352	1145	1.0
352	1146	1.0
352	1147	1.0
352	1148	1.0
352	1149	1.0
352	1150	1.0
352	1151	1.0
352	1152	1.0
352	1153	1.0
1153	1154	1.0
1153	1155	1.0
1155	1156	1.0
1155	1157	1.0
1155	1158	1.0
1155	1159	1.0
352	1160	1.0
1160	1161	1.0
1160	1162	1.0
1160	1163	1.0
1160	1164	1.0
352	1165	1.0
352	1166	1.0
352	1167	1.0
352	1168	1.0
352	1169	1.0
352	1170	1.0
352	1171	1.0
352	1172	1.0
352	1173	1.0
352	1174	1.0
352	1175	1.0
352	1176	1.0
352	1177	1.0
352	1178	1.0
352	1179	1.0
352	1180	1.0
352	1181	1.0
352	1182	1.0
352	1183	1.0
352	1184	1.0
352	1185	1.0
352	1186	1.0
352	1187	1.0
352	1188	1.0
352	1189	1.0
352	1190	1.0
352	1191	1.0
352	1192	1.0
352	1193	1.0
352	1194	1.0
352	1195	1.0
352	1196	1.0
352	1197	1.0
352	1198	1.0
352	1199	1.0
352	1200	1.0
352	1201	1.0
352	1202	1.0
352	1203	1.0
352	1204	1.0
352	1205	1.0
352	1206	1.0
352	1207	1.0
352	1208	1.0
352	1209	1.0
352	1210	1.0
352	1211	1.0
352	1212	1.0
352	1213	1.0
352	1214	1.0
352	1215	1.0
352	1216	1.0
352	1217	1.0
352	1218	1.0
352	1219	1.0
352	1220	1.0
352	1221	1.0
352	1222	1.0
352	1223	1.0
352	1224	1.0
352	1225	1.0
352	1226	1.0
352	1227	1.0
352	1228	1.0
352	1229	1.0
352	1230	1.0
352	1231	1.0
352	1232	1.0
352	1233	1.0
352	1234	1.0
352	1235	1.0
352	1236	1.0
352	1237	1.0
352	1238	1.0
352	1239	1.0
352	1240	1.0
352	1241	1.0
352	1242	1.0
352	1243	1.0
352	1244	1.0
352	1245	1.0
352	1246	1.0
352	1247	1.0
352	1248	1.0
352	1249	1.0
352	1250	1.0
352	1251	1.0
352	1252	1.0
352	1253	1.0
352	1254	1.0
352	1255	1.0
352	1256	1.0
352	1257	1.0
352	1258	1.0
352	1259	1.0
352	1260	1.0
352	1261	1.0
352	1262	1.0
352	1263	1.0
352	1264	1.0
352	1265	1.0
352	1266	1.0
352	1267	1.0
352	1268	1.0
352	1269	1.0
352	1270	1.0
352	1271	1.0
352	1272	1.0
352	1273	1.0
352	1274	1.0
352	1275	1.0
352	1276	1.0
352	1277	1.0
352	1278	1.0
352	1279	1.0
352	1280	1.0
352	1281	1.0
352	1282	1.0
352	1283	1.0
352	1284	1.0
352	1285	1.0
352	1286	1.0
352	1287	1.0
352	1288	1.0
352	1289	1.0
352	1290	1.0
352	1291	1.0
352	1292	1.0
352	1293	1.0
352	1294	1.0
352	1295	1.0
352	1296	1.0
352	1297	1.0
352	1298	1.0
352	1299	1.0
352	1300	1.0
352	1301	1.0
352	1302	1.0
352	1303	1.0
352	1304	1.0
352	1305	1.0
352	1306	1.0
352	1307	1.0
352	1308	1.0
352	1309	1.0
352	1310	1.0
352	1311	1.0
352	1312	1.0
352	1313	1.0
352	1314	1.0
352	1315	1.0
352	1316	1.0
352	1317	1.0
352	1318	1.0
352	1319	1.0
352	1320	1.0
352	1321	1.0
352	1322	1.0
352	1323	1.0
352	1324	1.0
352	1325	1.0
352	1326	1.0
352	1327	1.0
352	1328	1.0
352	1329	1.0
352	1330	1.0
352	1331	1.0
352	1332	1.0
352	1333	1.0
352	1334	1.0
352	1335	1.0
352	1336	1.0
352	1337	1.0
352	1338	1.0
352	1339	1.0
352	1340	1.0
352	1341	1.0
352	1342	1.0
352	1343	1.0
352	1344	1.0
352	1345	1.0
352	1346	1.0
352	1347	1.0
352	1348	1.0
352	1349	1.0
352	1350	1.0
352	1351	1.0
352	1352	1.0
352	1353	1.0
352	1354	1.0
352	1355	1.0
352	1356	1.0
352	1357	1.0
352	1358	1.0
352	1359	1.0
352	1360	1.0
352	1361	1.0
352	1362	1.0
352	1363	1.0
352	1364	1.0
352	1365	1.0
352	1366	1.0
352	1367	1.0
352	1368	1.0
352	1369	1.0
352	1370	1.0
352	1371	1.0
352	1372	1.0
352	1373	1.0
352	1374	1.0
352	1375	1.0
352	1376	1.0
352	1377	1.0
352	1378	1.0
352	1379	1.0
352	1380	1.0
352	1381	1.0
352	1382	1.0
352	1383	1.0
352	1384	1.0
352	1385	1.0
352	1386	1.0
352	1387	1.0
352	1388	1.0
352	1389	1.0
352	1390	1.0
352	1391	1.0
352	1392	1.0
352	1393	1.0
352	1394	1.0
352	1395	1.0
352	1396	1.0
352	1397	1.0
352	1398	1.0
352	1399	1.0
352	1400	1.0
352	1401	1.0
1401	1402	1.0
1401	1403	1.0
1401	1404	1.0
1401	1405	1.0
1401	1406	1.0
352	1407	1.0
352	1408	1.0
352	1409	1.0
352	1410	1.0
352	1411	1.0
352	1412	1.0
352	1413	1.0
1413	1414	1.0
1413	1415	1.0
1413	1416	1.0
1413	1417	1.0
1413	1418	1.0
1413	1419	1.0
1413	1420	1.0
1413	1421	1.0
1413	1422	1.0
1413	1423	1.0
1413	1424	1.0
1413	1425	1.0
1413	1426	1.0
1413	1427	1.0
1413	1428	1.0
1413	1429	1.0
1413	1430	1.0
1413	1431	1.0
1413	1432	1.0
1413	1433	1.0
1413	1434	1.0
1413	1435	1.0
1413	1436	1.0
1413	1437	1.0
1413	1438	1.0
1413	1439	1.0
1413	1440	1.0
1413	1441	1.0
1413	1442	1.0
1413	1443	1.0
1413	1444	1.0
1413	1445	1.0
1413	1446	1.0
1413	1447	1.0
1413	1448	1.0
1413	1449	1.0
1413	1450	1.0
1413	1451	1.0
1413	1452	1.0
1413	1453	1.0
1413	1454	1.0
1413	1455	1.0
1413	1456	1.0
1413	1457	1.0
1413	1458	1.0
1413	1459	1.0
1413	1460	1.0
1413	1461	1.0
1413	1462	1.0
1413	1463	1.0
1413	1464	1.0
1413	1465	1.0
1413	1466	1.0
1413	1467	1.0
1413	1468	1.0
1413	1469	1.0
1413	1470	1.0
1413	1471	1.0
1413	1472	1.0
1413	1473	1.0
1413	1474	1.0
1413	1475	1.0
1413	1476	1.0
1413	1477	1.0
1413	1478	1.0
1413	1479	1.0
1413	1480	1.0
1413	1481	1.0
1413	1482	1.0
1413	1483	1.0
1413	1484	1.0
1413	1485	1.0
1413	1486	1.0
1413	1487	1.0
1413	1488	1.0
1413	1489	1.0
1413	1490	1.0
1413	1491	1.0
1413	1492	1.0
1413	1493	1.0
1413	1494	1.0
1413	1495	1.0
1413	1496	1.0
1413	1497	1.0
1413	1498	1.0
1413	1499	1.0
1413	1500	1.0
1413	1501	1.0
1413	1502	1.0
1413	1503	1.0
1413	1504	1.0
1413	1505	1.0
1413	1506	1.0
1413	1507	1.0
1413	1508	1.0
1413	1509	1.0
1413	1510	1.0
1413	1511	1.0
1413	1512	1.0
1413	1513	1.0
1413	1514	1.0
1413	1515	1.0
1413	1516	1.0
1413	1517	1.0
1413	1518	1.0
1413	1519	1.0
1413	1520	1.0
1413	1521	1.0
1413	1522	1.0
1413	1523	1.0
1413	1524	1.0
1413	1525	1.0
1413	1526	1.0
1413	1527	1.0
1413	1528	1.0
1413	1529	1.0
1413	1530	1.0
1413	1531	1.0
1413	1532	1.0
1413	1533	1.0
1413	1534	1.0
1413	1535	1.0
1413	1536	1.0
1413	1537	1.0
1413	1538	1.0
1413	1539	1.0
1413	1540	1.0
1413	1541	1.0
1413	1542	1.0
1413	1543	1.0
1413	1544	1.0
1413	1545	1.0
352	1546	1.0
352	1547	1.0
352	1548	1.0
352	1549	1.0
352	1550	1.0
352	1551	1.0
352	1552	1.0
352	1553	1.0
352	1554	1.0
352	1555	1.0
352	1556	1.0
352	1557	1.0
352	1558	1.0
352	1559	1.0
352	1560	1.0
352	1561	1.0
352	1562	1.0
352	1563	1.0
352	1564	1.0
352	1565	1.0
352	1566	1.0
352	1567	1.0
352	1568	1.0
352	1569	1.0
352	1570	1.0
352	1571	1.0
352	1572	1.0
352	1573	1.0
352	1574	1.0
352	1575	1.0
352	1576	1.0
352	1577	1.0
352	1578	1.0
352	1579	1.0
352	1580	1.0
352	1581	1.0
352	1582	1.0
352	1583	1.0
352	1584	1.0
352	1585	1.0
352	1586	1.0
352	1587	1.0
352	1588	1.0
352	1589	1.0
352	1590	1.0
352	1591	1.0
352	1592	1.0
352	1593	1.0
352	1594	1.0
352	1595	1.0
352	1596	1.0
352	1597	1.0
352	1598	1.0
352	1599	1.0
352	1600	1.0
352	1601	1.0
352	1602	1.0
352	1603	1.0
352	1604	1.0
352	1605	1.0
352	1606	1.0
352	1607	1.0
352	1608	1.0
352	1609	1.0
352	1610	1.0
352	1611	1.0
352	1612	1.0
352	1613	1.0
352	1614	1.0
352	1615	1.0
352	1616	1.0
352	1617	1.0
352	1618	1.0
352	1619	1.0
352	1620	1.0
352	1621	1.0
352	1622	1.0
352	1623	1.0
352	1624	1.0
352	1625	1.0
352	1626	1.0
352	1627	1.0
352	1628	1.0
1628	1629	1.0
1628	1630	1.0
1628	1631	1.0
1628	1632	1.0
1628	1633	1.0
1628	1634	1.0
1628	1635	1.0
1628	1636	1.0
1628	1637	1.0
1628	1638	1.0
1628	1639	1.0
1628	1640	1.0
1628	1641	1.0
1628	1642	1.0
1628	1643	1.0
1628	1644	1.0
1628	1645	1.0
1628	1646	1.0
1628	1647	1.0
1628	1648	1.0
1628	1649	1.0
1628	1650	1.0
1628	1651	1.0
1628	1652	1.0
1628	1653	1.0
1628	1654	1.0
1628	1655	1.0
1628	1656	1.0
1628	1657	1.0
1628	1658	1.0
1628	1659	1.0
1659	1660	1.0
1659	1661	1.0
1659	1662	1.0
1659	1663	1.0
1628	1664	1.0
1628	1665	1.0
1628	1666	1.0
1628	1667	1.0
1628	1668	1.0
1628	1669	1.0
1628	1670	1.0
1628	1671	1.0
1628	1672	1.0
1628	1673	1.0
1628	1674	1.0
1628	1675	1.0
1628	1676	1.0
1628	1677	1.0
1628	1678	1.0
1628	1679	1.0
1628	1680	1.0
1628	1681	1.0
1628	1682	1.0
1628	1683	1.0
1628	1684	1.0
1628	1685	1.0
1628	1686	1.0
1628	1687	1.0
1628	1688	1.0
1628	1689	1.0
1628	1690	1.0
1628	1691	1.0
1628	1692	1.0
1628	1693	1.0
1628	1694	1.0
1628	1695	1.0
1628	1696	1.0
1628	1697	1.0
1628	1698	1.0
1628	1699	1.0
1628	1700	1.0
1628	1701	1.0
1628	1702	1.0
1628	1703	1.0
1628	1704	1.0
1628	1705	1.0
1628	1706	1.0
1628	1707	1.0
1628	1708	1.0
1628	1709	1.0
1628	1710	1.0
1628	1711	1.0
1628	1712	1.0
1628	1713	1.0
1628	1714	1.0
352	1715	1.0
352	1716	1.0
352	1717	1.0
352	1718	1.0
352	1719	1.0
352	1720	1.0
352	1721	1.0
352	1722	1.0
352	1723	1.0
352	1724	1.0
352	1725	1.0
352	1726	1.0
352	1727	1.0
352	1728	1.0
352	1729	1.0
352	1730	1.0
352	1731	1.0
352	1732	1.0
352	1733	1.0
352	1734	1.0
352	1735	1.0
352	1736	1.0
352	1737	1.0
352	1738	1.0
352	1739	1.0
352	1740	1.0
352	1741	1.0
352	1742	1.0
352	1743	1.0
352	1744	1.0
352	1745	1.0
352	1746	1.0
352	1747	1.0
352	1748	1.0
352	1749	1.0
352	1750	1.0
352	1751	1.0
352	1752	1.0
352	1753	1.0
352	1754	1.0
352	1755	1.0
352	1756	1.0
352	1757	1.0
352	1758	1.0
352	1759	1.0
352	1760	1.0
352	1761	1.0
352	1762	1.0
352	1763	1.0
352	1764	1.0
352	1765	1.0
352	1766	1.0
1766	1767	1.0
1766	1768	1.0
1768	1769	1.0
1768	1770	1.0
1768	1771	1.0
1771	1772	1.0
1771	1773	1.0
1771	1774	1.0
1771	1775	1.0
1768	1776	1.0
1768	1777	1.0
1768	1778	1.0
1768	1779	1.0
1768	1780	1.0
1768	1781	1.0
1768	1782	1.0
1768	1783	1.0
1768	1784	1.0
1768	1785	1.0
1768	1786	1.0
1768	1787	1.0
1768	1788	1.0
1768	1789	1.0
1768	1790	1.0
1768	1791	1.0
1768	1792	1.0
1792	1793	1.0
1792	1794	1.0
1792	1795	1.0
1792	1796	1.0
1768	1797	1.0
1768	1798	1.0
1768	1799	1.0
1768	1800	1.0
1768	1801	1.0
1768	1802	1.0
1768	1803	1.0
1768	1804	1.0
1768	1805	1.0
1768	1806	1.0
1766	1807	1.0
1766	1808	1.0
1766	1809	1.0
1766	1810	1.0
1766	1811	1.0
1766	1812	1.0
1766	1813	1.0
1766	1814	1.0
1766	1815	1.0
1766	1816	1.0
1766	1817	1.0
1766	1818	1.0
1766	1819	1.0
1766	1820	1.0
352	1821	1.0
352	1822	1.0
352	1823	1.0
352	1824	1.0
352	1825	1.0
352	1826	1.0
352	1827	1.0
352	1828	1.0
352	1829	1.0
1829	1830	1.0
1829	1831	1.0
1829	1832	1.0
1829	1833	1.0
352	1834	1.0
352	1835	1.0
352	1836	1.0
352	1837	1.0
352	1838	1.0
352	1839	1.0
352	1840	1.0
352	1841	1.0
352	1842	1.0
352	1843	1.0
352	1844	1.0
352	1845	1.0
352	1846	1.0
352	1847	1.0
352	1848	1.0
352	1849	1.0
352	1850	1.0
352	1851	1.0
352	1852	1.0
352	1853	1.0
352	1854	1.0
352	1855	1.0
352	1856	1.0
352	1857	1.0
352	1858	1.0
352	1859	1.0
352	1860	1.0
352	1861	1.0
352	1862	1.0
352	1863	1.0
352	1864	1.0
352	1865	1.0
352	1866	1.0
103	1867	1.0
103	1868	1.0
103	1869	1.0
103	1870	1.0
103	1871	1.0
103	1872	1.0
103	1873	1.0
103	1874	1.0
103	1875	1.0
103	1876	1.0
103	1877	1.0
103	1878	1.0
103	1879	1.0
103	1880	1.0
103	1881	1.0
103	1882	1.0
103	1883	1.0
103	1884	1.0
103	1885	1.0
103	1886	1.0
103	1887	1.0
103	1888	1.0
103	1889	1.0
103	1890	1.0
103	1891	1.0
1891	1892	1.0
1891	1893	1.0
1891	1894	1.0
1891	1895	1.0
1891	1896	1.0
1891	1897	1.0
1891	1898	1.0
1891	1899	1.0
1891	1900	1.0
1891	1901	1.0
1891	1902	1.0
1891	1903	1.0
1891	1904	1.0
1891	1905	1.0
1891	1906	1.0
1891	1907	1.0
1891	1908	1.0
1891	1909	1.0
1891	1910	1.0
1891	1911	1.0
1891	1912	1.0
1891	1913	1.0
1891	1914	1.0
1891	1915	1.0
1891	1916	1.0
1891	1917	1.0
1891	1918	1.0
1891	1919	1.0
1891	1920	1.0
1891	1921	1.0
103	1922	1.0
103	1923	1.0
103	1924	1.0
103	1925	1.0
103	1926	1.0
103	1927	1.0
103	1928	1.0
103	1929	1.0
103	1930	1.0
103	1931	1.0
103	1932	1.0
103	1933	1.0
103	1934	1.0
103	1935	1.0
103	1936	1.0
103	1937	1.0
103	1938	1.0
103	1939	1.0
103	1940	1.0
103	1941	1.0
87	1942	1.0
87	1943	1.0
87	1944	1.0
87	1945	1.0
87	1946	1.0
87	1947	1.0
87	1948	1.0
87	1949	1.0
65	1950	1.0
65	1951	1.0
65	1952	1.0
65	1953	1.0
65	1954	1.0
49	1955	1.0
49	1956	1.0
49	1957	1.0
49	1958	1.0
49	1959	1.0
49	1960	1.0
49	1961	1.0
49	1962	1.0
49	1963	1.0
49	1964	1.0
49	1965	1.0
49	1966	1.0
49	1967	1.0
49	1968	1.0
49	1969	1.0
49	1970	1.0
49	1971	1.0
49	1972	1.0
49	1973	1.0
49	1974	1.0
49	1975	1.0
49	1976	1.0
49	1977	1.0
49	1978	1.0
49	1979	1.0
49	1980	1.0
49	1981	1.0
49	1982	1.0
49	1983	1.0
49	1984	1.0
35	1985	1.0
35	1986	1.0
35	1987	1.0
35	1988	1.0
35	1989	1.0
35	1990	1.0
35	1991	1.0
35	1992	1.0
35	1993	1.0
35	1994	1.0
35	1995	1.0
35	1996	1.0
35	1997	1.0
35	1998	1.0
35	1999	1.0
35	2000	1.0
35	2001	1.0
35	2002	1.0
35	2003	1.0
35	2004	1.0
35	2005	1.0
35	2006	1.0
35	2007	1.0
35	2008	1.0
35	2009	1.0
35	2010	1.0
35	2011	1.0
35	2012	1.0
35	2013	1.0
35	2014	1.0
35	2015	1.0
35	2016	1.0
35	2017	1.0
35	2018	1.0
35	2019	1.0
35	2020	1.0
35	2021	1.0
35	2022	1.0
35	2023	1.0
35	2024	1.0
35	2025	1.0
35	2026	1.0
35	2027	1.0
35	2028	1.0
35	2029	1.0
35	2030	1.0
14	2031	1.0
14	2032	1.0
14	2033	1.0
14	2034	1.0
12	2035	1.0
12	2036	1.0
9	2037	1.0
9	2038	1.0
9	2039	1.0
9	2040	1.0
9	2041	1.0
8	2042	1.0
6	2043	1.0
2	2044	1.0
