0	1	1.0
1	2	1.0
1	3	1.0
3	4	1.0
4	5	1.0
4	6	1.0
4	7	1.0
4	8	1.0
8	9	1.0
8	10	1.0
8	11	1.0
11	12	1.0
11	13	1.0
11	14	1.0
11	15	1.0
11	16	1.0
11	17	1.0
11	18	1.0
11	19	1.0
11	20	1.0
11	21	1.0
11	22	1.0
11	23	1.0
11	24	1.0
11	25	1.0
11	26	1.0
11	27	1.0
11	28	1.0
11	29	1.0
11	30	1.0
11	31	1.0
11	32	1.0
11	33	1.0
11	34	1.0
11	35	1.0
11	36	1.0
11	37	1.0
11	38	1.0
11	39	1.0
11	40	1.0
11	41	1.0
11	42	1.0
11	43	1.0
11	44	1.0
11	45	1.0
11	46	1.0
11	47	1.0
11	48	1.0
11	49	1.0
11	50	1.0
11	51	1.0
11	52	1.0
11	53	1.0
11	54	1.0
11	55	1.0
11	56	1.0
11	57	1.0
11	58	1.0
11	59	1.0
11	60	1.0
11	61	1.0
11	62	1.0
11	63	1.0
11	64	1.0
11	65	1.0
11	66	1.0
11	67	1.0
11	68	1.0
11	69	1.0
11	70	1.0
11	71	1.0
11	72	1.0
11	73	1.0
11	74	1.0
11	75	1.0
11	76	1.0
11	77	1.0
11	78	1.0
11	79	1.0
11	80	1.0
11	81	1.0
11	82	1.0
11	83	1.0
11	84	1.0
11	85	1.0
11	86	1.0
11	87	1.0
11	88	1.0
11	89	1.0
11	90	1.0
11	91	1.0
11	92	1.0
11	93	1.0
11	94	1.0
11	95	1.0
11	96	1.0
11	97	1.0
11	98	1.0
11	99	1.0
11	100	1.0
11	101	1.0
11	102	1.0
11	103	1.0
11	104	1.0
11	105	1.0
11	106	1.0
11	107	1.0
11	108	1.0
11	109	1.0
11	110	1.0
11	111	1.0
11	112	1.0
11	113	1.0
11	114	1.0
11	115	1.0
11	116	1.0
11	117	1.0
11	118	1.0
11	119	1.0
11	120	1.0
11	121	1.0
11	122	1.0
11	123	1.0
11	124	1.0
11	125	1.0
11	126	1.0
11	127	1.0
11	128	1.0
11	129	1.0
11	130	1.0
11	131	1.0
11	132	1.0
11	133	1.0
11	134	1.0
11	135	1.0
11	136	1.0
11	137	1.0
11	138	1.0
11	139	1.0
11	140	1.0
11	141	1.0
11	142	1.0
11	143	1.0
11	144	1.0
11	145	1.0
11	146	1.0
11	147	1.0
11	148	1.0
11	149	1.0
11	150	1.0
11	151	1.0
11	152	1.0
11	153	1.0
11	154	1.0
11	155	1.0
11	156	1.0
11	157	1.0
11	158	1.0
11	159	1.0
11	160	1.0
11	161	1.0
11	162	1.0
11	163	1.0
11	164	1.0
11	165	1.0
11	166	1.0
11	167	1.0
11	168	1.0
11	169	1.0
11	170	1.0
11	171	1.0
11	172	1.0
11	173	1.0
11	174	1.0
11	175	1.0
11	176	1.0
11	177	1.0
11	178	1.0
11	179	1.0
11	180	1.0
11	181	1.0
11	182	1.0
11	183	1.0
11	184	1.0
11	185	1.0
11	186	1.0
11	187	1.0
187	188	1.0
187	189	1.0
187	190	1.0
187	191	1.0
187	192	1.0
187	193	1.0
187	194	1.0
187	195	1.0
187	196	1.0
187	197	1.0
187	198	1.0
187	199	1.0
187	200	1.0
187	201	1.0
187	202	1.0
187	203	1.0
187	204	1.0
187	205	1.0
187	206	1.0
187	207	1.0
187	208	1.0
187	209	1.0
11	210	1.0
11	211	1.0
11	212	1.0
11	213	1.0
11	214	1.0
11	215	1.0
11	216	1.0
11	217	1.0
11	218	1.0
11	219	1.0
11	220	1.0
11	221	1.0
11	222	1.0
11	223	1.0
11	224	1.0
11	225	1.0
11	226	1.0
11	227	1.0
11	228	1.0
11	229	1.0
11	230	1.0
11	231	1.0
11	232	1.0
11	233	1.0
11	234	1.0
11	235	1.0
11	236	1.0
11	237	1.0
11	238	1.0
11	239	1.0
11	240	1.0
11	241	1.0
11	242	1.0
11	243	1.0
11	244	1.0
11	245	1.0
11	246	1.0
11	247	1.0
11	248	1.0
11	249	1.0
11	250	1.0
11	251	1.0
11	252	1.0
11	253	1.0
11	254	1.0
11	255	1.0
11	256	1.0
11	257	1.0
11	258	1.0
11	259	1.0
11	260	1.0
11	261	1.0
11	262	1.0
11	263	1.0
11	264	1.0
11	265	1.0
11	266	1.0
11	267	1.0
11	268	1.0
11	269	1.0
11	270	1.0
11	271	1.0
11	272	1.0
11	273	1.0
11	274	1.0
11	275	1.0
11	276	1.0
11	277	1.0
11	278	1.0
11	279	1.0
11	280	1.0
11	281	1.0
11	282	1.0
11	283	1.0
11	284	1.0
11	285	1.0
11	286	1.0
11	287	1.0
11	288	1.0
11	289	1.0
8	290	1.0
8	291	1.0
291	292	1.0
291	293	1.0
291	294	1.0
291	295	1.0
291	296	1.0
291	297	1.0
291	298	1.0
291	299	1.0
291	300	1.0
291	301	1.0
291	302	1.0
291	303	1.0
291	304	1.0
291	305	1.0
291	306	1.0
291	307	1.0
291	308	1.0
291	309	1.0
291	310	1.0
291	311	1.0
291	312	1.0
291	313	1.0
291	314	1.0
291	315	1.0
291	316	1.0
291	317	1.0
291	318	1.0
291	319	1.0
291	320	1.0
291	321	1.0
291	322	1.0
291	323	1.0
291	324	1.0
291	325	1.0
291	326	1.0
291	327	1.0
291	328	1.0
291	329	1.0
291	330	1.0
291	331	1.0
291	332	1.0
291	333	1.0
291	334	1.0
291	335	1.0
291	336	1.0
291	337	1.0
291	338	1.0
291	339	1.0
291	340	1.0
291	341	1.0
291	342	1.0
291	343	1.0
291	344	1.0
291	345	1.0
291	346	1.0
291	347	1.0
291	348	1.0
291	349	1.0
291	350	1.0
291	351	1.0
291	352	1.0
291	353	1.0
291	354	1.0
291	355	1.0
291	356	1.0
291	357	1.0
291	358	1.0
291	359	1.0
291	360	1.0
291	361	1.0
291	362	1.0
291	363	1.0
291	364	1.0
291	365	1.0
291	366	1.0
291	367	1.0
291	368	1.0
291	369	1.0
291	370	1.0
291	371	1.0
291	372	1.0
291	373	1.0
291	374	1.0
291	375	1.0
291	376	1.0
291	377	1.0
291	378	1.0
291	379	1.0
291	380	1.0
291	381	1.0
291	382	1.0
291	383	1.0
291	384	1.0
291	385	1.0
291	386	1.0
291	387	1.0
291	388	1.0
291	389	1.0
291	390	1.0
291	391	1.0
291	392	1.0
291	393	1.0
291	394	1.0
291	395	1.0
291	396	1.0
291	397	1.0
291	398	1.0
291	399	1.0
291	400	1.0
291	401	1.0
291	402	1.0
291	403	1.0
291	404	1.0
291	405	1.0
291	406	1.0
291	407	1.0
291	408	1.0
291	409	1.0
291	410	1.0
291	411	1.0
291	412	1.0
291	413	1.0
291	414	1.0
291	415	1.0
291	416	1.0
291	417	1.0
291	418	1.0
291	419	1.0
291	420	1.0
291	421	1.0
291	422	1.0
291	423	1.0
291	424	1.0
291	425	1.0
291	426	1.0
291	427	1.0
291	428	1.0
291	429	1.0
291	430	1.0
291	431	1.0
291	432	1.0
291	433	1.0
291	434	1.0
291	435	1.0
291	436	1.0
291	437	1.0
291	438	1.0
291	439	1.0
291	440	1.0
291	441	1.0
291	442	1.0
291	443	1.0
291	444	1.0
291	445	1.0
291	446	1.0
291	447	1.0
291	448	1.0
291	449	1.0
291	450	1.0
291	451	1.0
291	452	1.0
291	453	1.0
291	454	1.0
291	455	1.0
291	456	1.0
291	457	1.0
291	458	1.0
291	459	1.0
291	460	1.0
291	461	1.0
291	462	1.0
291	463	1.0
291	464	1.0
464	465	1.0
464	466	1.0
464	467	1.0
464	468	1.0
291	469	1.0
291	470	1.0
291	471	1.0
291	472	1.0
291	473	1.0
291	474	1.0
291	475	1.0
291	476	1.0
291	477	1.0
291	478	1.0
291	479	1.0
291	480	1.0
291	481	1.0
291	482	1.0
291	483	1.0
291	484	1.0
291	485	1.0
291	486	1.0
291	487	1.0
291	488	1.0
291	489	1.0
291	490	1.0
291	491	1.0
291	492	1.0
291	493	1.0
291	494	1.0
291	495	1.0
291	496	1.0
291	497	1.0
291	498	1.0
291	499	1.0
291	500	1.0
291	501	1.0
291	502	1.0
291	503	1.0
291	504	1.0
291	505	1.0
291	506	1.0
291	507	1.0
291	508	1.0
291	509	1.0
291	510	1.0
291	511	1.0
291	512	1.0
291	513	1.0
291	514	1.0
291	515	1.0
291	516	1.0
291	517	1.0
291	518	1.0
291	519	1.0
291	520	1.0
291	521	1.0
291	522	1.0
291	523	1.0
291	524	1.0
291	525	1.0
291	526	1.0
291	527	1.0
291	528	1.0
291	529	1.0
291	530	1.0
291	531	1.0
291	532	1.0
291	533	1.0
291	534	1.0
291	535	1.0
291	536	1.0
291	537	1.0
291	538	1.0
291	539	1.0
291	540	1.0
291	541	1.0
291	542	1.0
291	543	1.0
291	544	1.0
291	545	1.0
291	546	1.0
291	547	1.0
291	548	1.0
291	549	1.0
291	550	1.0
291	551	1.0
291	552	1.0
291	553	1.0
291	554	1.0
291	555	1.0
291	556	1.0
291	557	1.0
291	558	1.0
291	559	1.0
291	560	1.0
291	561	1.0
291	562	1.0
291	563	1.0
291	564	1.0
291	565	1.0
291	566	1.0
291	567	1.0
291	568	1.0
291	569	1.0
291	570	1.0
291	571	1.0
291	572	1.0
291	573	1.0
291	574	1.0
291	575	1.0
291	576	1.0
291	577	1.0
291	578	1.0
291	579	1.0
291	580	1.0
291	581	1.0
291	582	1.0
291	583	1.0
291	584	1.0
291	585	1.0
291	586	1.0
291	587	1.0
291	588	1.0
291	589	1.0
291	590	1.0
291	591	1.0
291	592	1.0
291	593	1.0
291	594	1.0
291	595	1.0
291	596	1.0
291	597	1.0
291	598	1.0
291	599	1.0
291	600	1.0
291	601	1.0
291	602	1.0
291	603	1.0
291	604	1.0
291	605	1.0
291	606	1.0
291	607	1.0
291	608	1.0
291	609	1.0
291	610	1.0
291	611	1.0
611	612	1.0
611	613	1.0
611	614	1.0
611	615	1.0
611	616	1.0
611	617	1.0
611	618	1.0
611	619	1.0
611	620	1.0
611	621	1.0
611	622	1.0
611	623	1.0
611	624	1.0
611	625	1.0
611	626	1.0
611	627	1.0
611	628	1.0
611	629	1.0
611	630	1.0
611	631	1.0
631	632	1.0
631	633	1.0
631	634	1.0
631	635	1.0
611	636	1.0
611	637	1.0
611	638	1.0
611	639	1.0
611	640	1.0
611	641	1.0
611	642	1.0
611	643	1.0
611	644	1.0
611	645	1.0
611	646	1.0
611	647	1.0
611	648	1.0
611	649	1.0
611	650	1.0
611	651	1.0
611	652	1.0
611	653	1.0
611	654	1.0
611	655	1.0
611	656	1.0
611	657	1.0
611	658	1.0
611	659	1.0
611	660	1.0
611	661	1.0
611	662	1.0
611	663	1.0
611	664	1.0
611	665	1.0
611	666	1.0
611	667	1.0
611	668	1.0
611	669	1.0
611	670	1.0
611	671	1.0
611	672	1.0
611	673	1.0
611	674	1.0
611	675	1.0
611	676	1.0
611	677	1.0
611	678	1.0
611	679	1.0
611	680	1.0
611	681	1.0
611	682	1.0
611	683	1.0
611	684	1.0
611	685	1.0
611	686	1.0
611	687	1.0
611	688	1.0
611	689	1.0
611	690	1.0
611	691	1.0
611	692	1.0
611	693	1.0
611	694	1.0
611	695	1.0
611	696	1.0
611	697	1.0
611	698	1.0
611	699	1.0
611	700	1.0
611	701	1.0
611	702	1.0
611	703	1.0
611	704	1.0
611	705	1.0
611	706	1.0
611	707	1.0
611	708	1.0
611	709	1.0
709	710	1.0
709	711	1.0
709	712	1.0
709	713	1.0
709	714	1.0
709	715	1.0
709	716	1.0
709	717	1.0
709	718	1.0
709	719	1.0
709	720	1.0
709	721	1.0
709	722	1.0
709	723	1.0
709	724	1.0
709	725	1.0
709	726	1.0
709	727	1.0
709	728	1.0
709	729	1.0
709	730	1.0
709	731	1.0
709	732	1.0
709	733	1.0
709	734	1.0
709	735	1.0
709	736	1.0
709	737	1.0
709	738	1.0
709	739	1.0
709	740	1.0
709	741	1.0
709	742	1.0
709	743	1.0
709	744	1.0
611	745	1.0
291	746	1.0
291	747	1.0
291	748	1.0
291	749	1.0
291	750	1.0
291	751	1.0
291	752	1.0
291	753	1.0
291	754	1.0
291	755	1.0
291	756	1.0
291	757	1.0
291	758	1.0
291	759	1.0
291	760	1.0
291	761	1.0
291	762	1.0
291	763	1.0
291	764	1.0
764	765	1.0
764	766	1.0
764	767	1.0
764	768	1.0
764	769	1.0
764	770	1.0
764	771	1.0
764	772	1.0
764	773	1.0
764	774	1.0
764	775	1.0
764	776	1.0
764	777	1.0
291	778	1.0
291	779	1.0
291	780	1.0
291	781	1.0
291	782	1.0
291	783	1.0
291	784	1.0
291	785	1.0
291	786	1.0
291	787	1.0
291	788	1.0
291	789	1.0
291	790	1.0
291	791	1.0
291	792	1.0
291	793	1.0
793	794	1.0
793	795	1.0
793	796	1.0
793	797	1.0
793	798	1.0
793	799	1.0
793	800	1.0
793	801	1.0
793	802	1.0
793	803	1.0
793	804	1.0
793	805	1.0
291	806	1.0
291	807	1.0
291	808	1.0
291	809	1.0
291	810	1.0
291	811	1.0
291	812	1.0
291	813	1.0
291	814	1.0
291	815	1.0
291	816	1.0
291	817	1.0
291	818	1.0
291	819	1.0
291	820	1.0
291	821	1.0
291	822	1.0
291	823	1.0
291	824	1.0
291	825	1.0
291	826	1.0
291	827	1.0
291	828	1.0
291	829	1.0
291	830	1.0
291	831	1.0
291	832	1.0
291	833	1.0
291	834	1.0
291	835	1.0
291	836	1.0
291	837	1.0
291	838	1.0
291	839	1.0
291	840	1.0
291	841	1.0
291	842	1.0
291	843	1.0
843	844	1.0
843	845	1.0
843	846	1.0
843	847	1.0
843	848	1.0
291	849	1.0
291	850	1.0
291	851	1.0
291	852	1.0
291	853	1.0
291	854	1.0
291	855	1.0
291	856	1.0
291	857	1.0
291	858	1.0
291	859	1.0
291	860	1.0
291	861	1.0
291	862	1.0
291	863	1.0
291	864	1.0
864	865	1.0
864	866	1.0
864	867	1.0
864	868	1.0
864	869	1.0
864	870	1.0
864	871	1.0
864	872	1.0
864	873	1.0
864	874	1.0
291	875	1.0
291	876	1.0
291	877	1.0
291	878	1.0
291	879	1.0
291	880	1.0
291	881	1.0
291	882	1.0
291	883	1.0
291	884	1.0
291	885	1.0
291	886	1.0
291	887	1.0
291	888	1.0
291	889	1.0
291	890	1.0
291	891	1.0
291	892	1.0
291	893	1.0
291	894	1.0
291	895	1.0
291	896	1.0
291	897	1.0
291	898	1.0
291	899	1.0
291	900	1.0
291	901	1.0
291	902	1.0
291	903	1.0
291	904	1.0
291	905	1.0
291	906	1.0
291	907	1.0
291	908	1.0
291	909	1.0
291	910	1.0
291	911	1.0
291	912	1.0
291	913	1.0
291	914	1.0
291	915	1.0
291	916	1.0
291	917	1.0
291	918	1.0
291	919	1.0
291	920	1.0
291	921	1.0
291	922	1.0
291	923	1.0
291	924	1.0
291	925	1.0
291	926	1.0
291	927	1.0
291	928	1.0
291	929	1.0
291	930	1.0
291	931	1.0
291	932	1.0
291	933	1.0
291	934	1.0
291	935	1.0
291	936	1.0
291	937	1.0
291	938	1.0
291	939	1.0
291	940	1.0
291	941	1.0
291	942	1.0
291	943	1.0
291	944	1.0
291	945	1.0
291	946	1.0
291	947	1.0
291	948	1.0
291	949	1.0
291	950	1.0
291	951	1.0
291	952	1.0
291	953	1.0
291	954	1.0
291	955	1.0
291	956	1.0
291	957	1.0
291	958	1.0
291	959	1.0
291	960	1.0
291	961	1.0
291	962	1.0
291	963	1.0
291	964	1.0
291	965	1.0
291	966	1.0
291	967	1.0
291	968	1.0
291	969	1.0
291	970	1.0
291	971	1.0
291	972	1.0
291	973	1.0
291	974	1.0
291	975	1.0
291	976	1.0
291	977	1.0
291	978	1.0
291	979	1.0
291	980	1.0
291	981	1.0
291	982	1.0
291	983	1.0
291	984	1.0
291	985	1.0
291	986	1.0
291	987	1.0
987	988	1.0
987	989	1.0
987	990	1.0
987	991	1.0
987	992	1.0
291	993	1.0
291	994	1.0
291	995	1.0
291	996	1.0
291	997	1.0
291	998	1.0
291	999	1.0
291	1000	1.0
291	1001	1.0
291	1002	1.0
291	1003	1.0
291	1004	1.0
291	1005	1.0
291	1006	1.0
291	1007	1.0
291	1008	1.0
291	1009	1.0
291	1010	1.0
291	1011	1.0
291	1012	1.0
291	1013	1.0
291	1014	1.0
291	1015	1.0
291	1016	1.0
291	1017	1.0
291	1018	1.0
291	1019	1.0
291	1020	1.0
291	1021	1.0
291	1022	1.0
291	1023	1.0
291	1024	1.0
291	1025	1.0
291	1026	1.0
291	1027	1.0
291	1028	1.0
291	1029	1.0
291	1030	1.0
291	1031	1.0
291	1032	1.0
291	1033	1.0
291	1034	1.0
291	1035	1.0
291	1036	1.0
291	1037	1.0
291	1038	1.0
291	1039	1.0
291	1040	1.0
291	1041	1.0
291	1042	1.0
291	1043	1.0
291	1044	1.0
291	1045	1.0
291	1046	1.0
291	1047	1.0
291	1048	1.0
291	1049	1.0
291	1050	1.0
291	1051	1.0
291	1052	1.0
291	1053	1.0
291	1054	1.0
291	1055	1.0
291	1056	1.0
291	1057	1.0
291	1058	1.0
291	1059	1.0
291	1060	1.0
291	1061	1.0
291	1062	1.0
291	1063	1.0
291	1064	1.0
291	1065	1.0
291	1066	1.0
291	1067	1.0
291	1068	1.0
291	1069	1.0
291	1070	1.0
291	1071	1.0
291	1072	1.0
291	1073	1.0
1073	1074	1.0
1073	1075	1.0
1073	1076	1.0
1073	1077	1.0
1073	1078	1.0
1073	1079	1.0
1073	1080	1.0
1073	1081	1.0
1073	1082	1.0
1073	1083	1.0
1073	1084	1.0
1073	1085	1.0
1073	1086	1.0
1073	1087	1.0
1073	1088	1.0
1073	1089	1.0
1073	1090	1.0
1073	1091	1.0
1073	1092	1.0
1073	1093	1.0
1093	1094	1.0
1093	1095	1.0
1093	1096	1.0
1093	1097	1.0
1093	1098	1.0
1098	1099	1.0
1098	1100	1.0
1098	1101	1.0
1098	1102	1.0
1098	1103	1.0
1093	1104	1.0
1093	1105	1.0
1093	1106	1.0
1093	1107	1.0
1073	1108	1.0
1073	1109	1.0
291	1110	1.0
291	1111	1.0
291	1112	1.0
291	1113	1.0
291	1114	1.0
291	1115	1.0
291	1116	1.0
291	1117	1.0
291	1118	1.0
291	1119	1.0
291	1120	1.0
291	1121	1.0
291	1122	1.0
291	1123	1.0
291	1124	1.0
291	1125	1.0
291	1126	1.0
291	1127	1.0
291	1128	1.0
291	1129	1.0
291	1130	1.0
291	1131	1.0
291	1132	1.0
291	1133	1.0
291	1134	1.0
291	1135	1.0
291	1136	1.0
291	1137	1.0
291	1138	1.0
291	1139	1.0
291	1140	1.0
291	1141	1.0
291	1142	1.0
291	1143	1.0
291	1144	1.0
1144	1145	1.0
1144	1146	1.0
1144	1147	1.0
1144	1148	1.0
1144	1149	1.0
1144	1150	1.0
1144	1151	1.0
1144	1152	1.0
1144	1153	1.0
1144	1154	1.0
1144	1155	1.0
1144	1156	1.0
1144	1157	1.0
1144	1158	1.0
1144	1159	1.0
1144	1160	1.0
1144	1161	1.0
1144	1162	1.0
1144	1163	1.0
1144	1164	1.0
1144	1165	1.0
1144	1166	1.0
1144	1167	1.0
1144	1168	1.0
1144	1169	1.0
1144	1170	1.0
1144	1171	1.0
1144	1172	1.0
1144	1173	1.0
1144	1174	1.0
1144	1175	1.0
1144	1176	1.0
1144	1177	1.0
1144	1178	1.0
1144	1179	1.0
1179	1180	1.0
1179	1181	1.0
1179	1182	1.0
1179	1183	1.0
1179	1184	1.0
1179	1185	1.0
1144	1186	1.0
1144	1187	1.0
1144	1188	1.0
1144	1189	1.0
1189	1190	1.0
1189	1191	1.0
1189	1192	1.0
1189	1193	1.0
1189	1194	1.0
1189	1195	1.0
1189	1196	1.0
1189	1197	1.0
1189	1198	1.0
1189	1199	1.0
1189	1200	1.0
1189	1201	1.0
1189	1202	1.0
1189	1203	1.0
1189	1204	1.0
1189	1205	1.0
1189	1206	1.0
1189	1207	1.0
1189	1208	1.0
1189	1209	1.0
1189	1210	1.0
1189	1211	1.0
1189	1212	1.0
1189	1213	1.0
1189	1214	1.0
1189	1215	1.0
1189	1216	1.0
1189	1217	1.0
1189	1218	1.0
1189	1219	1.0
1189	1220	1.0
1189	1221	1.0
1189	1222	1.0
1189	1223	1.0
1189	1224	1.0
1189	1225	1.0
1189	1226	1.0
1189	1227	1.0
1189	1228	1.0
1228	1229	1.0
1228	1230	1.0
1228	1231	1.0
1228	1232	1.0
1228	1233	1.0
1228	1234	1.0
1228	1235	1.0
1228	1236	1.0
1228	1237	1.0
1228	1238	1.0
1228	1239	1.0
1228	1240	1.0
1228	1241	1.0
1228	1242	1.0
1228	1243	1.0
1228	1244	1.0
1228	1245	1.0
1228	1246	1.0
1228	1247	1.0
1228	1248	1.0
1228	1249	1.0
1228	1250	1.0
1228	1251	1.0
1228	1252	1.0
1228	1253	1.0
1228	1254	1.0
1228	1255	1.0
1228	1256	1.0
1228	1257	1.0
1228	1258	1.0
1228	1259	1.0
1228	1260	1.0
1228	1261	1.0
1228	1262	1.0
1228	1263	1.0
1228	1264	1.0
1228	1265	1.0
1228	1266	1.0
1228	1267	1.0
1228	1268	1.0
1228	1269	1.0
1228	1270	1.0
1228	1271	1.0
1228	1272	1.0
1228	1273	1.0
1228	1274	1.0
1228	1275	1.0
1228	1276	1.0
1228	1277	1.0
1228	1278	1.0
1228	1279	1.0
1228	1280	1.0
1228	1281	1.0
1228	1282	1.0
1228	1283	1.0
1228	1284	1.0
1228	1285	1.0
1228	1286	1.0
1228	1287	1.0
1228	1288	1.0
1228	1289	1.0
1289	1290	1.0
1289	1291	1.0
1289	1292	1.0
1289	1293	1.0
1289	1294	1.0
1228	1295	1.0
1228	1296	1.0
1228	1297	1.0
1228	1298	1.0
1228	1299	1.0
1228	1300	1.0
1228	1301	1.0
1228	1302	1.0
1228	1303	1.0
1228	1304	1.0
1189	1305	1.0
1189	1306	1.0
1189	1307	1.0
1189	1308	1.0
1189	1309	1.0
1189	1310	1.0
1189	1311	1.0
1189	1312	1.0
1189	1313	1.0
1189	1314	1.0
1189	1315	1.0
1189	1316	1.0
1189	1317	1.0
1189	1318	1.0
1189	1319	1.0
1189	1320	1.0
1189	1321	1.0
1189	1322	1.0
1189	1323	1.0
1189	1324	1.0
1189	1325	1.0
1189	1326	1.0
1189	1327	1.0
1189	1328	1.0
1189	1329	1.0
1189	1330	1.0
1189	1331	1.0
1189	1332	1.0
1189	1333	1.0
1189	1334	1.0
1189	1335	1.0
1189	1336	1.0
1189	1337	1.0
1189	1338	1.0
1189	1339	1.0
1189	1340	1.0
1189	1341	1.0
1189	1342	1.0
1189	1343	1.0
1189	1344	1.0
1189	1345	1.0
1189	1346	1.0
1189	1347	1.0
1189	1348	1.0
1189	1349	1.0
1189	1350	1.0
1189	1351	1.0
1189	1352	1.0
1189	1353	1.0
1189	1354	1.0
1189	1355	1.0
1189	1356	1.0
1189	1357	1.0
1189	1358	1.0
1189	1359	1.0
1189	1360	1.0
1189	1361	1.0
1189	1362	1.0
1189	1363	1.0
1189	1364	1.0
1189	1365	1.0
1189	1366	1.0
1189	1367	1.0
1189	1368	1.0
1189	1369	1.0
1189	1370	1.0
1189	1371	1.0
1189	1372	1.0
1189	1373	1.0
1189	1374	1.0
1189	1375	1.0
1189	1376	1.0
1189	1377	1.0
1189	1378	1.0
1189	1379	1.0
1189	1380	1.0
1189	1381	1.0
1189	1382	1.0
1189	1383	1.0
1189	1384	1.0
1189	1385	1.0
1189	1386	1.0
1189	1387	1.0
1189	1388	1.0
1189	1389	1.0
1189	1390	1.0
1189	1391	1.0
1189	1392	1.0
1189	1393	1.0
1189	1394	1.0
1189	1395	1.0
1189	1396	1.0
1189	1397	1.0
1189	1398	1.0
1189	1399	1.0
1189	1400	1.0
1189	1401	1.0
1189	1402	1.0
1189	1403	1.0
1189	1404	1.0
1189	1405	1.0
1189	1406	1.0
1189	1407	1.0
1189	1408	1.0
1189	1409	1.0
1189	1410	1.0
1189	1411	1.0
1189	1412	1.0
1189	1413	1.0
1189	1414	1.0
1189	1415	1.0
1189	1416	1.0
1189	1417	1.0
1189	1418	1.0
1189	1419	1.0
1189	1420	1.0
1189	1421	1.0
1189	1422	1.0
1189	1423	1.0
1189	1424	1.0
1189	1425	1.0
1189	1426	1.0
1189	1427	1.0
1189	1428	1.0
1189	1429	1.0
1189	1430	1.0
1189	1431	1.0
1189	1432	1.0
1189	1433	1.0
1189	1434	1.0
1189	1435	1.0
1189	1436	1.0
1189	1437	1.0
1189	1438	1.0
1189	1439	1.0
1189	1440	1.0
1189	1441	1.0
1189	1442	1.0
1189	1443	1.0
1189	1444	1.0
1189	1445	1.0
1189	1446	1.0
1189	1447	1.0
1189	1448	1.0
1189	1449	1.0
1189	1450	1.0
1189	1451	1.0
1189	1452	1.0
1189	1453	1.0
1189	1454	1.0
1189	1455	1.0
1189	1456	1.0
1189	1457	1.0
1457	1458	1.0
1457	1459	1.0
1457	1460	1.0
1457	1461	1.0
1189	1462	1.0
1189	1463	1.0
1189	1464	1.0
1189	1465	1.0
1189	1466	1.0
1189	1467	1.0
1189	1468	1.0
1189	1469	1.0
1189	1470	1.0
1189	1471	1.0
1189	1472	1.0
1189	1473	1.0
1189	1474	1.0
1189	1475	1.0
1189	1476	1.0
1189	1477	1.0
1189	1478	1.0
1189	1479	1.0
1189	1480	1.0
1189	1481	1.0
1189	1482	1.0
1189	1483	1.0
1189	1484	1.0
1189	1485	1.0
1189	1486	1.0
1189	1487	1.0
1189	1488	1.0
1189	1489	1.0
1189	1490	1.0
1189	1491	1.0
1189	1492	1.0
1189	1493	1.0
1189	1494	1.0
1189	1495	1.0
1189	1496	1.0
1189	1497	1.0
1189	1498	1.0
1189	1499	1.0
1189	1500	1.0
1189	1501	1.0
1189	1502	1.0
1189	1503	1.0
1189	1504	1.0
1189	1505	1.0
1189	1506	1.0
1189	1507	1.0
1189	1508	1.0
1189	1509	1.0
1189	1510	1.0
1189	1511	1.0
1189	1512	1.0
1189	1513	1.0
1189	1514	1.0
1189	1515	1.0
1189	1516	1.0
1189	1517	1.0
1189	1518	1.0
1189	1519	1.0
1189	1520	1.0
1189	1521	1.0
1189	1522	1.0
1189	1523	1.0
1189	1524	1.0
1189	1525	1.0
1189	1526	1.0
1189	1527	1.0
1189	1528	1.0
1189	1529	1.0
1189	1530	1.0
1189	1531	1.0
1189	1532	1.0
1189	1533	1.0
1189	1534	1.0
1189	1535	1.0
1189	1536	1.0
1189	1537	1.0
1189	1538	1.0
1189	1539	1.0
1189	1540	1.0
1189	1541	1.0
1189	1542	1.0
1189	1543	1.0
1189	1544	1.0
1189	1545	1.0
1189	1546	1.0
1189	1547	1.0
1189	1548	1.0
1189	1549	1.0
1189	1550	1.0
1189	1551	1.0
1189	1552	1.0
1189	1553	1.0
1189	1554	1.0
1189	1555	1.0
1189	1556	1.0
1189	1557	1.0
1189	1558	1.0
1189	1559	1.0
1189	1560	1.0
1189	1561	1.0
1189	1562	1.0
1189	1563	1.0
1189	1564	1.0
1189	1565	1.0
1189	1566	1.0
1189	1567	1.0
1189	1568	1.0
1189	1569	1.0
1189	1570	1.0
1189	1571	1.0
1189	1572	1.0
1189	1573	1.0
1189	1574	1.0
1189	1575	1.0
1189	1576	1.0
1189	1577	1.0
1189	1578	1.0
1189	1579	1.0
1189	1580	1.0
1189	1581	1.0
1189	1582	1.0
1189	1583	1.0
1189	1584	1.0
1189	1585	1.0
1189	1586	1.0
1189	1587	1.0
1189	1588	1.0
1189	1589	1.0
1189	1590	1.0
1189	1591	1.0
1189	1592	1.0
1189	1593	1.0
1189	1594	1.0
1189	1595	1.0
1189	1596	1.0
1189	1597	1.0
1189	1598	1.0
1189	1599	1.0
1189	1600	1.0
1189	1601	1.0
1189	1602	1.0
1189	1603	1.0
1189	1604	1.0
1189	1605	1.0
1189	1606	1.0
1189	1607	1.0
1189	1608	1.0
1189	1609	1.0
1189	1610	1.0
1189	1611	1.0
1189	1612	1.0
1189	1613	1.0
1189	1614	1.0
1189	1615	1.0
1189	1616	1.0
1189	1617	1.0
1189	1618	1.0
1189	1619	1.0
1189	1620	1.0
1189	1621	1.0
1189	1622	1.0
1189	1623	1.0
1189	1624	1.0
1189	1625	1.0
1189	1626	1.0
1189	1627	1.0
1189	1628	1.0
1189	1629	1.0
1189	1630	1.0
1189	1631	1.0
1189	1632	1.0
1189	1633	1.0
1189	1634	1.0
1189	1635	1.0
1189	1636	1.0
1189	1637	1.0
1189	1638	1.0
1189	1639	1.0
1189	1640	1.0
1189	1641	1.0
1189	1642	1.0
1189	1643	1.0
1189	1644	1.0
1189	1645	1.0
1189	1646	1.0
1189	1647	1.0
1189	1648	1.0
1189	1649	1.0
1189	1650	1.0
1189	1651	1.0
1189	1652	1.0
1189	1653	1.0
1189	1654	1.0
1189	1655	1.0
1189	1656	1.0
1189	1657	1.0
1189	1658	1.0
1189	1659	1.0
1189	1660	1.0
1189	1661	1.0
1189	1662	1.0
1189	1663	1.0
1189	1664	1.0
1189	1665	1.0
1189	1666	1.0
1189	1667	1.0
1189	1668	1.0
1189	1669	1.0
1189	1670	1.0
1189	1671	1.0
1189	1672	1.0
1189	1673	1.0
1189	1674	1.0
1189	1675	1.0
1189	1676	1.0
1189	1677	1.0
1189	1678	1.0
1189	1679	1.0
1189	1680	1.0
1189	1681	1.0
1189	1682	1.0
1189	1683	1.0
1189	1684	1.0
1189	1685	1.0
1189	1686	1.0
1189	1687	1.0
1189	1688	1.0
1189	1689	1.0
1189	1690	1.0
1189	1691	1.0
1189	1692	1.0
1189	1693	1.0
1189	1694	1.0
1189	1695	1.0
1189	1696	1.0
1189	1697	1.0
1189	1698	1.0
1189	1699	1.0
1189	1700	1.0
1189	1701	1.0
1189	1702	1.0
1189	1703	1.0
1189	1704	1.0
1189	1705	1.0
1189	1706	1.0
1189	1707	1.0
1189	1708	1.0
1189	1709	1.0
1189	1710	1.0
1189	1711	1.0
1189	1712	1.0
1189	1713	1.0
1189	1714	1.0
1189	1715	1.0
1189	1716	1.0
1189	1717	1.0
1189	1718	1.0
1189	1719	1.0
1189	1720	1.0
1189	1721	1.0
1189	1722	1.0
1189	1723	1.0
1189	1724	1.0
1189	1725	1.0
1189	1726	1.0
1189	1727	1.0
1189	1728	1.0
1189	1729	1.0
1189	1730	1.0
1189	1731	1.0
1189	1732	1.0
1189	1733	1.0
1189	1734	1.0
1189	1735	1.0
1189	1736	1.0
1189	1737	1.0
1189	1738	1.0
1189	1739	1.0
1189	1740	1.0
1189	1741	1.0
1189	1742	1.0
1189	1743	1.0
1189	1744	1.0
1189	1745	1.0
1189	1746	1.0
1189	1747	1.0
1189	1748	1.0
1189	1749	1.0
1189	1750	1.0
1189	1751	1.0
1189	1752	1.0
1189	1753	1.0
1189	1754	1.0
1189	1755	1.0
1189	1756	1.0
1189	1757	1.0
1189	1758	1.0
1189	1759	1.0
1189	1760	1.0
1189	1761	1.0
1189	1762	1.0
1189	1763	1.0
1189	1764	1.0
1189	1765	1.0
1189	1766	1.0
1189	1767	1.0
1189	1768	1.0
1189	1769	1.0
1189	1770	1.0
1189	1771	1.0
1189	1772	1.0
1189	1773	1.0
1189	1774	1.0
1144	1775	1.0
1144	1776	1.0
1144	1777	1.0
1144	1778	1.0
1144	1779	1.0
1144	1780	1.0
1144	1781	1.0
1144	1782	1.0
1144	1783	1.0
1144	1784	1.0
1144	1785	1.0
1144	1786	1.0
1144	1787	1.0
1144	1788	1.0
1144	1789	1.0
1144	1790	1.0
1144	1791	1.0
1144	1792	1.0
1144	1793	1.0
1144	1794	1.0
1144	1795	1.0
1144	1796	1.0
1144	1797	1.0
1144	1798	1.0
1144	1799	1.0
1144	1800	1.0
1144	1801	1.0
1144	1802	1.0
1144	1803	1.0
1144	1804	1.0
1144	1805	1.0
1144	1806	1.0
1144	1807	1.0
1144	1808	1.0
1144	1809	1.0
1144	1810	1.0
1144	1811	1.0
1144	1812	1.0
1144	1813	1.0
1144	1814	1.0
1144	1815	1.0
1144	1816	1.0
1144	1817	1.0
1817	1818	1.0
1817	1819	1.0
1817	1820	1.0
1817	1821	1.0
1817	1822	1.0
1817	1823	1.0
1817	1824	1.0
1817	1825	1.0
1817	1826	1.0
1817	1827	1.0
1817	1828	1.0
1817	1829	1.0
1817	1830	1.0
1817	1831	1.0
1817	1832	1.0
1817	1833	1.0
1817	1834	1.0
291	1835	1.0
291	1836	1.0
291	1837	1.0
291	1838	1.0
291	1839	1.0
291	1840	1.0
291	1841	1.0
291	1842	1.0
291	1843	1.0
291	1844	1.0
291	1845	1.0
291	1846	1.0
291	1847	1.0
291	1848	1.0
291	1849	1.0
291	1850	1.0
291	1851	1.0
291	1852	1.0
291	1853	1.0
291	1854	1.0
291	1855	1.0
291	1856	1.0
291	1857	1.0
291	1858	1.0
291	1859	1.0
291	1860	1.0
291	1861	1.0
291	1862	1.0
291	1863	1.0
291	1864	1.0
291	1865	1.0
1865	1866	1.0
1865	1867	1.0
1865	1868	1.0
1865	1869	1.0
1865	1870	1.0
1865	1871	1.0
1865	1872	1.0
1865	1873	1.0
1865	1874	1.0
1865	1875	1.0
1865	1876	1.0
1876	1877	1.0
1876	1878	1.0
1876	1879	1.0
1876	1880	1.0
1876	1881	1.0
1876	1882	1.0
1876	1883	1.0
1865	1884	1.0
291	1885	1.0
291	1886	1.0
291	1887	1.0
291	1888	1.0
291	1889	1.0
291	1890	1.0
291	1891	1.0
291	1892	1.0
291	1893	1.0
1893	1894	1.0
1893	1895	1.0
1893	1896	1.0
1893	1897	1.0
1893	1898	1.0
1893	1899	1.0
1893	1900	1.0
1893	1901	1.0
1893	1902	1.0
1893	1903	1.0
1893	1904	1.0
1893	1905	1.0
1893	1906	1.0
1893	1907	1.0
1893	1908	1.0
1893	1909	1.0
1893	1910	1.0
1893	1911	1.0
291	1912	1.0
291	1913	1.0
291	1914	1.0
291	1915	1.0
291	1916	1.0
291	1917	1.0
291	1918	1.0
291	1919	1.0
291	1920	1.0
291	1921	1.0
291	1922	1.0
291	1923	1.0
291	1924	1.0
291	1925	1.0
291	1926	1.0
291	1927	1.0
291	1928	1.0
291	1929	1.0
291	1930	1.0
291	1931	1.0
291	1932	1.0
291	1933	1.0
291	1934	1.0
291	1935	1.0
291	1936	1.0
291	1937	1.0
291	1938	1.0
291	1939	1.0
291	1940	1.0
291	1941	1.0
291	1942	1.0
291	1943	1.0
291	1944	1.0
291	1945	1.0
291	1946	1.0
291	1947	1.0
291	1948	1.0
291	1949	1.0
291	1950	1.0
291	1951	1.0
291	1952	1.0
291	1953	1.0
291	1954	1.0
291	1955	1.0
291	1956	1.0
291	1957	1.0
291	1958	1.0
291	1959	1.0
291	1960	1.0
291	1961	1.0
291	1962	1.0
291	1963	1.0
291	1964	1.0
291	1965	1.0
291	1966	1.0
291	1967	1.0
291	1968	1.0
291	1969	1.0
291	1970	1.0
291	1971	1.0
291	1972	1.0
291	1973	1.0
291	1974	1.0
291	1975	1.0
291	1976	1.0
291	1977	1.0
291	1978	1.0
291	1979	1.0
291	1980	1.0
291	1981	1.0
291	1982	1.0
291	1983	1.0
291	1984	1.0
291	1985	1.0
291	1986	1.0
291	1987	1.0
291	1988	1.0
291	1989	1.0
291	1990	1.0
291	1991	1.0
291	1992	1.0
291	1993	1.0
291	1994	1.0
291	1995	1.0
291	1996	1.0
291	1997	1.0
291	1998	1.0
291	1999	1.0
291	2000	1.0
291	2001	1.0
291	2002	1.0
291	2003	1.0
291	2004	1.0
291	2005	1.0
291	2006	1.0
291	2007	1.0
291	2008	1.0
291	2009	1.0
291	2010	1.0
291	2011	1.0
291	2012	1.0
291	2013	1.0
291	2014	1.0
291	2015	1.0
291	2016	1.0
291	2017	1.0
291	2018	1.0
291	2019	1.0
291	2020	1.0
291	2021	1.0
291	2022	1.0
291	2023	1.0
291	2024	1.0
3	2025	1.0
1	2026	1.0
1	2027	1.0
1	2028	1.0
0	2029	1.0
