0	1	1.0
1	2	1.0
1	3	1.0
3	4	1.0
4	5	1.0
4	6	1.0
4	7	1.0
4	8	1.0
4	9	1.0
4	10	1.0
10	11	1.0
10	12	1.0
12	13	1.0
12	14	1.0
12	15	1.0
12	16	1.0
12	17	1.0
12	18	1.0
12	19	1.0
12	20	1.0
12	21	1.0
12	22	1.0
12	23	1.0
12	24	1.0
12	25	1.0
12	26	1.0
12	27	1.0
12	28	1.0
28	29	1.0
28	30	1.0
28	31	1.0
28	32	1.0
28	33	1.0
28	34	1.0
28	35	1.0
28	36	1.0
28	37	1.0
28	38	1.0
28	39	1.0
28	40	1.0
28	41	1.0
28	42	1.0
28	43	1.0
28	44	1.0
28	45	1.0
28	46	1.0
28	47	1.0
28	48	1.0
28	49	1.0
28	50	1.0
28	51	1.0
28	52	1.0
28	53	1.0
28	54	1.0
28	55	1.0
55	56	1.0
55	57	1.0
55	58	1.0
55	59	1.0
55	60	1.0
55	61	1.0
61	62	1.0
61	63	1.0
63	64	1.0
63	65	1.0
63	66	1.0
63	67	1.0
63	68	1.0
63	69	1.0
63	70	1.0
63	71	1.0
63	72	1.0
63	73	1.0
63	74	1.0
63	75	1.0
75	76	1.0
75	77	1.0
75	78	1.0
75	79	1.0
75	80	1.0
75	81	1.0
75	82	1.0
75	83	1.0
75	84	1.0
75	85	1.0
75	86	1.0
75	87	1.0
75	88	1.0
75	89	1.0
75	90	1.0
75	91	1.0
75	92	1.0
75	93	1.0
75	94	1.0
75	95	1.0
75	96	1.0
75	97	1.0
75	98	1.0
75	99	1.0
75	100	1.0
75	101	1.0
75	102	1.0
75	103	1.0
75	104	1.0
75	105	1.0
75	106	1.0
75	107	1.0
75	108	1.0
75	109	1.0
75	110	1.0
75	111	1.0
75	112	1.0
75	113	1.0
75	114	1.0
75	115	1.0
75	116	1.0
75	117	1.0
75	118	1.0
75	119	1.0
75	120	1.0
75	121	1.0
75	122	1.0
75	123	1.0
75	124	1.0
75	125	1.0
75	126	1.0
75	127	1.0
75	128	1.0
75	129	1.0
75	130	1.0
75	131	1.0
75	132	1.0
75	133	1.0
75	134	1.0
75	135	1.0
75	136	1.0
75	137	1.0
75	138	1.0
75	139	1.0
75	140	1.0
75	141	1.0
75	142	1.0
75	143	1.0
75	144	1.0
75	145	1.0
75	146	1.0
75	147	1.0
75	148	1.0
75	149	1.0
75	150	1.0
75	151	1.0
75	152	1.0
75	153	1.0
75	154	1.0
75	155	1.0
75	156	1.0
75	157	1.0
75	158	1.0
75	159	1.0
75	160	1.0
75	161	1.0
75	162	1.0
75	163	1.0
75	164	1.0
75	165	1.0
75	166	1.0
75	167	1.0
75	168	1.0
75	169	1.0
75	170	1.0
75	171	1.0
75	172	1.0
75	173	1.0
75	174	1.0
75	175	1.0
75	176	1.0
75	177	1.0
75	178	1.0
75	179	1.0
75	180	1.0
75	181	1.0
75	182	1.0
75	183	1.0
75	184	1.0
75	185	1.0
75	186	1.0
75	187	1.0
75	188	1.0
75	189	1.0
75	190	1.0
75	191	1.0
75	192	1.0
75	193	1.0
75	194	1.0
75	195	1.0
75	196	1.0
75	197	1.0
75	198	1.0
75	199	1.0
75	200	1.0
75	201	1.0
75	202	1.0
75	203	1.0
75	204	1.0
75	205	1.0
75	206	1.0
75	207	1.0
75	208	1.0
75	209	1.0
75	210	1.0
75	211	1.0
75	212	1.0
75	213	1.0
75	214	1.0
75	215	1.0
75	216	1.0
75	217	1.0
75	218	1.0
75	219	1.0
75	220	1.0
75	221	1.0
75	222	1.0
75	223	1.0
75	224	1.0
75	225	1.0
75	226	1.0
75	227	1.0
75	228	1.0
75	229	1.0
75	230	1.0
75	231	1.0
75	232	1.0
75	233	1.0
75	234	1.0
75	235	1.0
75	236	1.0
75	237	1.0
75	238	1.0
75	239	1.0
75	240	1.0
75	241	1.0
75	242	1.0
75	243	1.0
75	244	1.0
75	245	1.0
75	246	1.0
75	247	1.0
75	248	1.0
75	249	1.0
75	250	1.0
75	251	1.0
251	252	1.0
251	253	1.0
251	254	1.0
251	255	1.0
251	256	1.0
75	257	1.0
75	258	1.0
75	259	1.0
75	260	1.0
260	261	1.0
260	262	1.0
260	263	1.0
260	264	1.0
260	265	1.0
260	266	1.0
260	267	1.0
260	268	1.0
260	269	1.0
269	270	1.0
269	271	1.0
269	272	1.0
269	273	1.0
269	274	1.0
269	275	1.0
269	276	1.0
269	277	1.0
277	278	1.0
277	279	1.0
277	280	1.0
277	281	1.0
277	282	1.0
277	283	1.0
277	284	1.0
277	285	1.0
277	286	1.0
277	287	1.0
277	288	1.0
277	289	1.0
277	290	1.0
277	291	1.0
277	292	1.0
277	293	1.0
277	294	1.0
277	295	1.0
269	296	1.0
260	297	1.0
260	298	1.0
75	299	1.0
75	300	1.0
75	301	1.0
75	302	1.0
75	303	1.0
75	304	1.0
75	305	1.0
75	306	1.0
75	307	1.0
75	308	1.0
75	309	1.0
75	310	1.0
75	311	1.0
75	312	1.0
75	313	1.0
75	314	1.0
75	315	1.0
75	316	1.0
75	317	1.0
75	318	1.0
75	319	1.0
75	320	1.0
75	321	1.0
75	322	1.0
75	323	1.0
75	324	1.0
75	325	1.0
75	326	1.0
75	327	1.0
75	328	1.0
75	329	1.0
75	330	1.0
75	331	1.0
75	332	1.0
75	333	1.0
75	334	1.0
75	335	1.0
75	336	1.0
75	337	1.0
75	338	1.0
75	339	1.0
75	340	1.0
75	341	1.0
75	342	1.0
75	343	1.0
75	344	1.0
75	345	1.0
75	346	1.0
75	347	1.0
75	348	1.0
75	349	1.0
75	350	1.0
75	351	1.0
75	352	1.0
75	353	1.0
75	354	1.0
75	355	1.0
75	356	1.0
75	357	1.0
75	358	1.0
75	359	1.0
75	360	1.0
75	361	1.0
75	362	1.0
75	363	1.0
75	364	1.0
75	365	1.0
75	366	1.0
75	367	1.0
75	368	1.0
75	369	1.0
75	370	1.0
75	371	1.0
75	372	1.0
75	373	1.0
75	374	1.0
75	375	1.0
75	376	1.0
75	377	1.0
75	378	1.0
75	379	1.0
75	380	1.0
75	381	1.0
75	382	1.0
75	383	1.0
75	384	1.0
75	385	1.0
75	386	1.0
75	387	1.0
75	388	1.0
75	389	1.0
75	390	1.0
75	391	1.0
75	392	1.0
75	393	1.0
75	394	1.0
75	395	1.0
75	396	1.0
75	397	1.0
75	398	1.0
75	399	1.0
75	400	1.0
75	401	1.0
75	402	1.0
75	403	1.0
75	404	1.0
75	405	1.0
75	406	1.0
75	407	1.0
75	408	1.0
75	409	1.0
75	410	1.0
75	411	1.0
75	412	1.0
75	413	1.0
75	414	1.0
75	415	1.0
75	416	1.0
75	417	1.0
75	418	1.0
75	419	1.0
75	420	1.0
75	421	1.0
75	422	1.0
75	423	1.0
75	424	1.0
75	425	1.0
75	426	1.0
75	427	1.0
75	428	1.0
75	429	1.0
75	430	1.0
75	431	1.0
75	432	1.0
75	433	1.0
75	434	1.0
75	435	1.0
75	436	1.0
75	437	1.0
75	438	1.0
75	439	1.0
75	440	1.0
75	441	1.0
75	442	1.0
75	443	1.0
75	444	1.0
75	445	1.0
75	446	1.0
75	447	1.0
75	448	1.0
75	449	1.0
449	450	1.0
449	451	1.0
449	452	1.0
449	453	1.0
449	454	1.0
449	455	1.0
449	456	1.0
449	457	1.0
75	458	1.0
75	459	1.0
75	460	1.0
75	461	1.0
75	462	1.0
75	463	1.0
75	464	1.0
75	465	1.0
75	466	1.0
75	467	1.0
75	468	1.0
75	469	1.0
75	470	1.0
75	471	1.0
75	472	1.0
75	473	1.0
75	474	1.0
75	475	1.0
75	476	1.0
75	477	1.0
75	478	1.0
75	479	1.0
75	480	1.0
75	481	1.0
75	482	1.0
75	483	1.0
75	484	1.0
75	485	1.0
75	486	1.0
75	487	1.0
75	488	1.0
75	489	1.0
75	490	1.0
75	491	1.0
75	492	1.0
492	493	1.0
492	494	1.0
492	495	1.0
492	496	1.0
492	497	1.0
492	498	1.0
492	499	1.0
492	500	1.0
492	501	1.0
492	502	1.0
492	503	1.0
492	504	1.0
492	505	1.0
492	506	1.0
492	507	1.0
492	508	1.0
492	509	1.0
492	510	1.0
492	511	1.0
492	512	1.0
492	513	1.0
492	514	1.0
492	515	1.0
492	516	1.0
492	517	1.0
492	518	1.0
492	519	1.0
492	520	1.0
492	521	1.0
492	522	1.0
492	523	1.0
492	524	1.0
492	525	1.0
492	526	1.0
492	527	1.0
492	528	1.0
492	529	1.0
492	530	1.0
492	531	1.0
492	532	1.0
492	533	1.0
492	534	1.0
492	535	1.0
492	536	1.0
492	537	1.0
492	538	1.0
492	539	1.0
492	540	1.0
492	541	1.0
492	542	1.0
492	543	1.0
492	544	1.0
492	545	1.0
492	546	1.0
492	547	1.0
492	548	1.0
492	549	1.0
492	550	1.0
492	551	1.0
492	552	1.0
492	553	1.0
492	554	1.0
492	555	1.0
492	556	1.0
492	557	1.0
492	558	1.0
492	559	1.0
492	560	1.0
492	561	1.0
492	562	1.0
492	563	1.0
492	564	1.0
492	565	1.0
492	566	1.0
492	567	1.0
492	568	1.0
492	569	1.0
492	570	1.0
492	571	1.0
492	572	1.0
492	573	1.0
492	574	1.0
492	575	1.0
492	576	1.0
492	577	1.0
492	578	1.0
492	579	1.0
492	580	1.0
492	581	1.0
492	582	1.0
492	583	1.0
492	584	1.0
492	585	1.0
492	586	1.0
492	587	1.0
492	588	1.0
492	589	1.0
492	590	1.0
492	591	1.0
492	592	1.0
492	593	1.0
492	594	1.0
594	595	1.0
594	596	1.0
594	597	1.0
594	598	1.0
594	599	1.0
594	600	1.0
594	601	1.0
594	602	1.0
594	603	1.0
594	604	1.0
594	605	1.0
594	606	1.0
492	607	1.0
492	608	1.0
492	609	1.0
492	610	1.0
492	611	1.0
492	612	1.0
492	613	1.0
492	614	1.0
492	615	1.0
492	616	1.0
492	617	1.0
492	618	1.0
492	619	1.0
492	620	1.0
492	621	1.0
492	622	1.0
492	623	1.0
492	624	1.0
492	625	1.0
492	626	1.0
492	627	1.0
492	628	1.0
628	629	1.0
628	630	1.0
628	631	1.0
628	632	1.0
492	633	1.0
492	634	1.0
492	635	1.0
492	636	1.0
492	637	1.0
492	638	1.0
492	639	1.0
492	640	1.0
492	641	1.0
492	642	1.0
492	643	1.0
492	644	1.0
492	645	1.0
492	646	1.0
492	647	1.0
492	648	1.0
492	649	1.0
492	650	1.0
492	651	1.0
492	652	1.0
492	653	1.0
492	654	1.0
492	655	1.0
492	656	1.0
492	657	1.0
75	658	1.0
75	659	1.0
75	660	1.0
75	661	1.0
75	662	1.0
75	663	1.0
75	664	1.0
75	665	1.0
75	666	1.0
75	667	1.0
75	668	1.0
75	669	1.0
75	670	1.0
75	671	1.0
75	672	1.0
75	673	1.0
75	674	1.0
75	675	1.0
75	676	1.0
75	677	1.0
75	678	1.0
75	679	1.0
75	680	1.0
75	681	1.0
75	682	1.0
75	683	1.0
75	684	1.0
75	685	1.0
75	686	1.0
75	687	1.0
75	688	1.0
75	689	1.0
75	690	1.0
75	691	1.0
75	692	1.0
75	693	1.0
75	694	1.0
75	695	1.0
75	696	1.0
75	697	1.0
75	698	1.0
75	699	1.0
75	700	1.0
75	701	1.0
75	702	1.0
75	703	1.0
75	704	1.0
75	705	1.0
75	706	1.0
75	707	1.0
75	708	1.0
75	709	1.0
75	710	1.0
75	711	1.0
75	712	1.0
75	713	1.0
75	714	1.0
75	715	1.0
75	716	1.0
75	717	1.0
75	718	1.0
75	719	1.0
75	720	1.0
75	721	1.0
75	722	1.0
75	723	1.0
75	724	1.0
75	725	1.0
75	726	1.0
75	727	1.0
75	728	1.0
75	729	1.0
75	730	1.0
75	731	1.0
75	732	1.0
75	733	1.0
75	734	1.0
75	735	1.0
75	736	1.0
75	737	1.0
75	738	1.0
75	739	1.0
75	740	1.0
75	741	1.0
75	742	1.0
75	743	1.0
75	744	1.0
75	745	1.0
75	746	1.0
75	747	1.0
75	748	1.0
75	749	1.0
75	750	1.0
75	751	1.0
75	752	1.0
75	753	1.0
75	754	1.0
75	755	1.0
75	756	1.0
75	757	1.0
75	758	1.0
75	759	1.0
75	760	1.0
75	761	1.0
75	762	1.0
75	763	1.0
75	764	1.0
75	765	1.0
75	766	1.0
75	767	1.0
75	768	1.0
75	769	1.0
75	770	1.0
75	771	1.0
75	772	1.0
75	773	1.0
75	774	1.0
75	775	1.0
75	776	1.0
75	777	1.0
75	778	1.0
75	779	1.0
75	780	1.0
75	781	1.0
75	782	1.0
75	783	1.0
75	784	1.0
75	785	1.0
75	786	1.0
75	787	1.0
75	788	1.0
75	789	1.0
75	790	1.0
75	791	1.0
75	792	1.0
75	793	1.0
75	794	1.0
75	795	1.0
75	796	1.0
75	797	1.0
75	798	1.0
75	799	1.0
75	800	1.0
75	801	1.0
75	802	1.0
75	803	1.0
75	804	1.0
75	805	1.0
75	806	1.0
75	807	1.0
75	808	1.0
75	809	1.0
809	810	1.0
809	811	1.0
809	812	1.0
809	813	1.0
809	814	1.0
809	815	1.0
809	816	1.0
809	817	1.0
809	818	1.0
809	819	1.0
809	820	1.0
809	821	1.0
809	822	1.0
822	823	1.0
822	824	1.0
822	825	1.0
822	826	1.0
822	827	1.0
822	828	1.0
822	829	1.0
822	830	1.0
822	831	1.0
822	832	1.0
822	833	1.0
822	834	1.0
822	835	1.0
822	836	1.0
822	837	1.0
822	838	1.0
822	839	1.0
822	840	1.0
822	841	1.0
822	842	1.0
822	843	1.0
822	844	1.0
822	845	1.0
822	846	1.0
822	847	1.0
822	848	1.0
822	849	1.0
822	850	1.0
822	851	1.0
822	852	1.0
822	853	1.0
809	854	1.0
809	855	1.0
809	856	1.0
809	857	1.0
809	858	1.0
809	859	1.0
809	860	1.0
809	861	1.0
809	862	1.0
809	863	1.0
809	864	1.0
809	865	1.0
809	866	1.0
809	867	1.0
809	868	1.0
809	869	1.0
809	870	1.0
809	871	1.0
809	872	1.0
809	873	1.0
873	874	1.0
873	875	1.0
873	876	1.0
873	877	1.0
873	878	1.0
873	879	1.0
873	880	1.0
873	881	1.0
873	882	1.0
873	883	1.0
873	884	1.0
873	885	1.0
873	886	1.0
873	887	1.0
887	888	1.0
887	889	1.0
887	890	1.0
887	891	1.0
887	892	1.0
887	893	1.0
887	894	1.0
887	895	1.0
887	896	1.0
887	897	1.0
887	898	1.0
887	899	1.0
887	900	1.0
887	901	1.0
887	902	1.0
887	903	1.0
887	904	1.0
887	905	1.0
887	906	1.0
887	907	1.0
887	908	1.0
887	909	1.0
887	910	1.0
887	911	1.0
887	912	1.0
887	913	1.0
887	914	1.0
887	915	1.0
887	916	1.0
887	917	1.0
887	918	1.0
887	919	1.0
887	920	1.0
887	921	1.0
887	922	1.0
887	923	1.0
887	924	1.0
887	925	1.0
887	926	1.0
887	927	1.0
887	928	1.0
887	929	1.0
887	930	1.0
887	931	1.0
887	932	1.0
887	933	1.0
887	934	1.0
887	935	1.0
887	936	1.0
887	937	1.0
937	938	1.0
937	939	1.0
939	940	1.0
939	941	1.0
939	942	1.0
939	943	1.0
939	944	1.0
887	945	1.0
945	946	1.0
945	947	1.0
945	948	1.0
945	949	1.0
887	950	1.0
887	951	1.0
887	952	1.0
887	953	1.0
887	954	1.0
887	955	1.0
887	956	1.0
887	957	1.0
887	958	1.0
887	959	1.0
887	960	1.0
887	961	1.0
887	962	1.0
887	963	1.0
887	964	1.0
887	965	1.0
887	966	1.0
966	967	1.0
966	968	1.0
966	969	1.0
966	970	1.0
966	971	1.0
966	972	1.0
966	973	1.0
966	974	1.0
966	975	1.0
966	976	1.0
966	977	1.0
966	978	1.0
966	979	1.0
966	980	1.0
966	981	1.0
966	982	1.0
966	983	1.0
966	984	1.0
966	985	1.0
966	986	1.0
966	987	1.0
966	988	1.0
966	989	1.0
966	990	1.0
966	991	1.0
966	992	1.0
966	993	1.0
966	994	1.0
966	995	1.0
966	996	1.0
966	997	1.0
966	998	1.0
966	999	1.0
966	1000	1.0
966	1001	1.0
966	1002	1.0
966	1003	1.0
966	1004	1.0
966	1005	1.0
966	1006	1.0
966	1007	1.0
966	1008	1.0
966	1009	1.0
966	1010	1.0
966	1011	1.0
966	1012	1.0
966	1013	1.0
966	1014	1.0
966	1015	1.0
966	1016	1.0
966	1017	1.0
966	1018	1.0
966	1019	1.0
966	1020	1.0
966	1021	1.0
966	1022	1.0
966	1023	1.0
966	1024	1.0
966	1025	1.0
966	1026	1.0
966	1027	1.0
966	1028	1.0
966	1029	1.0
966	1030	1.0
966	1031	1.0
966	1032	1.0
966	1033	1.0
887	1034	1.0
887	1035	1.0
887	1036	1.0
887	1037	1.0
887	1038	1.0
887	1039	1.0
887	1040	1.0
887	1041	1.0
887	1042	1.0
887	1043	1.0
887	1044	1.0
887	1045	1.0
887	1046	1.0
887	1047	1.0
887	1048	1.0
887	1049	1.0
887	1050	1.0
887	1051	1.0
887	1052	1.0
887	1053	1.0
887	1054	1.0
887	1055	1.0
887	1056	1.0
887	1057	1.0
887	1058	1.0
887	1059	1.0
887	1060	1.0
887	1061	1.0
887	1062	1.0
887	1063	1.0
887	1064	1.0
887	1065	1.0
887	1066	1.0
887	1067	1.0
887	1068	1.0
887	1069	1.0
887	1070	1.0
887	1071	1.0
887	1072	1.0
887	1073	1.0
887	1074	1.0
887	1075	1.0
887	1076	1.0
887	1077	1.0
887	1078	1.0
887	1079	1.0
887	1080	1.0
887	1081	1.0
887	1082	1.0
887	1083	1.0
887	1084	1.0
887	1085	1.0
887	1086	1.0
887	1087	1.0
887	1088	1.0
887	1089	1.0
887	1090	1.0
887	1091	1.0
887	1092	1.0
887	1093	1.0
887	1094	1.0
887	1095	1.0
887	1096	1.0
887	1097	1.0
887	1098	1.0
887	1099	1.0
887	1100	1.0
887	1101	1.0
887	1102	1.0
887	1103	1.0
887	1104	1.0
887	1105	1.0
887	1106	1.0
887	1107	1.0
887	1108	1.0
887	1109	1.0
887	1110	1.0
887	1111	1.0
887	1112	1.0
887	1113	1.0
887	1114	1.0
887	1115	1.0
887	1116	1.0
887	1117	1.0
887	1118	1.0
887	1119	1.0
887	1120	1.0
887	1121	1.0
887	1122	1.0
887	1123	1.0
887	1124	1.0
887	1125	1.0
887	1126	1.0
887	1127	1.0
887	1128	1.0
887	1129	1.0
887	1130	1.0
887	1131	1.0
887	1132	1.0
887	1133	1.0
887	1134	1.0
887	1135	1.0
887	1136	1.0
887	1137	1.0
887	1138	1.0
887	1139	1.0
887	1140	1.0
887	1141	1.0
887	1142	1.0
887	1143	1.0
887	1144	1.0
1144	1145	1.0
1144	1146	1.0
1144	1147	1.0
1144	1148	1.0
1144	1149	1.0
1144	1150	1.0
1144	1151	1.0
1144	1152	1.0
1144	1153	1.0
1144	1154	1.0
1144	1155	1.0
1144	1156	1.0
1144	1157	1.0
1144	1158	1.0
1144	1159	1.0
1144	1160	1.0
1144	1161	1.0
1144	1162	1.0
1144	1163	1.0
887	1164	1.0
887	1165	1.0
887	1166	1.0
887	1167	1.0
887	1168	1.0
887	1169	1.0
1169	1170	1.0
1169	1171	1.0
1169	1172	1.0
1169	1173	1.0
887	1174	1.0
887	1175	1.0
887	1176	1.0
887	1177	1.0
887	1178	1.0
887	1179	1.0
887	1180	1.0
887	1181	1.0
887	1182	1.0
887	1183	1.0
887	1184	1.0
887	1185	1.0
887	1186	1.0
887	1187	1.0
887	1188	1.0
887	1189	1.0
887	1190	1.0
887	1191	1.0
887	1192	1.0
887	1193	1.0
887	1194	1.0
887	1195	1.0
887	1196	1.0
887	1197	1.0
887	1198	1.0
887	1199	1.0
887	1200	1.0
887	1201	1.0
887	1202	1.0
887	1203	1.0
887	1204	1.0
887	1205	1.0
887	1206	1.0
887	1207	1.0
887	1208	1.0
887	1209	1.0
887	1210	1.0
887	1211	1.0
887	1212	1.0
887	1213	1.0
887	1214	1.0
887	1215	1.0
887	1216	1.0
887	1217	1.0
887	1218	1.0
887	1219	1.0
887	1220	1.0
887	1221	1.0
887	1222	1.0
887	1223	1.0
887	1224	1.0
887	1225	1.0
887	1226	1.0
887	1227	1.0
887	1228	1.0
887	1229	1.0
887	1230	1.0
887	1231	1.0
887	1232	1.0
887	1233	1.0
887	1234	1.0
887	1235	1.0
887	1236	1.0
887	1237	1.0
887	1238	1.0
887	1239	1.0
887	1240	1.0
887	1241	1.0
887	1242	1.0
887	1243	1.0
887	1244	1.0
887	1245	1.0
887	1246	1.0
887	1247	1.0
887	1248	1.0
887	1249	1.0
887	1250	1.0
887	1251	1.0
887	1252	1.0
887	1253	1.0
887	1254	1.0
887	1255	1.0
887	1256	1.0
887	1257	1.0
887	1258	1.0
887	1259	1.0
887	1260	1.0
887	1261	1.0
887	1262	1.0
887	1263	1.0
887	1264	1.0
887	1265	1.0
887	1266	1.0
887	1267	1.0
887	1268	1.0
887	1269	1.0
887	1270	1.0
887	1271	1.0
887	1272	1.0
887	1273	1.0
887	1274	1.0
887	1275	1.0
887	1276	1.0
887	1277	1.0
887	1278	1.0
887	1279	1.0
887	1280	1.0
887	1281	1.0
887	1282	1.0
887	1283	1.0
887	1284	1.0
887	1285	1.0
887	1286	1.0
887	1287	1.0
887	1288	1.0
887	1289	1.0
887	1290	1.0
887	1291	1.0
887	1292	1.0
887	1293	1.0
887	1294	1.0
887	1295	1.0
887	1296	1.0
887	1297	1.0
887	1298	1.0
887	1299	1.0
887	1300	1.0
887	1301	1.0
887	1302	1.0
887	1303	1.0
887	1304	1.0
887	1305	1.0
887	1306	1.0
887	1307	1.0
887	1308	1.0
887	1309	1.0
887	1310	1.0
887	1311	1.0
887	1312	1.0
887	1313	1.0
887	1314	1.0
887	1315	1.0
887	1316	1.0
887	1317	1.0
887	1318	1.0
887	1319	1.0
887	1320	1.0
887	1321	1.0
887	1322	1.0
887	1323	1.0
887	1324	1.0
887	1325	1.0
887	1326	1.0
887	1327	1.0
887	1328	1.0
887	1329	1.0
887	1330	1.0
887	1331	1.0
887	1332	1.0
887	1333	1.0
887	1334	1.0
887	1335	1.0
887	1336	1.0
887	1337	1.0
887	1338	1.0
887	1339	1.0
887	1340	1.0
887	1341	1.0
887	1342	1.0
887	1343	1.0
887	1344	1.0
887	1345	1.0
887	1346	1.0
887	1347	1.0
887	1348	1.0
887	1349	1.0
887	1350	1.0
887	1351	1.0
887	1352	1.0
887	1353	1.0
887	1354	1.0
887	1355	1.0
887	1356	1.0
887	1357	1.0
887	1358	1.0
887	1359	1.0
887	1360	1.0
887	1361	1.0
887	1362	1.0
887	1363	1.0
887	1364	1.0
887	1365	1.0
887	1366	1.0
887	1367	1.0
887	1368	1.0
887	1369	1.0
887	1370	1.0
887	1371	1.0
887	1372	1.0
887	1373	1.0
887	1374	1.0
887	1375	1.0
887	1376	1.0
887	1377	1.0
887	1378	1.0
887	1379	1.0
887	1380	1.0
887	1381	1.0
887	1382	1.0
887	1383	1.0
887	1384	1.0
887	1385	1.0
887	1386	1.0
887	1387	1.0
887	1388	1.0
887	1389	1.0
887	1390	1.0
887	1391	1.0
887	1392	1.0
887	1393	1.0
887	1394	1.0
887	1395	1.0
887	1396	1.0
887	1397	1.0
1397	1398	1.0
1397	1399	1.0
1397	1400	1.0
1397	1401	1.0
1397	1402	1.0
1397	1403	1.0
1397	1404	1.0
887	1405	1.0
887	1406	1.0
887	1407	1.0
887	1408	1.0
887	1409	1.0
887	1410	1.0
887	1411	1.0
887	1412	1.0
887	1413	1.0
887	1414	1.0
887	1415	1.0
887	1416	1.0
887	1417	1.0
887	1418	1.0
887	1419	1.0
887	1420	1.0
887	1421	1.0
887	1422	1.0
887	1423	1.0
887	1424	1.0
887	1425	1.0
887	1426	1.0
887	1427	1.0
887	1428	1.0
887	1429	1.0
887	1430	1.0
887	1431	1.0
887	1432	1.0
887	1433	1.0
887	1434	1.0
887	1435	1.0
887	1436	1.0
887	1437	1.0
887	1438	1.0
887	1439	1.0
887	1440	1.0
887	1441	1.0
887	1442	1.0
887	1443	1.0
887	1444	1.0
887	1445	1.0
887	1446	1.0
1446	1447	1.0
1446	1448	1.0
1446	1449	1.0
1446	1450	1.0
1446	1451	1.0
1446	1452	1.0
1446	1453	1.0
887	1454	1.0
887	1455	1.0
887	1456	1.0
887	1457	1.0
887	1458	1.0
887	1459	1.0
887	1460	1.0
887	1461	1.0
887	1462	1.0
887	1463	1.0
887	1464	1.0
887	1465	1.0
887	1466	1.0
887	1467	1.0
887	1468	1.0
887	1469	1.0
887	1470	1.0
887	1471	1.0
887	1472	1.0
887	1473	1.0
887	1474	1.0
887	1475	1.0
887	1476	1.0
887	1477	1.0
887	1478	1.0
887	1479	1.0
887	1480	1.0
887	1481	1.0
887	1482	1.0
887	1483	1.0
887	1484	1.0
887	1485	1.0
887	1486	1.0
887	1487	1.0
887	1488	1.0
887	1489	1.0
887	1490	1.0
887	1491	1.0
887	1492	1.0
887	1493	1.0
887	1494	1.0
887	1495	1.0
887	1496	1.0
873	1497	1.0
873	1498	1.0
873	1499	1.0
873	1500	1.0
873	1501	1.0
873	1502	1.0
873	1503	1.0
873	1504	1.0
873	1505	1.0
873	1506	1.0
873	1507	1.0
873	1508	1.0
873	1509	1.0
873	1510	1.0
873	1511	1.0
873	1512	1.0
873	1513	1.0
873	1514	1.0
873	1515	1.0
873	1516	1.0
873	1517	1.0
873	1518	1.0
809	1519	1.0
809	1520	1.0
75	1521	1.0
75	1522	1.0
75	1523	1.0
75	1524	1.0
75	1525	1.0
75	1526	1.0
75	1527	1.0
75	1528	1.0
75	1529	1.0
75	1530	1.0
75	1531	1.0
75	1532	1.0
75	1533	1.0
75	1534	1.0
75	1535	1.0
75	1536	1.0
75	1537	1.0
75	1538	1.0
75	1539	1.0
75	1540	1.0
75	1541	1.0
75	1542	1.0
75	1543	1.0
75	1544	1.0
75	1545	1.0
75	1546	1.0
75	1547	1.0
75	1548	1.0
75	1549	1.0
75	1550	1.0
75	1551	1.0
75	1552	1.0
75	1553	1.0
75	1554	1.0
75	1555	1.0
75	1556	1.0
75	1557	1.0
75	1558	1.0
75	1559	1.0
75	1560	1.0
75	1561	1.0
75	1562	1.0
75	1563	1.0
75	1564	1.0
75	1565	1.0
75	1566	1.0
75	1567	1.0
75	1568	1.0
75	1569	1.0
75	1570	1.0
75	1571	1.0
75	1572	1.0
75	1573	1.0
75	1574	1.0
1574	1575	1.0
1574	1576	1.0
1574	1577	1.0
1574	1578	1.0
1574	1579	1.0
1574	1580	1.0
1574	1581	1.0
1574	1582	1.0
1574	1583	1.0
1574	1584	1.0
1574	1585	1.0
1574	1586	1.0
1574	1587	1.0
1574	1588	1.0
1574	1589	1.0
1574	1590	1.0
1574	1591	1.0
1574	1592	1.0
1574	1593	1.0
1574	1594	1.0
1574	1595	1.0
1574	1596	1.0
1574	1597	1.0
1574	1598	1.0
1574	1599	1.0
1574	1600	1.0
1600	1601	1.0
1600	1602	1.0
1600	1603	1.0
1603	1604	1.0
1603	1605	1.0
1603	1606	1.0
1603	1607	1.0
1603	1608	1.0
1603	1609	1.0
1603	1610	1.0
1600	1611	1.0
1574	1612	1.0
1574	1613	1.0
1574	1614	1.0
1574	1615	1.0
1574	1616	1.0
1574	1617	1.0
1574	1618	1.0
1574	1619	1.0
1619	1620	1.0
1619	1621	1.0
1619	1622	1.0
1619	1623	1.0
1619	1624	1.0
1619	1625	1.0
1619	1626	1.0
1619	1627	1.0
1619	1628	1.0
1619	1629	1.0
1619	1630	1.0
1619	1631	1.0
1619	1632	1.0
1619	1633	1.0
1619	1634	1.0
1619	1635	1.0
1619	1636	1.0
1619	1637	1.0
1619	1638	1.0
1638	1639	1.0
1638	1640	1.0
1638	1641	1.0
1638	1642	1.0
1619	1643	1.0
1619	1644	1.0
1619	1645	1.0
1619	1646	1.0
1619	1647	1.0
1619	1648	1.0
1619	1649	1.0
1619	1650	1.0
1619	1651	1.0
1619	1652	1.0
1619	1653	1.0
1619	1654	1.0
1619	1655	1.0
1619	1656	1.0
1619	1657	1.0
1619	1658	1.0
1619	1659	1.0
1619	1660	1.0
1619	1661	1.0
1619	1662	1.0
1619	1663	1.0
1619	1664	1.0
1619	1665	1.0
1619	1666	1.0
1619	1667	1.0
1619	1668	1.0
1619	1669	1.0
1619	1670	1.0
1619	1671	1.0
1619	1672	1.0
1619	1673	1.0
1619	1674	1.0
1619	1675	1.0
1619	1676	1.0
1619	1677	1.0
1619	1678	1.0
1619	1679	1.0
1619	1680	1.0
1619	1681	1.0
1619	1682	1.0
1619	1683	1.0
1619	1684	1.0
1619	1685	1.0
1619	1686	1.0
1619	1687	1.0
1687	1688	1.0
1687	1689	1.0
1687	1690	1.0
1687	1691	1.0
1687	1692	1.0
1692	1693	1.0
1692	1694	1.0
1692	1695	1.0
1692	1696	1.0
1692	1697	1.0
1692	1698	1.0
1687	1699	1.0
1687	1700	1.0
1619	1701	1.0
1619	1702	1.0
1619	1703	1.0
1619	1704	1.0
1619	1705	1.0
1619	1706	1.0
1619	1707	1.0
1619	1708	1.0
1619	1709	1.0
1619	1710	1.0
1619	1711	1.0
1619	1712	1.0
1619	1713	1.0
1619	1714	1.0
1619	1715	1.0
1619	1716	1.0
1619	1717	1.0
1619	1718	1.0
1619	1719	1.0
1619	1720	1.0
1619	1721	1.0
1619	1722	1.0
1619	1723	1.0
1619	1724	1.0
1619	1725	1.0
1619	1726	1.0
1619	1727	1.0
1619	1728	1.0
1619	1729	1.0
1619	1730	1.0
1619	1731	1.0
1619	1732	1.0
1619	1733	1.0
1619	1734	1.0
1734	1735	1.0
1734	1736	1.0
1734	1737	1.0
1734	1738	1.0
1734	1739	1.0
1619	1740	1.0
1619	1741	1.0
1619	1742	1.0
1619	1743	1.0
1619	1744	1.0
1619	1745	1.0
1619	1746	1.0
1619	1747	1.0
1619	1748	1.0
1619	1749	1.0
1619	1750	1.0
1619	1751	1.0
1619	1752	1.0
1619	1753	1.0
1619	1754	1.0
1619	1755	1.0
1619	1756	1.0
1619	1757	1.0
1574	1758	1.0
1574	1759	1.0
1574	1760	1.0
1574	1761	1.0
1574	1762	1.0
1574	1763	1.0
1574	1764	1.0
1574	1765	1.0
1574	1766	1.0
1574	1767	1.0
1574	1768	1.0
1574	1769	1.0
1574	1770	1.0
1574	1771	1.0
1574	1772	1.0
1574	1773	1.0
75	1774	1.0
75	1775	1.0
75	1776	1.0
75	1777	1.0
75	1778	1.0
1778	1779	1.0
1778	1780	1.0
1778	1781	1.0
1778	1782	1.0
1778	1783	1.0
1778	1784	1.0
1778	1785	1.0
1778	1786	1.0
1778	1787	1.0
75	1788	1.0
75	1789	1.0
75	1790	1.0
75	1791	1.0
75	1792	1.0
75	1793	1.0
75	1794	1.0
75	1795	1.0
75	1796	1.0
75	1797	1.0
75	1798	1.0
75	1799	1.0
75	1800	1.0
75	1801	1.0
75	1802	1.0
75	1803	1.0
75	1804	1.0
75	1805	1.0
75	1806	1.0
75	1807	1.0
75	1808	1.0
75	1809	1.0
75	1810	1.0
75	1811	1.0
75	1812	1.0
75	1813	1.0
75	1814	1.0
75	1815	1.0
75	1816	1.0
75	1817	1.0
75	1818	1.0
75	1819	1.0
75	1820	1.0
75	1821	1.0
75	1822	1.0
75	1823	1.0
75	1824	1.0
75	1825	1.0
75	1826	1.0
75	1827	1.0
75	1828	1.0
75	1829	1.0
75	1830	1.0
75	1831	1.0
75	1832	1.0
75	1833	1.0
75	1834	1.0
75	1835	1.0
75	1836	1.0
75	1837	1.0
75	1838	1.0
1838	1839	1.0
1838	1840	1.0
1838	1841	1.0
1838	1842	1.0
1838	1843	1.0
1838	1844	1.0
1838	1845	1.0
1838	1846	1.0
1838	1847	1.0
1838	1848	1.0
1838	1849	1.0
1838	1850	1.0
1838	1851	1.0
1838	1852	1.0
1838	1853	1.0
1838	1854	1.0
1838	1855	1.0
1838	1856	1.0
1838	1857	1.0
1838	1858	1.0
1838	1859	1.0
1838	1860	1.0
1838	1861	1.0
1838	1862	1.0
1838	1863	1.0
1838	1864	1.0
1838	1865	1.0
1838	1866	1.0
1838	1867	1.0
1838	1868	1.0
1838	1869	1.0
1838	1870	1.0
1838	1871	1.0
1838	1872	1.0
75	1873	1.0
75	1874	1.0
75	1875	1.0
75	1876	1.0
63	1877	1.0
63	1878	1.0
63	1879	1.0
63	1880	1.0
63	1881	1.0
63	1882	1.0
63	1883	1.0
63	1884	1.0
63	1885	1.0
63	1886	1.0
63	1887	1.0
63	1888	1.0
63	1889	1.0
63	1890	1.0
63	1891	1.0
63	1892	1.0
63	1893	1.0
61	1894	1.0
61	1895	1.0
61	1896	1.0
61	1897	1.0
61	1898	1.0
61	1899	1.0
61	1900	1.0
61	1901	1.0
61	1902	1.0
61	1903	1.0
61	1904	1.0
61	1905	1.0
1905	1906	1.0
1905	1907	1.0
1905	1908	1.0
1905	1909	1.0
1905	1910	1.0
1905	1911	1.0
1905	1912	1.0
1905	1913	1.0
1905	1914	1.0
1905	1915	1.0
1905	1916	1.0
1905	1917	1.0
1905	1918	1.0
1905	1919	1.0
1905	1920	1.0
1905	1921	1.0
1905	1922	1.0
1905	1923	1.0
1905	1924	1.0
1905	1925	1.0
1905	1926	1.0
1905	1927	1.0
1905	1928	1.0
1905	1929	1.0
1905	1930	1.0
1905	1931	1.0
1905	1932	1.0
1905	1933	1.0
1905	1934	1.0
1905	1935	1.0
1905	1936	1.0
1905	1937	1.0
1937	1938	1.0
1937	1939	1.0
1937	1940	1.0
1937	1941	1.0
1937	1942	1.0
1937	1943	1.0
1937	1944	1.0
1937	1945	1.0
1937	1946	1.0
1905	1947	1.0
1905	1948	1.0
1905	1949	1.0
1905	1950	1.0
1905	1951	1.0
1905	1952	1.0
1905	1953	1.0
1905	1954	1.0
1905	1955	1.0
1905	1956	1.0
1905	1957	1.0
1905	1958	1.0
1905	1959	1.0
1905	1960	1.0
1905	1961	1.0
1905	1962	1.0
1905	1963	1.0
1905	1964	1.0
1905	1965	1.0
1905	1966	1.0
1905	1967	1.0
1905	1968	1.0
1905	1969	1.0
1905	1970	1.0
1905	1971	1.0
1905	1972	1.0
1905	1973	1.0
1905	1974	1.0
1905	1975	1.0
1905	1976	1.0
1905	1977	1.0
1905	1978	1.0
1905	1979	1.0
1905	1980	1.0
1905	1981	1.0
1905	1982	1.0
1905	1983	1.0
1905	1984	1.0
1905	1985	1.0
1905	1986	1.0
1905	1987	1.0
1905	1988	1.0
1905	1989	1.0
1905	1990	1.0
1905	1991	1.0
1905	1992	1.0
1905	1993	1.0
1905	1994	1.0
1905	1995	1.0
1905	1996	1.0
1905	1997	1.0
1905	1998	1.0
1905	1999	1.0
61	2000	1.0
55	2001	1.0
55	2002	1.0
55	2003	1.0
55	2004	1.0
55	2005	1.0
55	2006	1.0
55	2007	1.0
55	2008	1.0
55	2009	1.0
55	2010	1.0
55	2011	1.0
55	2012	1.0
55	2013	1.0
55	2014	1.0
55	2015	1.0
55	2016	1.0
55	2017	1.0
55	2018	1.0
55	2019	1.0
55	2020	1.0
55	2021	1.0
55	2022	1.0
55	2023	1.0
55	2024	1.0
55	2025	1.0
55	2026	1.0
55	2027	1.0
55	2028	1.0
55	2029	1.0
55	2030	1.0
55	2031	1.0
55	2032	1.0
55	2033	1.0
55	2034	1.0
55	2035	1.0
12	2036	1.0
12	2037	1.0
10	2038	1.0
10	2039	1.0
3	2040	1.0
3	2041	1.0
0	2042	1.0
