0	1	1.0
1	2	1.0
1	3	1.0
1	4	1.0
1	5	1.0
1	6	1.0
1	7	1.0
1	8	1.0
1	9	1.0
1	10	1.0
1	11	1.0
1	12	1.0
12	13	1.0
12	14	1.0
12	15	1.0
12	16	1.0
12	17	1.0
12	18	1.0
12	19	1.0
19	20	1.0
19	21	1.0
19	22	1.0
22	23	1.0
22	24	1.0
22	25	1.0
22	26	1.0
22	27	1.0
22	28	1.0
22	29	1.0
22	30	1.0
22	31	1.0
31	32	1.0
31	33	1.0
31	34	1.0
31	35	1.0
31	36	1.0
31	37	1.0
31	38	1.0
31	39	1.0
31	40	1.0
31	41	1.0
31	42	1.0
31	43	1.0
31	44	1.0
31	45	1.0
45	46	1.0
45	47	1.0
45	48	1.0
45	49	1.0
45	50	1.0
45	51	1.0
45	52	1.0
45	53	1.0
45	54	1.0
45	55	1.0
45	56	1.0
45	57	1.0
45	58	1.0
45	59	1.0
45	60	1.0
60	61	1.0
60	62	1.0
60	63	1.0
60	64	1.0
60	65	1.0
60	66	1.0
60	67	1.0
60	68	1.0
60	69	1.0
60	70	1.0
70	71	1.0
70	72	1.0
72	73	1.0
72	74	1.0
72	75	1.0
72	76	1.0
72	77	1.0
72	78	1.0
72	79	1.0
72	80	1.0
72	81	1.0
72	82	1.0
72	83	1.0
72	84	1.0
72	85	1.0
72	86	1.0
72	87	1.0
72	88	1.0
72	89	1.0
72	90	1.0
72	91	1.0
72	92	1.0
72	93	1.0
72	94	1.0
72	95	1.0
72	96	1.0
72	97	1.0
72	98	1.0
72	99	1.0
72	100	1.0
72	101	1.0
101	102	1.0
101	103	1.0
101	104	1.0
101	105	1.0
101	106	1.0
101	107	1.0
101	108	1.0
101	109	1.0
101	110	1.0
101	111	1.0
101	112	1.0
101	113	1.0
101	114	1.0
101	115	1.0
101	116	1.0
101	117	1.0
101	118	1.0
101	119	1.0
101	120	1.0
101	121	1.0
101	122	1.0
101	123	1.0
101	124	1.0
101	125	1.0
101	126	1.0
101	127	1.0
72	128	1.0
72	129	1.0
72	130	1.0
72	131	1.0
72	132	1.0
72	133	1.0
72	134	1.0
72	135	1.0
72	136	1.0
72	137	1.0
72	138	1.0
72	139	1.0
72	140	1.0
72	141	1.0
72	142	1.0
72	143	1.0
72	144	1.0
72	145	1.0
72	146	1.0
72	147	1.0
72	148	1.0
72	149	1.0
72	150	1.0
72	151	1.0
72	152	1.0
72	153	1.0
72	154	1.0
72	155	1.0
72	156	1.0
72	157	1.0
72	158	1.0
72	159	1.0
72	160	1.0
72	161	1.0
72	162	1.0
72	163	1.0
72	164	1.0
72	165	1.0
72	166	1.0
72	167	1.0
72	168	1.0
72	169	1.0
72	170	1.0
72	171	1.0
72	172	1.0
72	173	1.0
72	174	1.0
72	175	1.0
72	176	1.0
72	177	1.0
72	178	1.0
72	179	1.0
72	180	1.0
180	181	1.0
180	182	1.0
180	183	1.0
180	184	1.0
180	185	1.0
180	186	1.0
180	187	1.0
180	188	1.0
180	189	1.0
180	190	1.0
180	191	1.0
180	192	1.0
180	193	1.0
180	194	1.0
180	195	1.0
72	196	1.0
72	197	1.0
72	198	1.0
72	199	1.0
72	200	1.0
72	201	1.0
72	202	1.0
72	203	1.0
72	204	1.0
72	205	1.0
72	206	1.0
206	207	1.0
206	208	1.0
206	209	1.0
209	210	1.0
209	211	1.0
209	212	1.0
209	213	1.0
209	214	1.0
209	215	1.0
209	216	1.0
206	217	1.0
206	218	1.0
206	219	1.0
206	220	1.0
206	221	1.0
206	222	1.0
206	223	1.0
206	224	1.0
206	225	1.0
206	226	1.0
206	227	1.0
206	228	1.0
206	229	1.0
206	230	1.0
206	231	1.0
206	232	1.0
206	233	1.0
206	234	1.0
206	235	1.0
206	236	1.0
206	237	1.0
206	238	1.0
206	239	1.0
206	240	1.0
206	241	1.0
206	242	1.0
206	243	1.0
206	244	1.0
206	245	1.0
206	246	1.0
206	247	1.0
206	248	1.0
206	249	1.0
206	250	1.0
206	251	1.0
206	252	1.0
206	253	1.0
206	254	1.0
206	255	1.0
206	256	1.0
206	257	1.0
206	258	1.0
206	259	1.0
206	260	1.0
206	261	1.0
206	262	1.0
206	263	1.0
206	264	1.0
206	265	1.0
206	266	1.0
206	267	1.0
206	268	1.0
206	269	1.0
206	270	1.0
270	271	1.0
270	272	1.0
270	273	1.0
270	274	1.0
270	275	1.0
270	276	1.0
270	277	1.0
270	278	1.0
270	279	1.0
270	280	1.0
270	281	1.0
270	282	1.0
206	283	1.0
206	284	1.0
206	285	1.0
206	286	1.0
206	287	1.0
206	288	1.0
206	289	1.0
206	290	1.0
206	291	1.0
206	292	1.0
206	293	1.0
206	294	1.0
206	295	1.0
206	296	1.0
206	297	1.0
206	298	1.0
206	299	1.0
206	300	1.0
206	301	1.0
206	302	1.0
206	303	1.0
206	304	1.0
206	305	1.0
206	306	1.0
206	307	1.0
206	308	1.0
206	309	1.0
206	310	1.0
206	311	1.0
206	312	1.0
206	313	1.0
206	314	1.0
206	315	1.0
206	316	1.0
206	317	1.0
206	318	1.0
206	319	1.0
206	320	1.0
206	321	1.0
206	322	1.0
206	323	1.0
206	324	1.0
206	325	1.0
206	326	1.0
206	327	1.0
206	328	1.0
206	329	1.0
206	330	1.0
206	331	1.0
206	332	1.0
206	333	1.0
206	334	1.0
206	335	1.0
206	336	1.0
206	337	1.0
206	338	1.0
206	339	1.0
206	340	1.0
206	341	1.0
206	342	1.0
206	343	1.0
206	344	1.0
206	345	1.0
206	346	1.0
206	347	1.0
206	348	1.0
206	349	1.0
206	350	1.0
206	351	1.0
206	352	1.0
206	353	1.0
206	354	1.0
206	355	1.0
206	356	1.0
206	357	1.0
206	358	1.0
206	359	1.0
206	360	1.0
206	361	1.0
206	362	1.0
206	363	1.0
206	364	1.0
206	365	1.0
206	366	1.0
206	367	1.0
206	368	1.0
206	369	1.0
206	370	1.0
206	371	1.0
206	372	1.0
206	373	1.0
206	374	1.0
206	375	1.0
206	376	1.0
206	377	1.0
206	378	1.0
206	379	1.0
206	380	1.0
206	381	1.0
206	382	1.0
206	383	1.0
206	384	1.0
206	385	1.0
206	386	1.0
206	387	1.0
206	388	1.0
206	389	1.0
206	390	1.0
206	391	1.0
206	392	1.0
206	393	1.0
206	394	1.0
206	395	1.0
206	396	1.0
206	397	1.0
206	398	1.0
206	399	1.0
206	400	1.0
206	401	1.0
206	402	1.0
206	403	1.0
206	404	1.0
206	405	1.0
206	406	1.0
206	407	1.0
206	408	1.0
206	409	1.0
206	410	1.0
206	411	1.0
206	412	1.0
206	413	1.0
206	414	1.0
206	415	1.0
206	416	1.0
206	417	1.0
206	418	1.0
206	419	1.0
206	420	1.0
206	421	1.0
206	422	1.0
206	423	1.0
206	424	1.0
206	425	1.0
206	426	1.0
206	427	1.0
206	428	1.0
206	429	1.0
206	430	1.0
206	431	1.0
206	432	1.0
206	433	1.0
206	434	1.0
206	435	1.0
206	436	1.0
206	437	1.0
206	438	1.0
206	439	1.0
206	440	1.0
206	441	1.0
206	442	1.0
206	443	1.0
206	444	1.0
206	445	1.0
206	446	1.0
206	447	1.0
206	448	1.0
206	449	1.0
206	450	1.0
206	451	1.0
206	452	1.0
206	453	1.0
206	454	1.0
206	455	1.0
206	456	1.0
206	457	1.0
206	458	1.0
206	459	1.0
206	460	1.0
206	461	1.0
206	462	1.0
206	463	1.0
206	464	1.0
206	465	1.0
206	466	1.0
206	467	1.0
206	468	1.0
206	469	1.0
206	470	1.0
206	471	1.0
206	472	1.0
206	473	1.0
206	474	1.0
206	475	1.0
206	476	1.0
206	477	1.0
206	478	1.0
206	479	1.0
206	480	1.0
206	481	1.0
206	482	1.0
206	483	1.0
206	484	1.0
206	485	1.0
206	486	1.0
206	487	1.0
206	488	1.0
206	489	1.0
206	490	1.0
206	491	1.0
206	492	1.0
206	493	1.0
206	494	1.0
206	495	1.0
206	496	1.0
206	497	1.0
206	498	1.0
206	499	1.0
206	500	1.0
206	501	1.0
206	502	1.0
206	503	1.0
503	504	1.0
503	505	1.0
503	506	1.0
503	507	1.0
503	508	1.0
503	509	1.0
503	510	1.0
503	511	1.0
503	512	1.0
503	513	1.0
503	514	1.0
503	515	1.0
503	516	1.0
503	517	1.0
503	518	1.0
503	519	1.0
503	520	1.0
503	521	1.0
503	522	1.0
503	523	1.0
503	524	1.0
503	525	1.0
503	526	1.0
503	527	1.0
503	528	1.0
503	529	1.0
503	530	1.0
503	531	1.0
503	532	1.0
503	533	1.0
503	534	1.0
503	535	1.0
503	536	1.0
503	537	1.0
503	538	1.0
206	539	1.0
206	540	1.0
206	541	1.0
206	542	1.0
206	543	1.0
206	544	1.0
206	545	1.0
206	546	1.0
206	547	1.0
206	548	1.0
206	549	1.0
206	550	1.0
206	551	1.0
206	552	1.0
206	553	1.0
206	554	1.0
206	555	1.0
206	556	1.0
206	557	1.0
206	558	1.0
206	559	1.0
206	560	1.0
206	561	1.0
206	562	1.0
206	563	1.0
206	564	1.0
206	565	1.0
206	566	1.0
206	567	1.0
206	568	1.0
206	569	1.0
206	570	1.0
206	571	1.0
206	572	1.0
572	573	1.0
572	574	1.0
572	575	1.0
572	576	1.0
572	577	1.0
572	578	1.0
572	579	1.0
572	580	1.0
572	581	1.0
572	582	1.0
572	583	1.0
572	584	1.0
572	585	1.0
572	586	1.0
206	587	1.0
206	588	1.0
206	589	1.0
206	590	1.0
206	591	1.0
206	592	1.0
206	593	1.0
206	594	1.0
206	595	1.0
206	596	1.0
206	597	1.0
206	598	1.0
206	599	1.0
206	600	1.0
206	601	1.0
206	602	1.0
206	603	1.0
206	604	1.0
206	605	1.0
206	606	1.0
206	607	1.0
206	608	1.0
206	609	1.0
206	610	1.0
206	611	1.0
206	612	1.0
206	613	1.0
206	614	1.0
206	615	1.0
206	616	1.0
206	617	1.0
206	618	1.0
206	619	1.0
206	620	1.0
206	621	1.0
206	622	1.0
206	623	1.0
206	624	1.0
206	625	1.0
206	626	1.0
206	627	1.0
206	628	1.0
206	629	1.0
206	630	1.0
206	631	1.0
206	632	1.0
206	633	1.0
206	634	1.0
206	635	1.0
206	636	1.0
206	637	1.0
206	638	1.0
206	639	1.0
206	640	1.0
206	641	1.0
206	642	1.0
206	643	1.0
206	644	1.0
206	645	1.0
206	646	1.0
206	647	1.0
206	648	1.0
206	649	1.0
206	650	1.0
206	651	1.0
206	652	1.0
206	653	1.0
206	654	1.0
206	655	1.0
72	656	1.0
72	657	1.0
72	658	1.0
72	659	1.0
72	660	1.0
72	661	1.0
72	662	1.0
72	663	1.0
72	664	1.0
72	665	1.0
72	666	1.0
72	667	1.0
72	668	1.0
668	669	1.0
668	670	1.0
668	671	1.0
668	672	1.0
668	673	1.0
668	674	1.0
668	675	1.0
668	676	1.0
668	677	1.0
72	678	1.0
72	679	1.0
72	680	1.0
72	681	1.0
72	682	1.0
72	683	1.0
72	684	1.0
72	685	1.0
72	686	1.0
72	687	1.0
72	688	1.0
72	689	1.0
72	690	1.0
72	691	1.0
72	692	1.0
72	693	1.0
72	694	1.0
72	695	1.0
72	696	1.0
72	697	1.0
72	698	1.0
72	699	1.0
72	700	1.0
72	701	1.0
72	702	1.0
72	703	1.0
72	704	1.0
72	705	1.0
72	706	1.0
72	707	1.0
72	708	1.0
72	709	1.0
72	710	1.0
72	711	1.0
72	712	1.0
72	713	1.0
72	714	1.0
72	715	1.0
72	716	1.0
72	717	1.0
72	718	1.0
72	719	1.0
72	720	1.0
72	721	1.0
72	722	1.0
72	723	1.0
72	724	1.0
72	725	1.0
72	726	1.0
72	727	1.0
72	728	1.0
72	729	1.0
72	730	1.0
72	731	1.0
72	732	1.0
72	733	1.0
72	734	1.0
734	735	1.0
734	736	1.0
734	737	1.0
734	738	1.0
734	739	1.0
734	740	1.0
734	741	1.0
734	742	1.0
734	743	1.0
734	744	1.0
72	745	1.0
72	746	1.0
72	747	1.0
72	748	1.0
72	749	1.0
72	750	1.0
72	751	1.0
72	752	1.0
72	753	1.0
72	754	1.0
72	755	1.0
72	756	1.0
72	757	1.0
72	758	1.0
72	759	1.0
72	760	1.0
72	761	1.0
72	762	1.0
72	763	1.0
72	764	1.0
72	765	1.0
72	766	1.0
72	767	1.0
72	768	1.0
72	769	1.0
72	770	1.0
72	771	1.0
72	772	1.0
72	773	1.0
72	774	1.0
72	775	1.0
72	776	1.0
72	777	1.0
72	778	1.0
72	779	1.0
72	780	1.0
72	781	1.0
72	782	1.0
72	783	1.0
72	784	1.0
72	785	1.0
72	786	1.0
72	787	1.0
72	788	1.0
72	789	1.0
72	790	1.0
72	791	1.0
72	792	1.0
72	793	1.0
72	794	1.0
72	795	1.0
72	796	1.0
72	797	1.0
72	798	1.0
72	799	1.0
72	800	1.0
72	801	1.0
72	802	1.0
72	803	1.0
72	804	1.0
72	805	1.0
72	806	1.0
72	807	1.0
72	808	1.0
72	809	1.0
72	810	1.0
72	811	1.0
72	812	1.0
72	813	1.0
72	814	1.0
72	815	1.0
72	816	1.0
72	817	1.0
72	818	1.0
72	819	1.0
72	820	1.0
72	821	1.0
72	822	1.0
72	823	1.0
72	824	1.0
72	825	1.0
72	826	1.0
72	827	1.0
72	828	1.0
72	829	1.0
72	830	1.0
72	831	1.0
72	832	1.0
72	833	1.0
72	834	1.0
72	835	1.0
72	836	1.0
72	837	1.0
72	838	1.0
72	839	1.0
72	840	1.0
72	841	1.0
72	842	1.0
72	843	1.0
72	844	1.0
72	845	1.0
72	846	1.0
72	847	1.0
72	848	1.0
72	849	1.0
72	850	1.0
72	851	1.0
72	852	1.0
72	853	1.0
72	854	1.0
72	855	1.0
72	856	1.0
72	857	1.0
72	858	1.0
72	859	1.0
72	860	1.0
72	861	1.0
72	862	1.0
72	863	1.0
72	864	1.0
72	865	1.0
72	866	1.0
72	867	1.0
72	868	1.0
72	869	1.0
72	870	1.0
72	871	1.0
72	872	1.0
72	873	1.0
72	874	1.0
72	875	1.0
72	876	1.0
72	877	1.0
72	878	1.0
72	879	1.0
72	880	1.0
72	881	1.0
72	882	1.0
72	883	1.0
72	884	1.0
72	885	1.0
72	886	1.0
72	887	1.0
72	888	1.0
72	889	1.0
72	890	1.0
72	891	1.0
72	892	1.0
72	893	1.0
72	894	1.0
72	895	1.0
72	896	1.0
72	897	1.0
72	898	1.0
72	899	1.0
72	900	1.0
72	901	1.0
72	902	1.0
72	903	1.0
72	904	1.0
72	905	1.0
72	906	1.0
72	907	1.0
72	908	1.0
72	909	1.0
72	910	1.0
72	911	1.0
72	912	1.0
72	913	1.0
72	914	1.0
72	915	1.0
72	916	1.0
72	917	1.0
72	918	1.0
72	919	1.0
72	920	1.0
72	921	1.0
72	922	1.0
72	923	1.0
72	924	1.0
72	925	1.0
72	926	1.0
926	927	1.0
926	928	1.0
926	929	1.0
926	930	1.0
926	931	1.0
72	932	1.0
72	933	1.0
72	934	1.0
72	935	1.0
72	936	1.0
72	937	1.0
72	938	1.0
72	939	1.0
72	940	1.0
72	941	1.0
72	942	1.0
72	943	1.0
72	944	1.0
72	945	1.0
72	946	1.0
72	947	1.0
72	948	1.0
72	949	1.0
72	950	1.0
72	951	1.0
72	952	1.0
72	953	1.0
72	954	1.0
72	955	1.0
72	956	1.0
72	957	1.0
72	958	1.0
72	959	1.0
72	960	1.0
72	961	1.0
72	962	1.0
72	963	1.0
72	964	1.0
72	965	1.0
72	966	1.0
966	967	1.0
966	968	1.0
966	969	1.0
966	970	1.0
966	971	1.0
966	972	1.0
72	973	1.0
72	974	1.0
72	975	1.0
72	976	1.0
72	977	1.0
72	978	1.0
72	979	1.0
72	980	1.0
72	981	1.0
72	982	1.0
72	983	1.0
72	984	1.0
72	985	1.0
72	986	1.0
72	987	1.0
72	988	1.0
72	989	1.0
72	990	1.0
72	991	1.0
72	992	1.0
72	993	1.0
72	994	1.0
72	995	1.0
72	996	1.0
72	997	1.0
72	998	1.0
72	999	1.0
72	1000	1.0
72	1001	1.0
72	1002	1.0
72	1003	1.0
72	1004	1.0
72	1005	1.0
72	1006	1.0
72	1007	1.0
72	1008	1.0
72	1009	1.0
72	1010	1.0
72	1011	1.0
72	1012	1.0
72	1013	1.0
72	1014	1.0
72	1015	1.0
72	1016	1.0
72	1017	1.0
72	1018	1.0
72	1019	1.0
72	1020	1.0
72	1021	1.0
72	1022	1.0
72	1023	1.0
72	1024	1.0
72	1025	1.0
72	1026	1.0
72	1027	1.0
72	1028	1.0
72	1029	1.0
72	1030	1.0
72	1031	1.0
72	1032	1.0
72	1033	1.0
72	1034	1.0
72	1035	1.0
72	1036	1.0
72	1037	1.0
72	1038	1.0
72	1039	1.0
72	1040	1.0
72	1041	1.0
72	1042	1.0
72	1043	1.0
72	1044	1.0
72	1045	1.0
72	1046	1.0
72	1047	1.0
72	1048	1.0
72	1049	1.0
72	1050	1.0
72	1051	1.0
72	1052	1.0
72	1053	1.0
72	1054	1.0
72	1055	1.0
72	1056	1.0
72	1057	1.0
72	1058	1.0
72	1059	1.0
72	1060	1.0
72	1061	1.0
72	1062	1.0
72	1063	1.0
72	1064	1.0
72	1065	1.0
72	1066	1.0
72	1067	1.0
72	1068	1.0
72	1069	1.0
72	1070	1.0
72	1071	1.0
72	1072	1.0
72	1073	1.0
72	1074	1.0
72	1075	1.0
72	1076	1.0
72	1077	1.0
72	1078	1.0
72	1079	1.0
72	1080	1.0
72	1081	1.0
72	1082	1.0
72	1083	1.0
72	1084	1.0
72	1085	1.0
72	1086	1.0
72	1087	1.0
72	1088	1.0
72	1089	1.0
72	1090	1.0
72	1091	1.0
72	1092	1.0
72	1093	1.0
72	1094	1.0
72	1095	1.0
72	1096	1.0
72	1097	1.0
72	1098	1.0
72	1099	1.0
72	1100	1.0
72	1101	1.0
72	1102	1.0
72	1103	1.0
72	1104	1.0
72	1105	1.0
72	1106	1.0
72	1107	1.0
72	1108	1.0
72	1109	1.0
72	1110	1.0
72	1111	1.0
72	1112	1.0
72	1113	1.0
72	1114	1.0
72	1115	1.0
72	1116	1.0
72	1117	1.0
72	1118	1.0
72	1119	1.0
72	1120	1.0
72	1121	1.0
72	1122	1.0
72	1123	1.0
72	1124	1.0
72	1125	1.0
72	1126	1.0
72	1127	1.0
72	1128	1.0
72	1129	1.0
72	1130	1.0
72	1131	1.0
72	1132	1.0
72	1133	1.0
72	1134	1.0
72	1135	1.0
72	1136	1.0
72	1137	1.0
72	1138	1.0
72	1139	1.0
72	1140	1.0
72	1141	1.0
72	1142	1.0
72	1143	1.0
72	1144	1.0
72	1145	1.0
72	1146	1.0
72	1147	1.0
72	1148	1.0
72	1149	1.0
72	1150	1.0
72	1151	1.0
72	1152	1.0
72	1153	1.0
72	1154	1.0
72	1155	1.0
72	1156	1.0
72	1157	1.0
72	1158	1.0
72	1159	1.0
72	1160	1.0
72	1161	1.0
72	1162	1.0
72	1163	1.0
72	1164	1.0
72	1165	1.0
72	1166	1.0
72	1167	1.0
72	1168	1.0
72	1169	1.0
72	1170	1.0
72	1171	1.0
72	1172	1.0
72	1173	1.0
72	1174	1.0
72	1175	1.0
72	1176	1.0
72	1177	1.0
72	1178	1.0
72	1179	1.0
72	1180	1.0
72	1181	1.0
72	1182	1.0
72	1183	1.0
72	1184	1.0
72	1185	1.0
72	1186	1.0
72	1187	1.0
72	1188	1.0
72	1189	1.0
72	1190	1.0
72	1191	1.0
72	1192	1.0
72	1193	1.0
72	1194	1.0
72	1195	1.0
72	1196	1.0
72	1197	1.0
72	1198	1.0
72	1199	1.0
72	1200	1.0
72	1201	1.0
72	1202	1.0
72	1203	1.0
72	1204	1.0
72	1205	1.0
72	1206	1.0
72	1207	1.0
72	1208	1.0
72	1209	1.0
72	1210	1.0
72	1211	1.0
72	1212	1.0
72	1213	1.0
72	1214	1.0
72	1215	1.0
72	1216	1.0
72	1217	1.0
72	1218	1.0
72	1219	1.0
72	1220	1.0
72	1221	1.0
72	1222	1.0
72	1223	1.0
72	1224	1.0
72	1225	1.0
72	1226	1.0
72	1227	1.0
72	1228	1.0
72	1229	1.0
72	1230	1.0
72	1231	1.0
72	1232	1.0
72	1233	1.0
72	1234	1.0
72	1235	1.0
72	1236	1.0
72	1237	1.0
72	1238	1.0
72	1239	1.0
72	1240	1.0
72	1241	1.0
72	1242	1.0
72	1243	1.0
72	1244	1.0
72	1245	1.0
72	1246	1.0
72	1247	1.0
72	1248	1.0
72	1249	1.0
72	1250	1.0
72	1251	1.0
72	1252	1.0
72	1253	1.0
72	1254	1.0
72	1255	1.0
72	1256	1.0
72	1257	1.0
72	1258	1.0
72	1259	1.0
72	1260	1.0
72	1261	1.0
72	1262	1.0
1262	1263	1.0
1262	1264	1.0
1262	1265	1.0
1265	1266	1.0
1265	1267	1.0
1265	1268	1.0
1265	1269	1.0
1262	1270	1.0
72	1271	1.0
72	1272	1.0
72	1273	1.0
72	1274	1.0
72	1275	1.0
72	1276	1.0
72	1277	1.0
72	1278	1.0
72	1279	1.0
72	1280	1.0
72	1281	1.0
72	1282	1.0
72	1283	1.0
72	1284	1.0
72	1285	1.0
72	1286	1.0
72	1287	1.0
72	1288	1.0
72	1289	1.0
72	1290	1.0
72	1291	1.0
72	1292	1.0
72	1293	1.0
72	1294	1.0
72	1295	1.0
72	1296	1.0
1296	1297	1.0
1296	1298	1.0
1296	1299	1.0
1296	1300	1.0
1296	1301	1.0
1296	1302	1.0
1296	1303	1.0
1296	1304	1.0
1296	1305	1.0
1296	1306	1.0
1296	1307	1.0
1296	1308	1.0
1296	1309	1.0
1296	1310	1.0
1296	1311	1.0
1296	1312	1.0
1296	1313	1.0
1296	1314	1.0
1296	1315	1.0
1296	1316	1.0
1296	1317	1.0
1296	1318	1.0
1296	1319	1.0
1296	1320	1.0
1296	1321	1.0
1296	1322	1.0
1296	1323	1.0
1296	1324	1.0
1296	1325	1.0
1296	1326	1.0
1296	1327	1.0
1296	1328	1.0
1296	1329	1.0
1296	1330	1.0
1296	1331	1.0
1296	1332	1.0
1296	1333	1.0
1296	1334	1.0
1296	1335	1.0
1296	1336	1.0
1296	1337	1.0
1296	1338	1.0
1296	1339	1.0
1296	1340	1.0
1296	1341	1.0
1296	1342	1.0
1296	1343	1.0
1296	1344	1.0
1296	1345	1.0
1296	1346	1.0
1296	1347	1.0
1296	1348	1.0
1296	1349	1.0
1296	1350	1.0
1296	1351	1.0
1296	1352	1.0
1296	1353	1.0
1296	1354	1.0
1296	1355	1.0
1296	1356	1.0
1296	1357	1.0
1296	1358	1.0
1296	1359	1.0
1296	1360	1.0
1296	1361	1.0
1296	1362	1.0
1296	1363	1.0
1296	1364	1.0
1296	1365	1.0
72	1366	1.0
72	1367	1.0
72	1368	1.0
72	1369	1.0
72	1370	1.0
72	1371	1.0
72	1372	1.0
72	1373	1.0
72	1374	1.0
72	1375	1.0
72	1376	1.0
72	1377	1.0
72	1378	1.0
72	1379	1.0
72	1380	1.0
72	1381	1.0
72	1382	1.0
72	1383	1.0
72	1384	1.0
72	1385	1.0
72	1386	1.0
72	1387	1.0
72	1388	1.0
72	1389	1.0
72	1390	1.0
72	1391	1.0
72	1392	1.0
72	1393	1.0
72	1394	1.0
72	1395	1.0
72	1396	1.0
72	1397	1.0
72	1398	1.0
72	1399	1.0
72	1400	1.0
72	1401	1.0
72	1402	1.0
72	1403	1.0
72	1404	1.0
72	1405	1.0
72	1406	1.0
72	1407	1.0
72	1408	1.0
72	1409	1.0
72	1410	1.0
72	1411	1.0
72	1412	1.0
72	1413	1.0
72	1414	1.0
72	1415	1.0
72	1416	1.0
72	1417	1.0
72	1418	1.0
72	1419	1.0
72	1420	1.0
72	1421	1.0
72	1422	1.0
72	1423	1.0
72	1424	1.0
72	1425	1.0
72	1426	1.0
72	1427	1.0
72	1428	1.0
72	1429	1.0
72	1430	1.0
72	1431	1.0
72	1432	1.0
72	1433	1.0
72	1434	1.0
72	1435	1.0
72	1436	1.0
72	1437	1.0
72	1438	1.0
72	1439	1.0
72	1440	1.0
72	1441	1.0
72	1442	1.0
72	1443	1.0
72	1444	1.0
72	1445	1.0
72	1446	1.0
72	1447	1.0
72	1448	1.0
72	1449	1.0
72	1450	1.0
72	1451	1.0
72	1452	1.0
72	1453	1.0
72	1454	1.0
72	1455	1.0
72	1456	1.0
72	1457	1.0
72	1458	1.0
72	1459	1.0
72	1460	1.0
72	1461	1.0
72	1462	1.0
72	1463	1.0
72	1464	1.0
72	1465	1.0
72	1466	1.0
72	1467	1.0
72	1468	1.0
72	1469	1.0
72	1470	1.0
72	1471	1.0
72	1472	1.0
72	1473	1.0
72	1474	1.0
72	1475	1.0
72	1476	1.0
72	1477	1.0
72	1478	1.0
72	1479	1.0
72	1480	1.0
72	1481	1.0
72	1482	1.0
72	1483	1.0
72	1484	1.0
72	1485	1.0
72	1486	1.0
72	1487	1.0
72	1488	1.0
72	1489	1.0
72	1490	1.0
72	1491	1.0
72	1492	1.0
72	1493	1.0
72	1494	1.0
72	1495	1.0
72	1496	1.0
72	1497	1.0
72	1498	1.0
72	1499	1.0
72	1500	1.0
72	1501	1.0
72	1502	1.0
72	1503	1.0
72	1504	1.0
72	1505	1.0
72	1506	1.0
72	1507	1.0
72	1508	1.0
72	1509	1.0
72	1510	1.0
72	1511	1.0
72	1512	1.0
72	1513	1.0
72	1514	1.0
72	1515	1.0
72	1516	1.0
72	1517	1.0
72	1518	1.0
72	1519	1.0
72	1520	1.0
72	1521	1.0
72	1522	1.0
72	1523	1.0
72	1524	1.0
72	1525	1.0
72	1526	1.0
72	1527	1.0
72	1528	1.0
72	1529	1.0
72	1530	1.0
72	1531	1.0
72	1532	1.0
72	1533	1.0
72	1534	1.0
72	1535	1.0
72	1536	1.0
72	1537	1.0
72	1538	1.0
72	1539	1.0
72	1540	1.0
72	1541	1.0
72	1542	1.0
72	1543	1.0
72	1544	1.0
72	1545	1.0
72	1546	1.0
72	1547	1.0
72	1548	1.0
72	1549	1.0
72	1550	1.0
72	1551	1.0
72	1552	1.0
72	1553	1.0
72	1554	1.0
72	1555	1.0
72	1556	1.0
72	1557	1.0
72	1558	1.0
72	1559	1.0
72	1560	1.0
72	1561	1.0
72	1562	1.0
72	1563	1.0
72	1564	1.0
72	1565	1.0
72	1566	1.0
72	1567	1.0
72	1568	1.0
72	1569	1.0
72	1570	1.0
72	1571	1.0
72	1572	1.0
72	1573	1.0
72	1574	1.0
72	1575	1.0
72	1576	1.0
72	1577	1.0
72	1578	1.0
72	1579	1.0
72	1580	1.0
72	1581	1.0
72	1582	1.0
72	1583	1.0
72	1584	1.0
72	1585	1.0
72	1586	1.0
72	1587	1.0
72	1588	1.0
72	1589	1.0
72	1590	1.0
72	1591	1.0
72	1592	1.0
72	1593	1.0
72	1594	1.0
72	1595	1.0
72	1596	1.0
72	1597	1.0
72	1598	1.0
72	1599	1.0
72	1600	1.0
72	1601	1.0
72	1602	1.0
72	1603	1.0
72	1604	1.0
72	1605	1.0
72	1606	1.0
72	1607	1.0
72	1608	1.0
72	1609	1.0
72	1610	1.0
72	1611	1.0
72	1612	1.0
72	1613	1.0
72	1614	1.0
72	1615	1.0
72	1616	1.0
72	1617	1.0
72	1618	1.0
72	1619	1.0
72	1620	1.0
72	1621	1.0
72	1622	1.0
72	1623	1.0
72	1624	1.0
72	1625	1.0
72	1626	1.0
72	1627	1.0
72	1628	1.0
72	1629	1.0
72	1630	1.0
72	1631	1.0
72	1632	1.0
72	1633	1.0
72	1634	1.0
72	1635	1.0
72	1636	1.0
72	1637	1.0
72	1638	1.0
72	1639	1.0
72	1640	1.0
72	1641	1.0
72	1642	1.0
72	1643	1.0
72	1644	1.0
72	1645	1.0
72	1646	1.0
72	1647	1.0
72	1648	1.0
72	1649	1.0
72	1650	1.0
72	1651	1.0
72	1652	1.0
1652	1653	1.0
1652	1654	1.0
1652	1655	1.0
1652	1656	1.0
72	1657	1.0
72	1658	1.0
72	1659	1.0
72	1660	1.0
1660	1661	1.0
1660	1662	1.0
1660	1663	1.0
1660	1664	1.0
1660	1665	1.0
72	1666	1.0
72	1667	1.0
72	1668	1.0
72	1669	1.0
1669	1670	1.0
1669	1671	1.0
1669	1672	1.0
1669	1673	1.0
1669	1674	1.0
1669	1675	1.0
1669	1676	1.0
1669	1677	1.0
1669	1678	1.0
1669	1679	1.0
1669	1680	1.0
1669	1681	1.0
1669	1682	1.0
1682	1683	1.0
1682	1684	1.0
1682	1685	1.0
1682	1686	1.0
1682	1687	1.0
1682	1688	1.0
1682	1689	1.0
1689	1690	1.0
1689	1691	1.0
1689	1692	1.0
1689	1693	1.0
1669	1694	1.0
1669	1695	1.0
1669	1696	1.0
1669	1697	1.0
1669	1698	1.0
1669	1699	1.0
1669	1700	1.0
1669	1701	1.0
1669	1702	1.0
1669	1703	1.0
1669	1704	1.0
1704	1705	1.0
1704	1706	1.0
1704	1707	1.0
1704	1708	1.0
1704	1709	1.0
1704	1710	1.0
1704	1711	1.0
1669	1712	1.0
1669	1713	1.0
1669	1714	1.0
1669	1715	1.0
1669	1716	1.0
1669	1717	1.0
1669	1718	1.0
1669	1719	1.0
1669	1720	1.0
1669	1721	1.0
1669	1722	1.0
1669	1723	1.0
1669	1724	1.0
1669	1725	1.0
1669	1726	1.0
1669	1727	1.0
1669	1728	1.0
1728	1729	1.0
1728	1730	1.0
1728	1731	1.0
1728	1732	1.0
1728	1733	1.0
1728	1734	1.0
1728	1735	1.0
1728	1736	1.0
1728	1737	1.0
1728	1738	1.0
1728	1739	1.0
1728	1740	1.0
1728	1741	1.0
1728	1742	1.0
1728	1743	1.0
1728	1744	1.0
1728	1745	1.0
1669	1746	1.0
1669	1747	1.0
1669	1748	1.0
1669	1749	1.0
1669	1750	1.0
1669	1751	1.0
1669	1752	1.0
1669	1753	1.0
1669	1754	1.0
1669	1755	1.0
1669	1756	1.0
1669	1757	1.0
1669	1758	1.0
1669	1759	1.0
1669	1760	1.0
1669	1761	1.0
1669	1762	1.0
1669	1763	1.0
1669	1764	1.0
1669	1765	1.0
1669	1766	1.0
1669	1767	1.0
1669	1768	1.0
1669	1769	1.0
1669	1770	1.0
1669	1771	1.0
1669	1772	1.0
1772	1773	1.0
1772	1774	1.0
1772	1775	1.0
1772	1776	1.0
1669	1777	1.0
1669	1778	1.0
1669	1779	1.0
1669	1780	1.0
1669	1781	1.0
1669	1782	1.0
1669	1783	1.0
1669	1784	1.0
1669	1785	1.0
1669	1786	1.0
1669	1787	1.0
1669	1788	1.0
1669	1789	1.0
1669	1790	1.0
1669	1791	1.0
1669	1792	1.0
1669	1793	1.0
1669	1794	1.0
1669	1795	1.0
1669	1796	1.0
1669	1797	1.0
1669	1798	1.0
1669	1799	1.0
1669	1800	1.0
1669	1801	1.0
1669	1802	1.0
1669	1803	1.0
1669	1804	1.0
1669	1805	1.0
1669	1806	1.0
1669	1807	1.0
1669	1808	1.0
1669	1809	1.0
1669	1810	1.0
1669	1811	1.0
1669	1812	1.0
1669	1813	1.0
1669	1814	1.0
1669	1815	1.0
1669	1816	1.0
1669	1817	1.0
1669	1818	1.0
1669	1819	1.0
1669	1820	1.0
1669	1821	1.0
1669	1822	1.0
1669	1823	1.0
1669	1824	1.0
1669	1825	1.0
72	1826	1.0
72	1827	1.0
72	1828	1.0
72	1829	1.0
72	1830	1.0
72	1831	1.0
72	1832	1.0
72	1833	1.0
72	1834	1.0
72	1835	1.0
72	1836	1.0
72	1837	1.0
72	1838	1.0
1838	1839	1.0
1838	1840	1.0
1838	1841	1.0
1838	1842	1.0
1838	1843	1.0
1838	1844	1.0
1838	1845	1.0
1838	1846	1.0
1838	1847	1.0
1838	1848	1.0
1838	1849	1.0
1838	1850	1.0
72	1851	1.0
72	1852	1.0
72	1853	1.0
72	1854	1.0
72	1855	1.0
72	1856	1.0
72	1857	1.0
72	1858	1.0
72	1859	1.0
72	1860	1.0
72	1861	1.0
72	1862	1.0
72	1863	1.0
72	1864	1.0
72	1865	1.0
72	1866	1.0
72	1867	1.0
72	1868	1.0
72	1869	1.0
72	1870	1.0
72	1871	1.0
72	1872	1.0
72	1873	1.0
72	1874	1.0
72	1875	1.0
72	1876	1.0
72	1877	1.0
72	1878	1.0
72	1879	1.0
72	1880	1.0
1880	1881	1.0
1880	1882	1.0
1880	1883	1.0
1880	1884	1.0
1880	1885	1.0
1880	1886	1.0
1880	1887	1.0
72	1888	1.0
72	1889	1.0
72	1890	1.0
72	1891	1.0
72	1892	1.0
72	1893	1.0
72	1894	1.0
72	1895	1.0
72	1896	1.0
72	1897	1.0
72	1898	1.0
72	1899	1.0
1899	1900	1.0
1899	1901	1.0
1899	1902	1.0
1899	1903	1.0
1899	1904	1.0
72	1905	1.0
72	1906	1.0
1906	1907	1.0
1906	1908	1.0
1906	1909	1.0
1906	1910	1.0
72	1911	1.0
72	1912	1.0
72	1913	1.0
72	1914	1.0
72	1915	1.0
72	1916	1.0
72	1917	1.0
72	1918	1.0
72	1919	1.0
72	1920	1.0
72	1921	1.0
72	1922	1.0
72	1923	1.0
72	1924	1.0
72	1925	1.0
72	1926	1.0
72	1927	1.0
72	1928	1.0
72	1929	1.0
72	1930	1.0
72	1931	1.0
72	1932	1.0
72	1933	1.0
72	1934	1.0
72	1935	1.0
72	1936	1.0
72	1937	1.0
72	1938	1.0
72	1939	1.0
72	1940	1.0
72	1941	1.0
72	1942	1.0
72	1943	1.0
72	1944	1.0
72	1945	1.0
72	1946	1.0
72	1947	1.0
72	1948	1.0
72	1949	1.0
72	1950	1.0
72	1951	1.0
72	1952	1.0
72	1953	1.0
72	1954	1.0
72	1955	1.0
72	1956	1.0
72	1957	1.0
72	1958	1.0
72	1959	1.0
72	1960	1.0
72	1961	1.0
72	1962	1.0
72	1963	1.0
72	1964	1.0
72	1965	1.0
72	1966	1.0
72	1967	1.0
72	1968	1.0
72	1969	1.0
72	1970	1.0
72	1971	1.0
72	1972	1.0
72	1973	1.0
72	1974	1.0
72	1975	1.0
72	1976	1.0
72	1977	1.0
72	1978	1.0
72	1979	1.0
72	1980	1.0
72	1981	1.0
72	1982	1.0
72	1983	1.0
72	1984	1.0
72	1985	1.0
72	1986	1.0
72	1987	1.0
72	1988	1.0
72	1989	1.0
72	1990	1.0
72	1991	1.0
72	1992	1.0
72	1993	1.0
72	1994	1.0
70	1995	1.0
70	1996	1.0
60	1997	1.0
60	1998	1.0
45	1999	1.0
31	2000	1.0
31	2001	1.0
31	2002	1.0
31	2003	1.0
31	2004	1.0
31	2005	1.0
22	2006	1.0
19	2007	1.0
19	2008	1.0
19	2009	1.0
19	2010	1.0
19	2011	1.0
19	2012	1.0
19	2013	1.0
19	2014	1.0
19	2015	1.0
19	2016	1.0
19	2017	1.0
19	2018	1.0
19	2019	1.0
19	2020	1.0
19	2021	1.0
19	2022	1.0
19	2023	1.0
19	2024	1.0
19	2025	1.0
19	2026	1.0
19	2027	1.0
19	2028	1.0
19	2029	1.0
19	2030	1.0
19	2031	1.0
19	2032	1.0
19	2033	1.0
19	2034	1.0
0	2035	1.0
