0	1	1.0
0	2	1.0
0	3	1.0
3	4	1.0
3	5	1.0
3	6	1.0
3	7	1.0
3	8	1.0
3	9	1.0
3	10	1.0
3	11	1.0
3	12	1.0
3	13	1.0
3	14	1.0
3	15	1.0
3	16	1.0
3	17	1.0
3	18	1.0
3	19	1.0
3	20	1.0
20	21	1.0
20	22	1.0
20	23	1.0
20	24	1.0
20	25	1.0
3	26	1.0
3	27	1.0
3	28	1.0
3	29	1.0
3	30	1.0
3	31	1.0
3	32	1.0
3	33	1.0
3	34	1.0
3	35	1.0
3	36	1.0
3	37	1.0
3	38	1.0
3	39	1.0
3	40	1.0
3	41	1.0
3	42	1.0
3	43	1.0
3	44	1.0
3	45	1.0
3	46	1.0
3	47	1.0
47	48	1.0
47	49	1.0
47	50	1.0
47	51	1.0
3	52	1.0
3	53	1.0
3	54	1.0
3	55	1.0
3	56	1.0
3	57	1.0
3	58	1.0
3	59	1.0
3	60	1.0
3	61	1.0
3	62	1.0
3	63	1.0
3	64	1.0
3	65	1.0
3	66	1.0
3	67	1.0
3	68	1.0
3	69	1.0
3	70	1.0
3	71	1.0
3	72	1.0
3	73	1.0
3	74	1.0
3	75	1.0
3	76	1.0
3	77	1.0
3	78	1.0
3	79	1.0
3	80	1.0
3	81	1.0
3	82	1.0
3	83	1.0
3	84	1.0
3	85	1.0
3	86	1.0
3	87	1.0
3	88	1.0
3	89	1.0
3	90	1.0
3	91	1.0
3	92	1.0
3	93	1.0
3	94	1.0
3	95	1.0
3	96	1.0
3	97	1.0
3	98	1.0
3	99	1.0
99	100	1.0
99	101	1.0
99	102	1.0
99	103	1.0
99	104	1.0
99	105	1.0
99	106	1.0
99	107	1.0
99	108	1.0
99	109	1.0
99	110	1.0
99	111	1.0
99	112	1.0
99	113	1.0
99	114	1.0
99	115	1.0
99	116	1.0
99	117	1.0
99	118	1.0
99	119	1.0
99	120	1.0
99	121	1.0
99	122	1.0
99	123	1.0
99	124	1.0
99	125	1.0
99	126	1.0
99	127	1.0
99	128	1.0
99	129	1.0
99	130	1.0
99	131	1.0
99	132	1.0
99	133	1.0
99	134	1.0
99	135	1.0
99	136	1.0
99	137	1.0
99	138	1.0
99	139	1.0
99	140	1.0
99	141	1.0
99	142	1.0
99	143	1.0
99	144	1.0
99	145	1.0
99	146	1.0
99	147	1.0
99	148	1.0
99	149	1.0
99	150	1.0
99	151	1.0
99	152	1.0
99	153	1.0
99	154	1.0
99	155	1.0
99	156	1.0
99	157	1.0
99	158	1.0
99	159	1.0
159	160	1.0
159	161	1.0
159	162	1.0
159	163	1.0
159	164	1.0
159	165	1.0
159	166	1.0
159	167	1.0
159	168	1.0
99	169	1.0
99	170	1.0
99	171	1.0
99	172	1.0
99	173	1.0
99	174	1.0
99	175	1.0
99	176	1.0
99	177	1.0
99	178	1.0
99	179	1.0
99	180	1.0
99	181	1.0
99	182	1.0
99	183	1.0
99	184	1.0
99	185	1.0
99	186	1.0
99	187	1.0
99	188	1.0
99	189	1.0
99	190	1.0
99	191	1.0
99	192	1.0
99	193	1.0
99	194	1.0
99	195	1.0
99	196	1.0
99	197	1.0
99	198	1.0
99	199	1.0
99	200	1.0
99	201	1.0
99	202	1.0
99	203	1.0
99	204	1.0
99	205	1.0
99	206	1.0
99	207	1.0
99	208	1.0
99	209	1.0
99	210	1.0
99	211	1.0
99	212	1.0
99	213	1.0
99	214	1.0
99	215	1.0
99	216	1.0
99	217	1.0
99	218	1.0
99	219	1.0
99	220	1.0
99	221	1.0
99	222	1.0
99	223	1.0
99	224	1.0
99	225	1.0
99	226	1.0
99	227	1.0
99	228	1.0
99	229	1.0
99	230	1.0
99	231	1.0
99	232	1.0
99	233	1.0
99	234	1.0
99	235	1.0
99	236	1.0
99	237	1.0
99	238	1.0
99	239	1.0
99	240	1.0
99	241	1.0
99	242	1.0
99	243	1.0
99	244	1.0
99	245	1.0
99	246	1.0
99	247	1.0
99	248	1.0
99	249	1.0
99	250	1.0
99	251	1.0
99	252	1.0
99	253	1.0
99	254	1.0
99	255	1.0
99	256	1.0
99	257	1.0
99	258	1.0
99	259	1.0
99	260	1.0
99	261	1.0
99	262	1.0
99	263	1.0
99	264	1.0
99	265	1.0
99	266	1.0
99	267	1.0
99	268	1.0
99	269	1.0
99	270	1.0
99	271	1.0
99	272	1.0
99	273	1.0
99	274	1.0
99	275	1.0
99	276	1.0
99	277	1.0
99	278	1.0
99	279	1.0
99	280	1.0
99	281	1.0
99	282	1.0
99	283	1.0
99	284	1.0
99	285	1.0
99	286	1.0
99	287	1.0
99	288	1.0
99	289	1.0
99	290	1.0
99	291	1.0
99	292	1.0
99	293	1.0
99	294	1.0
99	295	1.0
99	296	1.0
99	297	1.0
99	298	1.0
99	299	1.0
99	300	1.0
99	301	1.0
99	302	1.0
99	303	1.0
99	304	1.0
99	305	1.0
99	306	1.0
99	307	1.0
99	308	1.0
99	309	1.0
99	310	1.0
99	311	1.0
99	312	1.0
99	313	1.0
99	314	1.0
99	315	1.0
315	316	1.0
315	317	1.0
315	318	1.0
315	319	1.0
315	320	1.0
315	321	1.0
99	322	1.0
99	323	1.0
99	324	1.0
99	325	1.0
325	326	1.0
325	327	1.0
325	328	1.0
325	329	1.0
325	330	1.0
325	331	1.0
325	332	1.0
325	333	1.0
325	334	1.0
325	335	1.0
325	336	1.0
325	337	1.0
325	338	1.0
325	339	1.0
325	340	1.0
325	341	1.0
325	342	1.0
325	343	1.0
325	344	1.0
325	345	1.0
325	346	1.0
325	347	1.0
99	348	1.0
99	349	1.0
99	350	1.0
99	351	1.0
99	352	1.0
99	353	1.0
99	354	1.0
99	355	1.0
99	356	1.0
99	357	1.0
99	358	1.0
99	359	1.0
99	360	1.0
99	361	1.0
99	362	1.0
99	363	1.0
99	364	1.0
99	365	1.0
99	366	1.0
99	367	1.0
99	368	1.0
99	369	1.0
99	370	1.0
99	371	1.0
99	372	1.0
99	373	1.0
99	374	1.0
99	375	1.0
99	376	1.0
99	377	1.0
99	378	1.0
99	379	1.0
99	380	1.0
99	381	1.0
99	382	1.0
99	383	1.0
99	384	1.0
99	385	1.0
99	386	1.0
99	387	1.0
99	388	1.0
99	389	1.0
99	390	1.0
99	391	1.0
99	392	1.0
99	393	1.0
99	394	1.0
99	395	1.0
99	396	1.0
99	397	1.0
99	398	1.0
99	399	1.0
99	400	1.0
99	401	1.0
99	402	1.0
99	403	1.0
99	404	1.0
99	405	1.0
99	406	1.0
99	407	1.0
99	408	1.0
99	409	1.0
99	410	1.0
99	411	1.0
99	412	1.0
99	413	1.0
99	414	1.0
99	415	1.0
99	416	1.0
99	417	1.0
99	418	1.0
99	419	1.0
99	420	1.0
99	421	1.0
99	422	1.0
99	423	1.0
99	424	1.0
99	425	1.0
99	426	1.0
99	427	1.0
99	428	1.0
99	429	1.0
99	430	1.0
99	431	1.0
99	432	1.0
99	433	1.0
99	434	1.0
99	435	1.0
99	436	1.0
99	437	1.0
99	438	1.0
99	439	1.0
99	440	1.0
99	441	1.0
99	442	1.0
99	443	1.0
99	444	1.0
99	445	1.0
99	446	1.0
99	447	1.0
99	448	1.0
99	449	1.0
99	450	1.0
99	451	1.0
99	452	1.0
99	453	1.0
99	454	1.0
99	455	1.0
99	456	1.0
99	457	1.0
99	458	1.0
99	459	1.0
99	460	1.0
99	461	1.0
99	462	1.0
99	463	1.0
99	464	1.0
99	465	1.0
99	466	1.0
99	467	1.0
99	468	1.0
99	469	1.0
99	470	1.0
99	471	1.0
99	472	1.0
99	473	1.0
99	474	1.0
99	475	1.0
99	476	1.0
99	477	1.0
99	478	1.0
99	479	1.0
99	480	1.0
99	481	1.0
99	482	1.0
99	483	1.0
99	484	1.0
99	485	1.0
99	486	1.0
99	487	1.0
99	488	1.0
99	489	1.0
99	490	1.0
99	491	1.0
99	492	1.0
99	493	1.0
99	494	1.0
99	495	1.0
99	496	1.0
99	497	1.0
99	498	1.0
99	499	1.0
99	500	1.0
99	501	1.0
99	502	1.0
99	503	1.0
99	504	1.0
99	505	1.0
99	506	1.0
99	507	1.0
99	508	1.0
99	509	1.0
99	510	1.0
99	511	1.0
99	512	1.0
99	513	1.0
99	514	1.0
99	515	1.0
99	516	1.0
99	517	1.0
99	518	1.0
99	519	1.0
99	520	1.0
99	521	1.0
99	522	1.0
99	523	1.0
99	524	1.0
99	525	1.0
99	526	1.0
99	527	1.0
99	528	1.0
99	529	1.0
99	530	1.0
99	531	1.0
99	532	1.0
99	533	1.0
99	534	1.0
99	535	1.0
99	536	1.0
99	537	1.0
99	538	1.0
99	539	1.0
99	540	1.0
99	541	1.0
99	542	1.0
99	543	1.0
99	544	1.0
99	545	1.0
99	546	1.0
99	547	1.0
99	548	1.0
99	549	1.0
99	550	1.0
99	551	1.0
99	552	1.0
99	553	1.0
99	554	1.0
554	555	1.0
554	556	1.0
554	557	1.0
554	558	1.0
554	559	1.0
554	560	1.0
554	561	1.0
554	562	1.0
554	563	1.0
554	564	1.0
554	565	1.0
99	566	1.0
99	567	1.0
567	568	1.0
567	569	1.0
567	570	1.0
567	571	1.0
567	572	1.0
567	573	1.0
573	574	1.0
573	575	1.0
573	576	1.0
573	577	1.0
573	578	1.0
573	579	1.0
573	580	1.0
573	581	1.0
99	582	1.0
99	583	1.0
99	584	1.0
99	585	1.0
99	586	1.0
99	587	1.0
99	588	1.0
99	589	1.0
99	590	1.0
99	591	1.0
99	592	1.0
99	593	1.0
99	594	1.0
99	595	1.0
99	596	1.0
99	597	1.0
99	598	1.0
99	599	1.0
99	600	1.0
99	601	1.0
99	602	1.0
99	603	1.0
99	604	1.0
99	605	1.0
99	606	1.0
99	607	1.0
99	608	1.0
99	609	1.0
99	610	1.0
99	611	1.0
99	612	1.0
99	613	1.0
99	614	1.0
99	615	1.0
99	616	1.0
99	617	1.0
99	618	1.0
99	619	1.0
99	620	1.0
99	621	1.0
99	622	1.0
99	623	1.0
99	624	1.0
99	625	1.0
99	626	1.0
99	627	1.0
99	628	1.0
99	629	1.0
99	630	1.0
99	631	1.0
99	632	1.0
99	633	1.0
99	634	1.0
99	635	1.0
99	636	1.0
99	637	1.0
99	638	1.0
99	639	1.0
99	640	1.0
99	641	1.0
99	642	1.0
99	643	1.0
99	644	1.0
99	645	1.0
99	646	1.0
99	647	1.0
99	648	1.0
99	649	1.0
99	650	1.0
99	651	1.0
99	652	1.0
99	653	1.0
99	654	1.0
99	655	1.0
99	656	1.0
99	657	1.0
99	658	1.0
99	659	1.0
99	660	1.0
99	661	1.0
99	662	1.0
99	663	1.0
99	664	1.0
99	665	1.0
99	666	1.0
99	667	1.0
99	668	1.0
99	669	1.0
99	670	1.0
99	671	1.0
99	672	1.0
99	673	1.0
99	674	1.0
99	675	1.0
99	676	1.0
99	677	1.0
99	678	1.0
99	679	1.0
679	680	1.0
679	681	1.0
679	682	1.0
679	683	1.0
679	684	1.0
679	685	1.0
679	686	1.0
99	687	1.0
99	688	1.0
99	689	1.0
99	690	1.0
99	691	1.0
691	692	1.0
691	693	1.0
691	694	1.0
691	695	1.0
691	696	1.0
691	697	1.0
691	698	1.0
691	699	1.0
691	700	1.0
691	701	1.0
691	702	1.0
691	703	1.0
691	704	1.0
691	705	1.0
691	706	1.0
691	707	1.0
691	708	1.0
691	709	1.0
691	710	1.0
691	711	1.0
691	712	1.0
691	713	1.0
713	714	1.0
713	715	1.0
713	716	1.0
713	717	1.0
713	718	1.0
713	719	1.0
713	720	1.0
691	721	1.0
691	722	1.0
691	723	1.0
691	724	1.0
691	725	1.0
691	726	1.0
691	727	1.0
691	728	1.0
691	729	1.0
691	730	1.0
691	731	1.0
691	732	1.0
691	733	1.0
691	734	1.0
691	735	1.0
691	736	1.0
691	737	1.0
691	738	1.0
691	739	1.0
691	740	1.0
691	741	1.0
691	742	1.0
691	743	1.0
691	744	1.0
691	745	1.0
691	746	1.0
691	747	1.0
691	748	1.0
691	749	1.0
691	750	1.0
691	751	1.0
691	752	1.0
691	753	1.0
691	754	1.0
691	755	1.0
691	756	1.0
691	757	1.0
691	758	1.0
691	759	1.0
691	760	1.0
691	761	1.0
691	762	1.0
691	763	1.0
691	764	1.0
691	765	1.0
691	766	1.0
691	767	1.0
691	768	1.0
691	769	1.0
691	770	1.0
691	771	1.0
691	772	1.0
691	773	1.0
691	774	1.0
691	775	1.0
691	776	1.0
691	777	1.0
691	778	1.0
691	779	1.0
691	780	1.0
691	781	1.0
691	782	1.0
691	783	1.0
691	784	1.0
691	785	1.0
691	786	1.0
691	787	1.0
691	788	1.0
691	789	1.0
691	790	1.0
691	791	1.0
691	792	1.0
691	793	1.0
691	794	1.0
691	795	1.0
691	796	1.0
691	797	1.0
691	798	1.0
691	799	1.0
691	800	1.0
691	801	1.0
691	802	1.0
691	803	1.0
691	804	1.0
691	805	1.0
691	806	1.0
691	807	1.0
691	808	1.0
691	809	1.0
691	810	1.0
691	811	1.0
691	812	1.0
691	813	1.0
691	814	1.0
691	815	1.0
691	816	1.0
691	817	1.0
691	818	1.0
691	819	1.0
691	820	1.0
820	821	1.0
820	822	1.0
820	823	1.0
823	824	1.0
823	825	1.0
823	826	1.0
823	827	1.0
823	828	1.0
823	829	1.0
823	830	1.0
823	831	1.0
823	832	1.0
820	833	1.0
820	834	1.0
820	835	1.0
820	836	1.0
820	837	1.0
820	838	1.0
820	839	1.0
820	840	1.0
820	841	1.0
820	842	1.0
820	843	1.0
820	844	1.0
820	845	1.0
820	846	1.0
820	847	1.0
820	848	1.0
820	849	1.0
820	850	1.0
820	851	1.0
820	852	1.0
820	853	1.0
820	854	1.0
820	855	1.0
820	856	1.0
820	857	1.0
820	858	1.0
820	859	1.0
820	860	1.0
820	861	1.0
820	862	1.0
820	863	1.0
820	864	1.0
820	865	1.0
820	866	1.0
820	867	1.0
820	868	1.0
820	869	1.0
820	870	1.0
820	871	1.0
820	872	1.0
820	873	1.0
820	874	1.0
820	875	1.0
820	876	1.0
820	877	1.0
820	878	1.0
820	879	1.0
820	880	1.0
820	881	1.0
820	882	1.0
820	883	1.0
820	884	1.0
820	885	1.0
820	886	1.0
820	887	1.0
820	888	1.0
820	889	1.0
820	890	1.0
820	891	1.0
820	892	1.0
820	893	1.0
820	894	1.0
820	895	1.0
820	896	1.0
820	897	1.0
820	898	1.0
820	899	1.0
820	900	1.0
820	901	1.0
820	902	1.0
820	903	1.0
820	904	1.0
820	905	1.0
820	906	1.0
691	907	1.0
691	908	1.0
691	909	1.0
691	910	1.0
691	911	1.0
691	912	1.0
691	913	1.0
691	914	1.0
691	915	1.0
691	916	1.0
691	917	1.0
691	918	1.0
691	919	1.0
691	920	1.0
691	921	1.0
99	922	1.0
99	923	1.0
99	924	1.0
99	925	1.0
99	926	1.0
99	927	1.0
99	928	1.0
99	929	1.0
99	930	1.0
99	931	1.0
99	932	1.0
99	933	1.0
99	934	1.0
99	935	1.0
99	936	1.0
99	937	1.0
99	938	1.0
99	939	1.0
99	940	1.0
99	941	1.0
99	942	1.0
99	943	1.0
99	944	1.0
99	945	1.0
99	946	1.0
99	947	1.0
99	948	1.0
99	949	1.0
99	950	1.0
99	951	1.0
99	952	1.0
99	953	1.0
99	954	1.0
99	955	1.0
99	956	1.0
99	957	1.0
99	958	1.0
99	959	1.0
99	960	1.0
99	961	1.0
99	962	1.0
99	963	1.0
99	964	1.0
99	965	1.0
99	966	1.0
99	967	1.0
99	968	1.0
99	969	1.0
99	970	1.0
99	971	1.0
99	972	1.0
99	973	1.0
99	974	1.0
99	975	1.0
99	976	1.0
99	977	1.0
99	978	1.0
99	979	1.0
99	980	1.0
99	981	1.0
99	982	1.0
99	983	1.0
99	984	1.0
99	985	1.0
99	986	1.0
99	987	1.0
99	988	1.0
99	989	1.0
99	990	1.0
99	991	1.0
99	992	1.0
99	993	1.0
99	994	1.0
99	995	1.0
99	996	1.0
99	997	1.0
99	998	1.0
99	999	1.0
999	1000	1.0
999	1001	1.0
999	1002	1.0
999	1003	1.0
99	1004	1.0
99	1005	1.0
99	1006	1.0
99	1007	1.0
99	1008	1.0
99	1009	1.0
99	1010	1.0
99	1011	1.0
99	1012	1.0
99	1013	1.0
99	1014	1.0
99	1015	1.0
99	1016	1.0
99	1017	1.0
1017	1018	1.0
1017	1019	1.0
1017	1020	1.0
1017	1021	1.0
1017	1022	1.0
1017	1023	1.0
1017	1024	1.0
1017	1025	1.0
1017	1026	1.0
1017	1027	1.0
1017	1028	1.0
1017	1029	1.0
1029	1030	1.0
1029	1031	1.0
1029	1032	1.0
1029	1033	1.0
1029	1034	1.0
1029	1035	1.0
1029	1036	1.0
1017	1037	1.0
1017	1038	1.0
1017	1039	1.0
1017	1040	1.0
1017	1041	1.0
1017	1042	1.0
1017	1043	1.0
1017	1044	1.0
1017	1045	1.0
1017	1046	1.0
1017	1047	1.0
1017	1048	1.0
1017	1049	1.0
1017	1050	1.0
1017	1051	1.0
1017	1052	1.0
1052	1053	1.0
1052	1054	1.0
1052	1055	1.0
1052	1056	1.0
1052	1057	1.0
1052	1058	1.0
1052	1059	1.0
1052	1060	1.0
1052	1061	1.0
1052	1062	1.0
1052	1063	1.0
1052	1064	1.0
1052	1065	1.0
1052	1066	1.0
1052	1067	1.0
1052	1068	1.0
1052	1069	1.0
1052	1070	1.0
1070	1071	1.0
1070	1072	1.0
1070	1073	1.0
1070	1074	1.0
1070	1075	1.0
1052	1076	1.0
1076	1077	1.0
1076	1078	1.0
1076	1079	1.0
1076	1080	1.0
1076	1081	1.0
1076	1082	1.0
1052	1083	1.0
1052	1084	1.0
1052	1085	1.0
1052	1086	1.0
1052	1087	1.0
1052	1088	1.0
1052	1089	1.0
1052	1090	1.0
1052	1091	1.0
1052	1092	1.0
1052	1093	1.0
1052	1094	1.0
1052	1095	1.0
1052	1096	1.0
1052	1097	1.0
1052	1098	1.0
1052	1099	1.0
1052	1100	1.0
1052	1101	1.0
1052	1102	1.0
1052	1103	1.0
1052	1104	1.0
1052	1105	1.0
1052	1106	1.0
1052	1107	1.0
1052	1108	1.0
1052	1109	1.0
1052	1110	1.0
1052	1111	1.0
1052	1112	1.0
1052	1113	1.0
1052	1114	1.0
1052	1115	1.0
1052	1116	1.0
1052	1117	1.0
1052	1118	1.0
1052	1119	1.0
1052	1120	1.0
1052	1121	1.0
1052	1122	1.0
1052	1123	1.0
1052	1124	1.0
1052	1125	1.0
1052	1126	1.0
1052	1127	1.0
1052	1128	1.0
1052	1129	1.0
1052	1130	1.0
1052	1131	1.0
1052	1132	1.0
1052	1133	1.0
1052	1134	1.0
1052	1135	1.0
1052	1136	1.0
1052	1137	1.0
1052	1138	1.0
1052	1139	1.0
1052	1140	1.0
1052	1141	1.0
1052	1142	1.0
1052	1143	1.0
1052	1144	1.0
1052	1145	1.0
1052	1146	1.0
1052	1147	1.0
1052	1148	1.0
1052	1149	1.0
1052	1150	1.0
1052	1151	1.0
1052	1152	1.0
1052	1153	1.0
1052	1154	1.0
1052	1155	1.0
1052	1156	1.0
1052	1157	1.0
1052	1158	1.0
1052	1159	1.0
1052	1160	1.0
1052	1161	1.0
1052	1162	1.0
1052	1163	1.0
1052	1164	1.0
1052	1165	1.0
1052	1166	1.0
1052	1167	1.0
1052	1168	1.0
1052	1169	1.0
1052	1170	1.0
1052	1171	1.0
1052	1172	1.0
1052	1173	1.0
1052	1174	1.0
1052	1175	1.0
1052	1176	1.0
1052	1177	1.0
1052	1178	1.0
1052	1179	1.0
1052	1180	1.0
1052	1181	1.0
1052	1182	1.0
1052	1183	1.0
1052	1184	1.0
1052	1185	1.0
1052	1186	1.0
1052	1187	1.0
1052	1188	1.0
1052	1189	1.0
1052	1190	1.0
1052	1191	1.0
1052	1192	1.0
1052	1193	1.0
1052	1194	1.0
1052	1195	1.0
1052	1196	1.0
1052	1197	1.0
1052	1198	1.0
1052	1199	1.0
1052	1200	1.0
1052	1201	1.0
1052	1202	1.0
1052	1203	1.0
1052	1204	1.0
1052	1205	1.0
1052	1206	1.0
1052	1207	1.0
1052	1208	1.0
1052	1209	1.0
1052	1210	1.0
1052	1211	1.0
1052	1212	1.0
1052	1213	1.0
1213	1214	1.0
1213	1215	1.0
1213	1216	1.0
1213	1217	1.0
1213	1218	1.0
1213	1219	1.0
1213	1220	1.0
1052	1221	1.0
1052	1222	1.0
1052	1223	1.0
1052	1224	1.0
1052	1225	1.0
1052	1226	1.0
1052	1227	1.0
1052	1228	1.0
1052	1229	1.0
1052	1230	1.0
1052	1231	1.0
1052	1232	1.0
1052	1233	1.0
1052	1234	1.0
1052	1235	1.0
1052	1236	1.0
1052	1237	1.0
1052	1238	1.0
1052	1239	1.0
1052	1240	1.0
1052	1241	1.0
1052	1242	1.0
1052	1243	1.0
1052	1244	1.0
1052	1245	1.0
1052	1246	1.0
1052	1247	1.0
1052	1248	1.0
1052	1249	1.0
1052	1250	1.0
1052	1251	1.0
1052	1252	1.0
1052	1253	1.0
1052	1254	1.0
1052	1255	1.0
1052	1256	1.0
1052	1257	1.0
1052	1258	1.0
1052	1259	1.0
1052	1260	1.0
1052	1261	1.0
1052	1262	1.0
1052	1263	1.0
1052	1264	1.0
1052	1265	1.0
1052	1266	1.0
1052	1267	1.0
1052	1268	1.0
1052	1269	1.0
1052	1270	1.0
1052	1271	1.0
1052	1272	1.0
1052	1273	1.0
1052	1274	1.0
1052	1275	1.0
1052	1276	1.0
1052	1277	1.0
1052	1278	1.0
1052	1279	1.0
1052	1280	1.0
1052	1281	1.0
1052	1282	1.0
1052	1283	1.0
1052	1284	1.0
1052	1285	1.0
1052	1286	1.0
1052	1287	1.0
1052	1288	1.0
1052	1289	1.0
1052	1290	1.0
1052	1291	1.0
1052	1292	1.0
1052	1293	1.0
1052	1294	1.0
1052	1295	1.0
1052	1296	1.0
1052	1297	1.0
1052	1298	1.0
1052	1299	1.0
1052	1300	1.0
1052	1301	1.0
1052	1302	1.0
1052	1303	1.0
1052	1304	1.0
1052	1305	1.0
1052	1306	1.0
1052	1307	1.0
1052	1308	1.0
1052	1309	1.0
1052	1310	1.0
1052	1311	1.0
1052	1312	1.0
1052	1313	1.0
1052	1314	1.0
1052	1315	1.0
1052	1316	1.0
1052	1317	1.0
1052	1318	1.0
1052	1319	1.0
1052	1320	1.0
1052	1321	1.0
1052	1322	1.0
1052	1323	1.0
1052	1324	1.0
1052	1325	1.0
1052	1326	1.0
1052	1327	1.0
1052	1328	1.0
1052	1329	1.0
1052	1330	1.0
1052	1331	1.0
1052	1332	1.0
1052	1333	1.0
1052	1334	1.0
1052	1335	1.0
1052	1336	1.0
1052	1337	1.0
1052	1338	1.0
1052	1339	1.0
1052	1340	1.0
1052	1341	1.0
1052	1342	1.0
1052	1343	1.0
1052	1344	1.0
1052	1345	1.0
1052	1346	1.0
1052	1347	1.0
1052	1348	1.0
1052	1349	1.0
1052	1350	1.0
1052	1351	1.0
1052	1352	1.0
1052	1353	1.0
1052	1354	1.0
1052	1355	1.0
1052	1356	1.0
1052	1357	1.0
1052	1358	1.0
1052	1359	1.0
1052	1360	1.0
1052	1361	1.0
1052	1362	1.0
1052	1363	1.0
1052	1364	1.0
1052	1365	1.0
1052	1366	1.0
1052	1367	1.0
1052	1368	1.0
1052	1369	1.0
1052	1370	1.0
1052	1371	1.0
1052	1372	1.0
1052	1373	1.0
1052	1374	1.0
1052	1375	1.0
1052	1376	1.0
1052	1377	1.0
1052	1378	1.0
1052	1379	1.0
1379	1380	1.0
1379	1381	1.0
1379	1382	1.0
1382	1383	1.0
1382	1384	1.0
1382	1385	1.0
1382	1386	1.0
1382	1387	1.0
1382	1388	1.0
1382	1389	1.0
1382	1390	1.0
1382	1391	1.0
1382	1392	1.0
1379	1393	1.0
1052	1394	1.0
1052	1395	1.0
1052	1396	1.0
1052	1397	1.0
1052	1398	1.0
1052	1399	1.0
1052	1400	1.0
1052	1401	1.0
1052	1402	1.0
1052	1403	1.0
1052	1404	1.0
1052	1405	1.0
1052	1406	1.0
1052	1407	1.0
1052	1408	1.0
1052	1409	1.0
1052	1410	1.0
1052	1411	1.0
1052	1412	1.0
1052	1413	1.0
1052	1414	1.0
1052	1415	1.0
1052	1416	1.0
1052	1417	1.0
1052	1418	1.0
1052	1419	1.0
1052	1420	1.0
1052	1421	1.0
1052	1422	1.0
1052	1423	1.0
1052	1424	1.0
1052	1425	1.0
1052	1426	1.0
1052	1427	1.0
1052	1428	1.0
1052	1429	1.0
1052	1430	1.0
1052	1431	1.0
1052	1432	1.0
1052	1433	1.0
1052	1434	1.0
1052	1435	1.0
1052	1436	1.0
1052	1437	1.0
1052	1438	1.0
1052	1439	1.0
1052	1440	1.0
1052	1441	1.0
1052	1442	1.0
1052	1443	1.0
1052	1444	1.0
1444	1445	1.0
1444	1446	1.0
1444	1447	1.0
1444	1448	1.0
1444	1449	1.0
1444	1450	1.0
1444	1451	1.0
1444	1452	1.0
1444	1453	1.0
1444	1454	1.0
1444	1455	1.0
1444	1456	1.0
1444	1457	1.0
1444	1458	1.0
1444	1459	1.0
1444	1460	1.0
1444	1461	1.0
1444	1462	1.0
1444	1463	1.0
1444	1464	1.0
1444	1465	1.0
1444	1466	1.0
1444	1467	1.0
1052	1468	1.0
1052	1469	1.0
1052	1470	1.0
1052	1471	1.0
1052	1472	1.0
1052	1473	1.0
1052	1474	1.0
1052	1475	1.0
1052	1476	1.0
1052	1477	1.0
1052	1478	1.0
1052	1479	1.0
1052	1480	1.0
1052	1481	1.0
1052	1482	1.0
1052	1483	1.0
1052	1484	1.0
1052	1485	1.0
1052	1486	1.0
1052	1487	1.0
1052	1488	1.0
1052	1489	1.0
1052	1490	1.0
1052	1491	1.0
1052	1492	1.0
1052	1493	1.0
1052	1494	1.0
1052	1495	1.0
1052	1496	1.0
1052	1497	1.0
1052	1498	1.0
1052	1499	1.0
1052	1500	1.0
1052	1501	1.0
1052	1502	1.0
1052	1503	1.0
1052	1504	1.0
1052	1505	1.0
1052	1506	1.0
1052	1507	1.0
1052	1508	1.0
1052	1509	1.0
1052	1510	1.0
1052	1511	1.0
1052	1512	1.0
1052	1513	1.0
1052	1514	1.0
1052	1515	1.0
1052	1516	1.0
1052	1517	1.0
1052	1518	1.0
1052	1519	1.0
1052	1520	1.0
1052	1521	1.0
1052	1522	1.0
1052	1523	1.0
1052	1524	1.0
1052	1525	1.0
1052	1526	1.0
1052	1527	1.0
1052	1528	1.0
1052	1529	1.0
1052	1530	1.0
1052	1531	1.0
1052	1532	1.0
1052	1533	1.0
1052	1534	1.0
1052	1535	1.0
1052	1536	1.0
1052	1537	1.0
1052	1538	1.0
1052	1539	1.0
1052	1540	1.0
1052	1541	1.0
1541	1542	1.0
1541	1543	1.0
1541	1544	1.0
1541	1545	1.0
1541	1546	1.0
1052	1547	1.0
1052	1548	1.0
1052	1549	1.0
1052	1550	1.0
1052	1551	1.0
1052	1552	1.0
1052	1553	1.0
1052	1554	1.0
1052	1555	1.0
1052	1556	1.0
1052	1557	1.0
1052	1558	1.0
1052	1559	1.0
1052	1560	1.0
1052	1561	1.0
1052	1562	1.0
1052	1563	1.0
1052	1564	1.0
1052	1565	1.0
1052	1566	1.0
1052	1567	1.0
1052	1568	1.0
1052	1569	1.0
1052	1570	1.0
1052	1571	1.0
1052	1572	1.0
1052	1573	1.0
1052	1574	1.0
1052	1575	1.0
1052	1576	1.0
1052	1577	1.0
1052	1578	1.0
1052	1579	1.0
1052	1580	1.0
1052	1581	1.0
1052	1582	1.0
1052	1583	1.0
1052	1584	1.0
1052	1585	1.0
1052	1586	1.0
1052	1587	1.0
1052	1588	1.0
1052	1589	1.0
1052	1590	1.0
1052	1591	1.0
1052	1592	1.0
1052	1593	1.0
1052	1594	1.0
1052	1595	1.0
1052	1596	1.0
1052	1597	1.0
1052	1598	1.0
1052	1599	1.0
1052	1600	1.0
1600	1601	1.0
1600	1602	1.0
1600	1603	1.0
1600	1604	1.0
1600	1605	1.0
1600	1606	1.0
1600	1607	1.0
1600	1608	1.0
1052	1609	1.0
1052	1610	1.0
1052	1611	1.0
1052	1612	1.0
1052	1613	1.0
1052	1614	1.0
1614	1615	1.0
1614	1616	1.0
1614	1617	1.0
1614	1618	1.0
1614	1619	1.0
1614	1620	1.0
1614	1621	1.0
1614	1622	1.0
1614	1623	1.0
1614	1624	1.0
1614	1625	1.0
1052	1626	1.0
1052	1627	1.0
1052	1628	1.0
1052	1629	1.0
1052	1630	1.0
1052	1631	1.0
1052	1632	1.0
1052	1633	1.0
1052	1634	1.0
1052	1635	1.0
1052	1636	1.0
1052	1637	1.0
1052	1638	1.0
1052	1639	1.0
1052	1640	1.0
1052	1641	1.0
1052	1642	1.0
1052	1643	1.0
1052	1644	1.0
1052	1645	1.0
1052	1646	1.0
1052	1647	1.0
1052	1648	1.0
1052	1649	1.0
1052	1650	1.0
1052	1651	1.0
1052	1652	1.0
1052	1653	1.0
1052	1654	1.0
1052	1655	1.0
1052	1656	1.0
1052	1657	1.0
1052	1658	1.0
1052	1659	1.0
1052	1660	1.0
1052	1661	1.0
1052	1662	1.0
1052	1663	1.0
1052	1664	1.0
1664	1665	1.0
1664	1666	1.0
1664	1667	1.0
1664	1668	1.0
1664	1669	1.0
1664	1670	1.0
1664	1671	1.0
1664	1672	1.0
1664	1673	1.0
1664	1674	1.0
1664	1675	1.0
1664	1676	1.0
1052	1677	1.0
1052	1678	1.0
1052	1679	1.0
1052	1680	1.0
1052	1681	1.0
1052	1682	1.0
1052	1683	1.0
1052	1684	1.0
1052	1685	1.0
1052	1686	1.0
1052	1687	1.0
1052	1688	1.0
1052	1689	1.0
1052	1690	1.0
1052	1691	1.0
1052	1692	1.0
1052	1693	1.0
1052	1694	1.0
1052	1695	1.0
1052	1696	1.0
1052	1697	1.0
1052	1698	1.0
1052	1699	1.0
1052	1700	1.0
1052	1701	1.0
1052	1702	1.0
1052	1703	1.0
1052	1704	1.0
1052	1705	1.0
1052	1706	1.0
1052	1707	1.0
1052	1708	1.0
1052	1709	1.0
1052	1710	1.0
1052	1711	1.0
1052	1712	1.0
1052	1713	1.0
1052	1714	1.0
1052	1715	1.0
1052	1716	1.0
1052	1717	1.0
1052	1718	1.0
1052	1719	1.0
1052	1720	1.0
1052	1721	1.0
1052	1722	1.0
1052	1723	1.0
1052	1724	1.0
1052	1725	1.0
1052	1726	1.0
1052	1727	1.0
1052	1728	1.0
1052	1729	1.0
1052	1730	1.0
1052	1731	1.0
1052	1732	1.0
1052	1733	1.0
1052	1734	1.0
1052	1735	1.0
1052	1736	1.0
1052	1737	1.0
1052	1738	1.0
1052	1739	1.0
1052	1740	1.0
1052	1741	1.0
1052	1742	1.0
1052	1743	1.0
1052	1744	1.0
1052	1745	1.0
1052	1746	1.0
1052	1747	1.0
1052	1748	1.0
1052	1749	1.0
1052	1750	1.0
1052	1751	1.0
1052	1752	1.0
1052	1753	1.0
1052	1754	1.0
1052	1755	1.0
1052	1756	1.0
1052	1757	1.0
1017	1758	1.0
1017	1759	1.0
1017	1760	1.0
1017	1761	1.0
1017	1762	1.0
1017	1763	1.0
1017	1764	1.0
1017	1765	1.0
1017	1766	1.0
1017	1767	1.0
1017	1768	1.0
1017	1769	1.0
1017	1770	1.0
1017	1771	1.0
1017	1772	1.0
1017	1773	1.0
1017	1774	1.0
1017	1775	1.0
1017	1776	1.0
1017	1777	1.0
1017	1778	1.0
1017	1779	1.0
1017	1780	1.0
1017	1781	1.0
1017	1782	1.0
1017	1783	1.0
1017	1784	1.0
99	1785	1.0
99	1786	1.0
99	1787	1.0
99	1788	1.0
99	1789	1.0
99	1790	1.0
99	1791	1.0
99	1792	1.0
99	1793	1.0
99	1794	1.0
99	1795	1.0
99	1796	1.0
99	1797	1.0
99	1798	1.0
99	1799	1.0
99	1800	1.0
99	1801	1.0
99	1802	1.0
3	1803	1.0
3	1804	1.0
3	1805	1.0
3	1806	1.0
3	1807	1.0
3	1808	1.0
3	1809	1.0
3	1810	1.0
3	1811	1.0
3	1812	1.0
3	1813	1.0
3	1814	1.0
3	1815	1.0
3	1816	1.0
3	1817	1.0
3	1818	1.0
3	1819	1.0
3	1820	1.0
3	1821	1.0
3	1822	1.0
3	1823	1.0
3	1824	1.0
3	1825	1.0
3	1826	1.0
3	1827	1.0
3	1828	1.0
3	1829	1.0
3	1830	1.0
3	1831	1.0
3	1832	1.0
3	1833	1.0
3	1834	1.0
3	1835	1.0
3	1836	1.0
3	1837	1.0
3	1838	1.0
3	1839	1.0
3	1840	1.0
3	1841	1.0
3	1842	1.0
3	1843	1.0
3	1844	1.0
3	1845	1.0
3	1846	1.0
3	1847	1.0
3	1848	1.0
3	1849	1.0
3	1850	1.0
3	1851	1.0
3	1852	1.0
3	1853	1.0
3	1854	1.0
3	1855	1.0
3	1856	1.0
3	1857	1.0
3	1858	1.0
3	1859	1.0
3	1860	1.0
3	1861	1.0
3	1862	1.0
3	1863	1.0
3	1864	1.0
3	1865	1.0
3	1866	1.0
3	1867	1.0
3	1868	1.0
3	1869	1.0
3	1870	1.0
3	1871	1.0
3	1872	1.0
3	1873	1.0
3	1874	1.0
3	1875	1.0
3	1876	1.0
3	1877	1.0
3	1878	1.0
3	1879	1.0
3	1880	1.0
3	1881	1.0
3	1882	1.0
3	1883	1.0
3	1884	1.0
3	1885	1.0
3	1886	1.0
3	1887	1.0
3	1888	1.0
3	1889	1.0
3	1890	1.0
3	1891	1.0
3	1892	1.0
3	1893	1.0
3	1894	1.0
3	1895	1.0
3	1896	1.0
3	1897	1.0
3	1898	1.0
3	1899	1.0
3	1900	1.0
3	1901	1.0
3	1902	1.0
3	1903	1.0
3	1904	1.0
3	1905	1.0
3	1906	1.0
3	1907	1.0
3	1908	1.0
3	1909	1.0
3	1910	1.0
3	1911	1.0
3	1912	1.0
3	1913	1.0
3	1914	1.0
3	1915	1.0
3	1916	1.0
3	1917	1.0
3	1918	1.0
3	1919	1.0
3	1920	1.0
3	1921	1.0
3	1922	1.0
3	1923	1.0
3	1924	1.0
3	1925	1.0
3	1926	1.0
3	1927	1.0
3	1928	1.0
3	1929	1.0
3	1930	1.0
3	1931	1.0
3	1932	1.0
3	1933	1.0
3	1934	1.0
3	1935	1.0
3	1936	1.0
3	1937	1.0
3	1938	1.0
3	1939	1.0
3	1940	1.0
3	1941	1.0
3	1942	1.0
3	1943	1.0
3	1944	1.0
3	1945	1.0
3	1946	1.0
3	1947	1.0
3	1948	1.0
3	1949	1.0
3	1950	1.0
3	1951	1.0
3	1952	1.0
3	1953	1.0
3	1954	1.0
3	1955	1.0
3	1956	1.0
3	1957	1.0
3	1958	1.0
3	1959	1.0
3	1960	1.0
3	1961	1.0
3	1962	1.0
3	1963	1.0
3	1964	1.0
3	1965	1.0
3	1966	1.0
3	1967	1.0
3	1968	1.0
3	1969	1.0
3	1970	1.0
3	1971	1.0
3	1972	1.0
3	1973	1.0
3	1974	1.0
3	1975	1.0
3	1976	1.0
3	1977	1.0
3	1978	1.0
3	1979	1.0
3	1980	1.0
3	1981	1.0
3	1982	1.0
3	1983	1.0
3	1984	1.0
3	1985	1.0
3	1986	1.0
3	1987	1.0
3	1988	1.0
3	1989	1.0
3	1990	1.0
3	1991	1.0
3	1992	1.0
3	1993	1.0
3	1994	1.0
3	1995	1.0
3	1996	1.0
3	1997	1.0
3	1998	1.0
3	1999	1.0
3	2000	1.0
3	2001	1.0
3	2002	1.0
3	2003	1.0
3	2004	1.0
3	2005	1.0
3	2006	1.0
3	2007	1.0
3	2008	1.0
3	2009	1.0
3	2010	1.0
3	2011	1.0
3	2012	1.0
3	2013	1.0
3	2014	1.0
3	2015	1.0
3	2016	1.0
3	2017	1.0
3	2018	1.0
3	2019	1.0
3	2020	1.0
3	2021	1.0
3	2022	1.0
3	2023	1.0
3	2024	1.0
3	2025	1.0
3	2026	1.0
3	2027	1.0
3	2028	1.0
3	2029	1.0
