0	1	1.0
1	2	1.0
2	3	1.0
2	4	1.0
4	5	1.0
4	6	1.0
6	7	1.0
7	8	1.0
7	9	1.0
9	10	1.0
10	11	1.0
10	12	1.0
10	13	1.0
13	14	1.0
14	15	1.0
15	16	1.0
15	17	1.0
15	18	1.0
15	19	1.0
15	20	1.0
15	21	1.0
15	22	1.0
15	23	1.0
15	24	1.0
15	25	1.0
15	26	1.0
15	27	1.0
15	28	1.0
15	29	1.0
15	30	1.0
15	31	1.0
15	32	1.0
15	33	1.0
15	34	1.0
15	35	1.0
15	36	1.0
15	37	1.0
37	38	1.0
37	39	1.0
39	40	1.0
40	41	1.0
40	42	1.0
40	43	1.0
43	44	1.0
43	45	1.0
43	46	1.0
43	47	1.0
43	48	1.0
43	49	1.0
49	50	1.0
49	51	1.0
49	52	1.0
49	53	1.0
49	54	1.0
49	55	1.0
49	56	1.0
49	57	1.0
49	58	1.0
49	59	1.0
49	60	1.0
49	61	1.0
49	62	1.0
49	63	1.0
49	64	1.0
49	65	1.0
49	66	1.0
49	67	1.0
49	68	1.0
49	69	1.0
49	70	1.0
49	71	1.0
49	72	1.0
49	73	1.0
49	74	1.0
49	75	1.0
49	76	1.0
49	77	1.0
49	78	1.0
49	79	1.0
49	80	1.0
49	81	1.0
49	82	1.0
49	83	1.0
49	84	1.0
49	85	1.0
49	86	1.0
49	87	1.0
49	88	1.0
49	89	1.0
49	90	1.0
49	91	1.0
49	92	1.0
49	93	1.0
49	94	1.0
49	95	1.0
49	96	1.0
49	97	1.0
49	98	1.0
49	99	1.0
49	100	1.0
49	101	1.0
49	102	1.0
49	103	1.0
49	104	1.0
49	105	1.0
49	106	1.0
49	107	1.0
49	108	1.0
49	109	1.0
49	110	1.0
49	111	1.0
49	112	1.0
49	113	1.0
49	114	1.0
49	115	1.0
49	116	1.0
49	117	1.0
49	118	1.0
49	119	1.0
49	120	1.0
49	121	1.0
49	122	1.0
49	123	1.0
49	124	1.0
49	125	1.0
49	126	1.0
49	127	1.0
49	128	1.0
49	129	1.0
49	130	1.0
49	131	1.0
49	132	1.0
49	133	1.0
49	134	1.0
49	135	1.0
49	136	1.0
49	137	1.0
49	138	1.0
49	139	1.0
49	140	1.0
49	141	1.0
49	142	1.0
49	143	1.0
49	144	1.0
49	145	1.0
49	146	1.0
49	147	1.0
49	148	1.0
49	149	1.0
49	150	1.0
49	151	1.0
49	152	1.0
49	153	1.0
49	154	1.0
49	155	1.0
49	156	1.0
49	157	1.0
49	158	1.0
49	159	1.0
49	160	1.0
49	161	1.0
49	162	1.0
49	163	1.0
49	164	1.0
49	165	1.0
49	166	1.0
49	167	1.0
167	168	1.0
167	169	1.0
167	170	1.0
167	171	1.0
49	172	1.0
49	173	1.0
49	174	1.0
49	175	1.0
49	176	1.0
49	177	1.0
49	178	1.0
49	179	1.0
49	180	1.0
49	181	1.0
49	182	1.0
49	183	1.0
49	184	1.0
49	185	1.0
49	186	1.0
49	187	1.0
49	188	1.0
49	189	1.0
49	190	1.0
49	191	1.0
49	192	1.0
49	193	1.0
49	194	1.0
49	195	1.0
49	196	1.0
49	197	1.0
49	198	1.0
49	199	1.0
49	200	1.0
49	201	1.0
49	202	1.0
49	203	1.0
49	204	1.0
49	205	1.0
49	206	1.0
49	207	1.0
49	208	1.0
49	209	1.0
49	210	1.0
49	211	1.0
49	212	1.0
49	213	1.0
49	214	1.0
49	215	1.0
49	216	1.0
49	217	1.0
49	218	1.0
49	219	1.0
49	220	1.0
49	221	1.0
49	222	1.0
49	223	1.0
49	224	1.0
49	225	1.0
49	226	1.0
49	227	1.0
49	228	1.0
49	229	1.0
49	230	1.0
49	231	1.0
49	232	1.0
49	233	1.0
49	234	1.0
49	235	1.0
49	236	1.0
49	237	1.0
49	238	1.0
49	239	1.0
49	240	1.0
49	241	1.0
49	242	1.0
49	243	1.0
49	244	1.0
49	245	1.0
49	246	1.0
49	247	1.0
49	248	1.0
49	249	1.0
49	250	1.0
49	251	1.0
49	252	1.0
49	253	1.0
49	254	1.0
49	255	1.0
49	256	1.0
49	257	1.0
49	258	1.0
49	259	1.0
49	260	1.0
49	261	1.0
49	262	1.0
49	263	1.0
49	264	1.0
49	265	1.0
49	266	1.0
49	267	1.0
49	268	1.0
49	269	1.0
49	270	1.0
49	271	1.0
49	272	1.0
272	273	1.0
272	274	1.0
272	275	1.0
272	276	1.0
272	277	1.0
272	278	1.0
272	279	1.0
272	280	1.0
272	281	1.0
272	282	1.0
272	283	1.0
272	284	1.0
272	285	1.0
272	286	1.0
49	287	1.0
49	288	1.0
49	289	1.0
49	290	1.0
49	291	1.0
49	292	1.0
49	293	1.0
49	294	1.0
49	295	1.0
49	296	1.0
49	297	1.0
49	298	1.0
49	299	1.0
49	300	1.0
49	301	1.0
49	302	1.0
49	303	1.0
49	304	1.0
49	305	1.0
49	306	1.0
49	307	1.0
49	308	1.0
49	309	1.0
49	310	1.0
49	311	1.0
49	312	1.0
49	313	1.0
49	314	1.0
49	315	1.0
49	316	1.0
49	317	1.0
49	318	1.0
49	319	1.0
49	320	1.0
49	321	1.0
49	322	1.0
49	323	1.0
49	324	1.0
49	325	1.0
49	326	1.0
49	327	1.0
49	328	1.0
49	329	1.0
49	330	1.0
49	331	1.0
49	332	1.0
49	333	1.0
49	334	1.0
49	335	1.0
49	336	1.0
49	337	1.0
49	338	1.0
49	339	1.0
49	340	1.0
49	341	1.0
49	342	1.0
49	343	1.0
49	344	1.0
49	345	1.0
49	346	1.0
49	347	1.0
49	348	1.0
49	349	1.0
49	350	1.0
49	351	1.0
49	352	1.0
49	353	1.0
49	354	1.0
49	355	1.0
49	356	1.0
49	357	1.0
49	358	1.0
49	359	1.0
49	360	1.0
49	361	1.0
49	362	1.0
49	363	1.0
49	364	1.0
49	365	1.0
49	366	1.0
49	367	1.0
49	368	1.0
49	369	1.0
49	370	1.0
49	371	1.0
49	372	1.0
49	373	1.0
49	374	1.0
49	375	1.0
49	376	1.0
49	377	1.0
49	378	1.0
49	379	1.0
49	380	1.0
49	381	1.0
49	382	1.0
49	383	1.0
49	384	1.0
49	385	1.0
49	386	1.0
49	387	1.0
49	388	1.0
49	389	1.0
49	390	1.0
49	391	1.0
49	392	1.0
49	393	1.0
49	394	1.0
49	395	1.0
49	396	1.0
49	397	1.0
49	398	1.0
49	399	1.0
49	400	1.0
49	401	1.0
49	402	1.0
49	403	1.0
49	404	1.0
49	405	1.0
49	406	1.0
49	407	1.0
49	408	1.0
49	409	1.0
49	410	1.0
49	411	1.0
49	412	1.0
49	413	1.0
49	414	1.0
49	415	1.0
49	416	1.0
49	417	1.0
49	418	1.0
49	419	1.0
49	420	1.0
49	421	1.0
49	422	1.0
49	423	1.0
49	424	1.0
49	425	1.0
49	426	1.0
49	427	1.0
49	428	1.0
49	429	1.0
49	430	1.0
49	431	1.0
49	432	1.0
49	433	1.0
49	434	1.0
49	435	1.0
49	436	1.0
49	437	1.0
49	438	1.0
49	439	1.0
49	440	1.0
49	441	1.0
49	442	1.0
49	443	1.0
49	444	1.0
49	445	1.0
49	446	1.0
49	447	1.0
49	448	1.0
49	449	1.0
49	450	1.0
49	451	1.0
49	452	1.0
49	453	1.0
49	454	1.0
49	455	1.0
49	456	1.0
49	457	1.0
49	458	1.0
49	459	1.0
49	460	1.0
49	461	1.0
461	462	1.0
461	463	1.0
461	464	1.0
461	465	1.0
461	466	1.0
49	467	1.0
49	468	1.0
49	469	1.0
49	470	1.0
49	471	1.0
49	472	1.0
49	473	1.0
49	474	1.0
49	475	1.0
49	476	1.0
49	477	1.0
49	478	1.0
49	479	1.0
49	480	1.0
49	481	1.0
49	482	1.0
49	483	1.0
49	484	1.0
49	485	1.0
49	486	1.0
49	487	1.0
49	488	1.0
49	489	1.0
49	490	1.0
49	491	1.0
49	492	1.0
49	493	1.0
49	494	1.0
49	495	1.0
49	496	1.0
49	497	1.0
49	498	1.0
49	499	1.0
49	500	1.0
49	501	1.0
49	502	1.0
49	503	1.0
49	504	1.0
49	505	1.0
49	506	1.0
49	507	1.0
49	508	1.0
49	509	1.0
49	510	1.0
49	511	1.0
49	512	1.0
49	513	1.0
49	514	1.0
49	515	1.0
49	516	1.0
49	517	1.0
49	518	1.0
49	519	1.0
49	520	1.0
49	521	1.0
49	522	1.0
49	523	1.0
49	524	1.0
49	525	1.0
49	526	1.0
49	527	1.0
49	528	1.0
49	529	1.0
49	530	1.0
49	531	1.0
49	532	1.0
49	533	1.0
49	534	1.0
49	535	1.0
49	536	1.0
49	537	1.0
49	538	1.0
49	539	1.0
49	540	1.0
49	541	1.0
49	542	1.0
49	543	1.0
49	544	1.0
49	545	1.0
49	546	1.0
49	547	1.0
49	548	1.0
49	549	1.0
49	550	1.0
49	551	1.0
49	552	1.0
49	553	1.0
49	554	1.0
49	555	1.0
49	556	1.0
49	557	1.0
49	558	1.0
49	559	1.0
49	560	1.0
49	561	1.0
49	562	1.0
49	563	1.0
49	564	1.0
49	565	1.0
565	566	1.0
565	567	1.0
565	568	1.0
565	569	1.0
565	570	1.0
565	571	1.0
565	572	1.0
565	573	1.0
565	574	1.0
565	575	1.0
565	576	1.0
565	577	1.0
565	578	1.0
565	579	1.0
565	580	1.0
565	581	1.0
565	582	1.0
565	583	1.0
565	584	1.0
565	585	1.0
565	586	1.0
49	587	1.0
49	588	1.0
49	589	1.0
49	590	1.0
49	591	1.0
49	592	1.0
49	593	1.0
49	594	1.0
49	595	1.0
49	596	1.0
49	597	1.0
49	598	1.0
49	599	1.0
49	600	1.0
49	601	1.0
49	602	1.0
49	603	1.0
49	604	1.0
49	605	1.0
49	606	1.0
49	607	1.0
49	608	1.0
49	609	1.0
49	610	1.0
49	611	1.0
49	612	1.0
49	613	1.0
49	614	1.0
49	615	1.0
49	616	1.0
49	617	1.0
49	618	1.0
49	619	1.0
49	620	1.0
49	621	1.0
49	622	1.0
49	623	1.0
49	624	1.0
49	625	1.0
49	626	1.0
49	627	1.0
49	628	1.0
49	629	1.0
49	630	1.0
49	631	1.0
49	632	1.0
49	633	1.0
49	634	1.0
49	635	1.0
49	636	1.0
636	637	1.0
636	638	1.0
636	639	1.0
636	640	1.0
636	641	1.0
49	642	1.0
49	643	1.0
49	644	1.0
49	645	1.0
49	646	1.0
49	647	1.0
49	648	1.0
49	649	1.0
49	650	1.0
650	651	1.0
650	652	1.0
650	653	1.0
650	654	1.0
650	655	1.0
650	656	1.0
650	657	1.0
650	658	1.0
650	659	1.0
650	660	1.0
650	661	1.0
49	662	1.0
49	663	1.0
49	664	1.0
49	665	1.0
49	666	1.0
49	667	1.0
49	668	1.0
49	669	1.0
49	670	1.0
49	671	1.0
49	672	1.0
672	673	1.0
672	674	1.0
672	675	1.0
672	676	1.0
672	677	1.0
49	678	1.0
49	679	1.0
49	680	1.0
49	681	1.0
49	682	1.0
49	683	1.0
49	684	1.0
49	685	1.0
49	686	1.0
49	687	1.0
49	688	1.0
49	689	1.0
49	690	1.0
49	691	1.0
49	692	1.0
49	693	1.0
49	694	1.0
49	695	1.0
49	696	1.0
49	697	1.0
49	698	1.0
49	699	1.0
49	700	1.0
49	701	1.0
49	702	1.0
49	703	1.0
49	704	1.0
49	705	1.0
49	706	1.0
49	707	1.0
49	708	1.0
49	709	1.0
49	710	1.0
49	711	1.0
49	712	1.0
49	713	1.0
49	714	1.0
49	715	1.0
49	716	1.0
49	717	1.0
49	718	1.0
49	719	1.0
49	720	1.0
49	721	1.0
49	722	1.0
49	723	1.0
49	724	1.0
49	725	1.0
49	726	1.0
49	727	1.0
49	728	1.0
49	729	1.0
49	730	1.0
49	731	1.0
49	732	1.0
49	733	1.0
49	734	1.0
49	735	1.0
49	736	1.0
49	737	1.0
49	738	1.0
49	739	1.0
49	740	1.0
49	741	1.0
49	742	1.0
49	743	1.0
49	744	1.0
49	745	1.0
49	746	1.0
49	747	1.0
49	748	1.0
49	749	1.0
49	750	1.0
49	751	1.0
49	752	1.0
49	753	1.0
49	754	1.0
49	755	1.0
49	756	1.0
49	757	1.0
49	758	1.0
49	759	1.0
49	760	1.0
49	761	1.0
49	762	1.0
49	763	1.0
763	764	1.0
763	765	1.0
763	766	1.0
763	767	1.0
763	768	1.0
763	769	1.0
763	770	1.0
763	771	1.0
49	772	1.0
49	773	1.0
49	774	1.0
49	775	1.0
49	776	1.0
49	777	1.0
49	778	1.0
49	779	1.0
49	780	1.0
49	781	1.0
49	782	1.0
49	783	1.0
49	784	1.0
49	785	1.0
49	786	1.0
49	787	1.0
49	788	1.0
49	789	1.0
49	790	1.0
49	791	1.0
49	792	1.0
49	793	1.0
49	794	1.0
49	795	1.0
49	796	1.0
49	797	1.0
49	798	1.0
49	799	1.0
49	800	1.0
49	801	1.0
49	802	1.0
49	803	1.0
49	804	1.0
49	805	1.0
49	806	1.0
49	807	1.0
49	808	1.0
49	809	1.0
49	810	1.0
49	811	1.0
49	812	1.0
49	813	1.0
49	814	1.0
49	815	1.0
49	816	1.0
49	817	1.0
49	818	1.0
49	819	1.0
49	820	1.0
49	821	1.0
49	822	1.0
49	823	1.0
49	824	1.0
49	825	1.0
49	826	1.0
49	827	1.0
49	828	1.0
49	829	1.0
49	830	1.0
49	831	1.0
49	832	1.0
49	833	1.0
49	834	1.0
49	835	1.0
49	836	1.0
49	837	1.0
49	838	1.0
49	839	1.0
49	840	1.0
49	841	1.0
49	842	1.0
49	843	1.0
49	844	1.0
49	845	1.0
49	846	1.0
49	847	1.0
49	848	1.0
49	849	1.0
49	850	1.0
49	851	1.0
49	852	1.0
49	853	1.0
49	854	1.0
49	855	1.0
49	856	1.0
49	857	1.0
49	858	1.0
49	859	1.0
49	860	1.0
49	861	1.0
49	862	1.0
49	863	1.0
49	864	1.0
49	865	1.0
49	866	1.0
49	867	1.0
49	868	1.0
49	869	1.0
49	870	1.0
49	871	1.0
49	872	1.0
49	873	1.0
49	874	1.0
49	875	1.0
875	876	1.0
875	877	1.0
875	878	1.0
875	879	1.0
875	880	1.0
875	881	1.0
875	882	1.0
875	883	1.0
875	884	1.0
49	885	1.0
49	886	1.0
49	887	1.0
49	888	1.0
49	889	1.0
49	890	1.0
49	891	1.0
49	892	1.0
49	893	1.0
49	894	1.0
49	895	1.0
49	896	1.0
49	897	1.0
49	898	1.0
49	899	1.0
49	900	1.0
49	901	1.0
49	902	1.0
49	903	1.0
49	904	1.0
49	905	1.0
49	906	1.0
49	907	1.0
49	908	1.0
49	909	1.0
49	910	1.0
49	911	1.0
49	912	1.0
49	913	1.0
49	914	1.0
49	915	1.0
49	916	1.0
49	917	1.0
49	918	1.0
49	919	1.0
49	920	1.0
49	921	1.0
49	922	1.0
49	923	1.0
49	924	1.0
49	925	1.0
49	926	1.0
49	927	1.0
49	928	1.0
49	929	1.0
49	930	1.0
49	931	1.0
49	932	1.0
49	933	1.0
49	934	1.0
49	935	1.0
49	936	1.0
49	937	1.0
49	938	1.0
49	939	1.0
49	940	1.0
49	941	1.0
49	942	1.0
49	943	1.0
49	944	1.0
49	945	1.0
49	946	1.0
49	947	1.0
49	948	1.0
49	949	1.0
49	950	1.0
49	951	1.0
49	952	1.0
49	953	1.0
49	954	1.0
49	955	1.0
49	956	1.0
49	957	1.0
49	958	1.0
49	959	1.0
49	960	1.0
49	961	1.0
49	962	1.0
49	963	1.0
49	964	1.0
49	965	1.0
49	966	1.0
49	967	1.0
49	968	1.0
49	969	1.0
49	970	1.0
49	971	1.0
49	972	1.0
49	973	1.0
49	974	1.0
49	975	1.0
49	976	1.0
49	977	1.0
49	978	1.0
49	979	1.0
49	980	1.0
49	981	1.0
49	982	1.0
49	983	1.0
49	984	1.0
49	985	1.0
49	986	1.0
49	987	1.0
49	988	1.0
49	989	1.0
49	990	1.0
49	991	1.0
49	992	1.0
49	993	1.0
49	994	1.0
49	995	1.0
49	996	1.0
49	997	1.0
49	998	1.0
49	999	1.0
49	1000	1.0
49	1001	1.0
49	1002	1.0
49	1003	1.0
49	1004	1.0
49	1005	1.0
49	1006	1.0
49	1007	1.0
49	1008	1.0
49	1009	1.0
49	1010	1.0
49	1011	1.0
49	1012	1.0
49	1013	1.0
49	1014	1.0
49	1015	1.0
49	1016	1.0
49	1017	1.0
49	1018	1.0
49	1019	1.0
49	1020	1.0
49	1021	1.0
49	1022	1.0
49	1023	1.0
49	1024	1.0
49	1025	1.0
49	1026	1.0
49	1027	1.0
49	1028	1.0
49	1029	1.0
49	1030	1.0
49	1031	1.0
49	1032	1.0
49	1033	1.0
49	1034	1.0
49	1035	1.0
49	1036	1.0
49	1037	1.0
49	1038	1.0
49	1039	1.0
49	1040	1.0
49	1041	1.0
49	1042	1.0
49	1043	1.0
49	1044	1.0
49	1045	1.0
49	1046	1.0
49	1047	1.0
49	1048	1.0
49	1049	1.0
49	1050	1.0
49	1051	1.0
49	1052	1.0
49	1053	1.0
49	1054	1.0
49	1055	1.0
49	1056	1.0
49	1057	1.0
49	1058	1.0
49	1059	1.0
49	1060	1.0
49	1061	1.0
49	1062	1.0
49	1063	1.0
49	1064	1.0
49	1065	1.0
49	1066	1.0
49	1067	1.0
49	1068	1.0
49	1069	1.0
49	1070	1.0
49	1071	1.0
49	1072	1.0
49	1073	1.0
49	1074	1.0
49	1075	1.0
49	1076	1.0
49	1077	1.0
49	1078	1.0
49	1079	1.0
49	1080	1.0
49	1081	1.0
49	1082	1.0
49	1083	1.0
49	1084	1.0
49	1085	1.0
49	1086	1.0
49	1087	1.0
49	1088	1.0
49	1089	1.0
49	1090	1.0
49	1091	1.0
49	1092	1.0
49	1093	1.0
49	1094	1.0
49	1095	1.0
49	1096	1.0
49	1097	1.0
49	1098	1.0
49	1099	1.0
49	1100	1.0
49	1101	1.0
49	1102	1.0
49	1103	1.0
49	1104	1.0
49	1105	1.0
49	1106	1.0
49	1107	1.0
49	1108	1.0
49	1109	1.0
49	1110	1.0
1110	1111	1.0
1110	1112	1.0
1110	1113	1.0
1110	1114	1.0
1110	1115	1.0
1110	1116	1.0
1110	1117	1.0
1110	1118	1.0
1110	1119	1.0
1110	1120	1.0
1110	1121	1.0
1110	1122	1.0
49	1123	1.0
49	1124	1.0
49	1125	1.0
49	1126	1.0
49	1127	1.0
49	1128	1.0
49	1129	1.0
49	1130	1.0
49	1131	1.0
49	1132	1.0
49	1133	1.0
49	1134	1.0
49	1135	1.0
49	1136	1.0
49	1137	1.0
49	1138	1.0
49	1139	1.0
49	1140	1.0
49	1141	1.0
49	1142	1.0
49	1143	1.0
49	1144	1.0
49	1145	1.0
49	1146	1.0
49	1147	1.0
49	1148	1.0
49	1149	1.0
49	1150	1.0
49	1151	1.0
49	1152	1.0
49	1153	1.0
49	1154	1.0
49	1155	1.0
49	1156	1.0
49	1157	1.0
49	1158	1.0
49	1159	1.0
49	1160	1.0
49	1161	1.0
49	1162	1.0
49	1163	1.0
49	1164	1.0
49	1165	1.0
49	1166	1.0
49	1167	1.0
49	1168	1.0
49	1169	1.0
49	1170	1.0
49	1171	1.0
49	1172	1.0
49	1173	1.0
49	1174	1.0
49	1175	1.0
49	1176	1.0
49	1177	1.0
49	1178	1.0
49	1179	1.0
49	1180	1.0
49	1181	1.0
49	1182	1.0
49	1183	1.0
49	1184	1.0
49	1185	1.0
49	1186	1.0
49	1187	1.0
49	1188	1.0
49	1189	1.0
49	1190	1.0
49	1191	1.0
49	1192	1.0
49	1193	1.0
49	1194	1.0
49	1195	1.0
49	1196	1.0
49	1197	1.0
49	1198	1.0
49	1199	1.0
49	1200	1.0
49	1201	1.0
49	1202	1.0
49	1203	1.0
49	1204	1.0
49	1205	1.0
49	1206	1.0
49	1207	1.0
49	1208	1.0
49	1209	1.0
49	1210	1.0
49	1211	1.0
49	1212	1.0
49	1213	1.0
49	1214	1.0
49	1215	1.0
49	1216	1.0
49	1217	1.0
49	1218	1.0
49	1219	1.0
49	1220	1.0
49	1221	1.0
49	1222	1.0
49	1223	1.0
49	1224	1.0
49	1225	1.0
49	1226	1.0
49	1227	1.0
49	1228	1.0
49	1229	1.0
49	1230	1.0
49	1231	1.0
49	1232	1.0
49	1233	1.0
49	1234	1.0
49	1235	1.0
49	1236	1.0
1236	1237	1.0
1236	1238	1.0
1236	1239	1.0
1236	1240	1.0
1236	1241	1.0
1236	1242	1.0
1236	1243	1.0
1243	1244	1.0
1243	1245	1.0
1243	1246	1.0
1243	1247	1.0
1236	1248	1.0
1236	1249	1.0
1236	1250	1.0
1236	1251	1.0
1236	1252	1.0
49	1253	1.0
49	1254	1.0
49	1255	1.0
49	1256	1.0
49	1257	1.0
49	1258	1.0
49	1259	1.0
49	1260	1.0
49	1261	1.0
49	1262	1.0
49	1263	1.0
49	1264	1.0
49	1265	1.0
49	1266	1.0
49	1267	1.0
49	1268	1.0
49	1269	1.0
49	1270	1.0
49	1271	1.0
49	1272	1.0
49	1273	1.0
49	1274	1.0
49	1275	1.0
49	1276	1.0
49	1277	1.0
49	1278	1.0
49	1279	1.0
49	1280	1.0
49	1281	1.0
49	1282	1.0
49	1283	1.0
49	1284	1.0
49	1285	1.0
49	1286	1.0
49	1287	1.0
49	1288	1.0
49	1289	1.0
49	1290	1.0
49	1291	1.0
49	1292	1.0
49	1293	1.0
49	1294	1.0
49	1295	1.0
49	1296	1.0
49	1297	1.0
49	1298	1.0
49	1299	1.0
49	1300	1.0
49	1301	1.0
49	1302	1.0
49	1303	1.0
49	1304	1.0
49	1305	1.0
49	1306	1.0
49	1307	1.0
49	1308	1.0
49	1309	1.0
49	1310	1.0
49	1311	1.0
49	1312	1.0
49	1313	1.0
49	1314	1.0
49	1315	1.0
49	1316	1.0
49	1317	1.0
49	1318	1.0
49	1319	1.0
49	1320	1.0
49	1321	1.0
49	1322	1.0
49	1323	1.0
49	1324	1.0
49	1325	1.0
49	1326	1.0
49	1327	1.0
49	1328	1.0
49	1329	1.0
49	1330	1.0
49	1331	1.0
49	1332	1.0
49	1333	1.0
49	1334	1.0
49	1335	1.0
49	1336	1.0
49	1337	1.0
49	1338	1.0
49	1339	1.0
49	1340	1.0
49	1341	1.0
49	1342	1.0
49	1343	1.0
49	1344	1.0
49	1345	1.0
49	1346	1.0
49	1347	1.0
49	1348	1.0
49	1349	1.0
49	1350	1.0
49	1351	1.0
49	1352	1.0
49	1353	1.0
49	1354	1.0
49	1355	1.0
49	1356	1.0
49	1357	1.0
49	1358	1.0
49	1359	1.0
49	1360	1.0
49	1361	1.0
49	1362	1.0
49	1363	1.0
49	1364	1.0
49	1365	1.0
49	1366	1.0
49	1367	1.0
49	1368	1.0
49	1369	1.0
49	1370	1.0
49	1371	1.0
49	1372	1.0
49	1373	1.0
49	1374	1.0
49	1375	1.0
49	1376	1.0
49	1377	1.0
49	1378	1.0
1378	1379	1.0
1378	1380	1.0
1378	1381	1.0
1378	1382	1.0
1378	1383	1.0
49	1384	1.0
49	1385	1.0
49	1386	1.0
49	1387	1.0
49	1388	1.0
49	1389	1.0
49	1390	1.0
49	1391	1.0
49	1392	1.0
49	1393	1.0
49	1394	1.0
49	1395	1.0
49	1396	1.0
49	1397	1.0
49	1398	1.0
49	1399	1.0
49	1400	1.0
49	1401	1.0
49	1402	1.0
49	1403	1.0
49	1404	1.0
49	1405	1.0
49	1406	1.0
49	1407	1.0
49	1408	1.0
49	1409	1.0
49	1410	1.0
49	1411	1.0
49	1412	1.0
49	1413	1.0
49	1414	1.0
49	1415	1.0
49	1416	1.0
49	1417	1.0
49	1418	1.0
1418	1419	1.0
1418	1420	1.0
1418	1421	1.0
1418	1422	1.0
1418	1423	1.0
49	1424	1.0
49	1425	1.0
49	1426	1.0
49	1427	1.0
49	1428	1.0
49	1429	1.0
49	1430	1.0
49	1431	1.0
49	1432	1.0
49	1433	1.0
49	1434	1.0
49	1435	1.0
49	1436	1.0
49	1437	1.0
49	1438	1.0
49	1439	1.0
49	1440	1.0
49	1441	1.0
49	1442	1.0
49	1443	1.0
49	1444	1.0
49	1445	1.0
49	1446	1.0
49	1447	1.0
49	1448	1.0
49	1449	1.0
49	1450	1.0
49	1451	1.0
49	1452	1.0
49	1453	1.0
49	1454	1.0
49	1455	1.0
49	1456	1.0
49	1457	1.0
49	1458	1.0
49	1459	1.0
49	1460	1.0
49	1461	1.0
49	1462	1.0
49	1463	1.0
49	1464	1.0
49	1465	1.0
49	1466	1.0
49	1467	1.0
1467	1468	1.0
1467	1469	1.0
1467	1470	1.0
1467	1471	1.0
1467	1472	1.0
1467	1473	1.0
1467	1474	1.0
1467	1475	1.0
1467	1476	1.0
1467	1477	1.0
1467	1478	1.0
1467	1479	1.0
1467	1480	1.0
1467	1481	1.0
1481	1482	1.0
1481	1483	1.0
1481	1484	1.0
1481	1485	1.0
1481	1486	1.0
1481	1487	1.0
1481	1488	1.0
1467	1489	1.0
1467	1490	1.0
1467	1491	1.0
1467	1492	1.0
49	1493	1.0
49	1494	1.0
49	1495	1.0
49	1496	1.0
49	1497	1.0
49	1498	1.0
49	1499	1.0
49	1500	1.0
49	1501	1.0
49	1502	1.0
49	1503	1.0
49	1504	1.0
49	1505	1.0
49	1506	1.0
49	1507	1.0
49	1508	1.0
49	1509	1.0
49	1510	1.0
49	1511	1.0
49	1512	1.0
49	1513	1.0
49	1514	1.0
49	1515	1.0
49	1516	1.0
49	1517	1.0
49	1518	1.0
49	1519	1.0
49	1520	1.0
49	1521	1.0
1521	1522	1.0
1521	1523	1.0
1521	1524	1.0
1521	1525	1.0
1521	1526	1.0
1521	1527	1.0
1521	1528	1.0
49	1529	1.0
49	1530	1.0
49	1531	1.0
49	1532	1.0
49	1533	1.0
49	1534	1.0
49	1535	1.0
49	1536	1.0
49	1537	1.0
49	1538	1.0
49	1539	1.0
49	1540	1.0
49	1541	1.0
49	1542	1.0
49	1543	1.0
49	1544	1.0
49	1545	1.0
49	1546	1.0
49	1547	1.0
49	1548	1.0
49	1549	1.0
49	1550	1.0
49	1551	1.0
49	1552	1.0
49	1553	1.0
1553	1554	1.0
1553	1555	1.0
1553	1556	1.0
1553	1557	1.0
1553	1558	1.0
1553	1559	1.0
1553	1560	1.0
1553	1561	1.0
1553	1562	1.0
1553	1563	1.0
1553	1564	1.0
1553	1565	1.0
1553	1566	1.0
1553	1567	1.0
1553	1568	1.0
1553	1569	1.0
1553	1570	1.0
1553	1571	1.0
1553	1572	1.0
1553	1573	1.0
1553	1574	1.0
1553	1575	1.0
1553	1576	1.0
1553	1577	1.0
1553	1578	1.0
1553	1579	1.0
1553	1580	1.0
1553	1581	1.0
1553	1582	1.0
1553	1583	1.0
1553	1584	1.0
1553	1585	1.0
1553	1586	1.0
1553	1587	1.0
1553	1588	1.0
1553	1589	1.0
1553	1590	1.0
1553	1591	1.0
1553	1592	1.0
1553	1593	1.0
1553	1594	1.0
1553	1595	1.0
1553	1596	1.0
1553	1597	1.0
1553	1598	1.0
1553	1599	1.0
1553	1600	1.0
1553	1601	1.0
1553	1602	1.0
1553	1603	1.0
1553	1604	1.0
1553	1605	1.0
1553	1606	1.0
1553	1607	1.0
49	1608	1.0
49	1609	1.0
49	1610	1.0
49	1611	1.0
49	1612	1.0
49	1613	1.0
49	1614	1.0
49	1615	1.0
49	1616	1.0
49	1617	1.0
49	1618	1.0
49	1619	1.0
49	1620	1.0
49	1621	1.0
49	1622	1.0
49	1623	1.0
49	1624	1.0
49	1625	1.0
49	1626	1.0
49	1627	1.0
49	1628	1.0
49	1629	1.0
49	1630	1.0
49	1631	1.0
49	1632	1.0
49	1633	1.0
49	1634	1.0
49	1635	1.0
49	1636	1.0
49	1637	1.0
49	1638	1.0
49	1639	1.0
49	1640	1.0
49	1641	1.0
49	1642	1.0
49	1643	1.0
49	1644	1.0
49	1645	1.0
49	1646	1.0
49	1647	1.0
49	1648	1.0
49	1649	1.0
49	1650	1.0
49	1651	1.0
49	1652	1.0
49	1653	1.0
49	1654	1.0
49	1655	1.0
49	1656	1.0
49	1657	1.0
49	1658	1.0
49	1659	1.0
49	1660	1.0
49	1661	1.0
49	1662	1.0
49	1663	1.0
49	1664	1.0
49	1665	1.0
49	1666	1.0
49	1667	1.0
49	1668	1.0
49	1669	1.0
49	1670	1.0
49	1671	1.0
49	1672	1.0
49	1673	1.0
49	1674	1.0
49	1675	1.0
49	1676	1.0
49	1677	1.0
49	1678	1.0
49	1679	1.0
49	1680	1.0
49	1681	1.0
49	1682	1.0
49	1683	1.0
49	1684	1.0
49	1685	1.0
49	1686	1.0
49	1687	1.0
49	1688	1.0
49	1689	1.0
49	1690	1.0
49	1691	1.0
49	1692	1.0
49	1693	1.0
49	1694	1.0
49	1695	1.0
49	1696	1.0
49	1697	1.0
49	1698	1.0
49	1699	1.0
49	1700	1.0
49	1701	1.0
49	1702	1.0
49	1703	1.0
49	1704	1.0
49	1705	1.0
49	1706	1.0
49	1707	1.0
49	1708	1.0
49	1709	1.0
49	1710	1.0
49	1711	1.0
49	1712	1.0
49	1713	1.0
49	1714	1.0
49	1715	1.0
49	1716	1.0
49	1717	1.0
49	1718	1.0
49	1719	1.0
49	1720	1.0
49	1721	1.0
49	1722	1.0
49	1723	1.0
49	1724	1.0
49	1725	1.0
49	1726	1.0
49	1727	1.0
49	1728	1.0
49	1729	1.0
49	1730	1.0
49	1731	1.0
49	1732	1.0
49	1733	1.0
49	1734	1.0
49	1735	1.0
49	1736	1.0
49	1737	1.0
1737	1738	1.0
1737	1739	1.0
1739	1740	1.0
1739	1741	1.0
1739	1742	1.0
1739	1743	1.0
1739	1744	1.0
1739	1745	1.0
1739	1746	1.0
1739	1747	1.0
1739	1748	1.0
1739	1749	1.0
49	1750	1.0
49	1751	1.0
49	1752	1.0
49	1753	1.0
49	1754	1.0
49	1755	1.0
49	1756	1.0
49	1757	1.0
49	1758	1.0
49	1759	1.0
49	1760	1.0
49	1761	1.0
49	1762	1.0
49	1763	1.0
49	1764	1.0
49	1765	1.0
49	1766	1.0
49	1767	1.0
49	1768	1.0
49	1769	1.0
49	1770	1.0
49	1771	1.0
49	1772	1.0
49	1773	1.0
49	1774	1.0
49	1775	1.0
49	1776	1.0
49	1777	1.0
49	1778	1.0
49	1779	1.0
49	1780	1.0
49	1781	1.0
49	1782	1.0
49	1783	1.0
49	1784	1.0
49	1785	1.0
49	1786	1.0
49	1787	1.0
49	1788	1.0
49	1789	1.0
49	1790	1.0
49	1791	1.0
49	1792	1.0
49	1793	1.0
49	1794	1.0
49	1795	1.0
49	1796	1.0
49	1797	1.0
49	1798	1.0
49	1799	1.0
49	1800	1.0
49	1801	1.0
49	1802	1.0
49	1803	1.0
49	1804	1.0
49	1805	1.0
49	1806	1.0
49	1807	1.0
49	1808	1.0
49	1809	1.0
49	1810	1.0
49	1811	1.0
49	1812	1.0
49	1813	1.0
49	1814	1.0
49	1815	1.0
1815	1816	1.0
1815	1817	1.0
1815	1818	1.0
1815	1819	1.0
1815	1820	1.0
1815	1821	1.0
1815	1822	1.0
1815	1823	1.0
1815	1824	1.0
1815	1825	1.0
1815	1826	1.0
49	1827	1.0
49	1828	1.0
49	1829	1.0
49	1830	1.0
49	1831	1.0
49	1832	1.0
49	1833	1.0
49	1834	1.0
49	1835	1.0
49	1836	1.0
49	1837	1.0
49	1838	1.0
49	1839	1.0
49	1840	1.0
49	1841	1.0
49	1842	1.0
49	1843	1.0
49	1844	1.0
49	1845	1.0
49	1846	1.0
49	1847	1.0
1847	1848	1.0
1847	1849	1.0
1847	1850	1.0
1847	1851	1.0
1847	1852	1.0
1847	1853	1.0
1847	1854	1.0
1847	1855	1.0
1847	1856	1.0
1847	1857	1.0
1847	1858	1.0
1847	1859	1.0
1847	1860	1.0
1847	1861	1.0
1847	1862	1.0
1847	1863	1.0
1847	1864	1.0
49	1865	1.0
49	1866	1.0
49	1867	1.0
49	1868	1.0
49	1869	1.0
49	1870	1.0
49	1871	1.0
49	1872	1.0
49	1873	1.0
49	1874	1.0
49	1875	1.0
49	1876	1.0
49	1877	1.0
49	1878	1.0
49	1879	1.0
49	1880	1.0
49	1881	1.0
43	1882	1.0
43	1883	1.0
43	1884	1.0
43	1885	1.0
43	1886	1.0
40	1887	1.0
40	1888	1.0
40	1889	1.0
40	1890	1.0
40	1891	1.0
40	1892	1.0
40	1893	1.0
40	1894	1.0
40	1895	1.0
40	1896	1.0
40	1897	1.0
40	1898	1.0
40	1899	1.0
40	1900	1.0
40	1901	1.0
40	1902	1.0
40	1903	1.0
40	1904	1.0
40	1905	1.0
40	1906	1.0
40	1907	1.0
40	1908	1.0
40	1909	1.0
40	1910	1.0
40	1911	1.0
40	1912	1.0
40	1913	1.0
40	1914	1.0
40	1915	1.0
40	1916	1.0
40	1917	1.0
40	1918	1.0
40	1919	1.0
40	1920	1.0
40	1921	1.0
40	1922	1.0
40	1923	1.0
40	1924	1.0
40	1925	1.0
40	1926	1.0
40	1927	1.0
40	1928	1.0
40	1929	1.0
40	1930	1.0
40	1931	1.0
40	1932	1.0
40	1933	1.0
40	1934	1.0
40	1935	1.0
39	1936	1.0
39	1937	1.0
39	1938	1.0
39	1939	1.0
39	1940	1.0
39	1941	1.0
39	1942	1.0
39	1943	1.0
39	1944	1.0
39	1945	1.0
39	1946	1.0
39	1947	1.0
39	1948	1.0
39	1949	1.0
39	1950	1.0
39	1951	1.0
39	1952	1.0
39	1953	1.0
39	1954	1.0
39	1955	1.0
39	1956	1.0
39	1957	1.0
39	1958	1.0
39	1959	1.0
39	1960	1.0
39	1961	1.0
39	1962	1.0
39	1963	1.0
39	1964	1.0
39	1965	1.0
39	1966	1.0
39	1967	1.0
39	1968	1.0
39	1969	1.0
39	1970	1.0
39	1971	1.0
39	1972	1.0
39	1973	1.0
39	1974	1.0
39	1975	1.0
39	1976	1.0
39	1977	1.0
39	1978	1.0
39	1979	1.0
39	1980	1.0
39	1981	1.0
39	1982	1.0
39	1983	1.0
39	1984	1.0
39	1985	1.0
39	1986	1.0
39	1987	1.0
39	1988	1.0
39	1989	1.0
39	1990	1.0
39	1991	1.0
39	1992	1.0
39	1993	1.0
39	1994	1.0
39	1995	1.0
39	1996	1.0
39	1997	1.0
39	1998	1.0
39	1999	1.0
39	2000	1.0
39	2001	1.0
39	2002	1.0
39	2003	1.0
39	2004	1.0
39	2005	1.0
39	2006	1.0
37	2007	1.0
37	2008	1.0
37	2009	1.0
37	2010	1.0
37	2011	1.0
37	2012	1.0
37	2013	1.0
37	2014	1.0
37	2015	1.0
37	2016	1.0
37	2017	1.0
37	2018	1.0
37	2019	1.0
37	2020	1.0
37	2021	1.0
37	2022	1.0
37	2023	1.0
37	2024	1.0
37	2025	1.0
37	2026	1.0
37	2027	1.0
37	2028	1.0
14	2029	1.0
14	2030	1.0
13	2031	1.0
13	2032	1.0
13	2033	1.0
9	2034	1.0
6	2035	1.0
1	2036	1.0
0	2037	1.0
