0	1	1.0
1	2	1.0
1	3	1.0
3	4	1.0
3	5	1.0
3	6	1.0
3	7	1.0
3	8	1.0
8	9	1.0
8	10	1.0
8	11	1.0
8	12	1.0
8	13	1.0
8	14	1.0
8	15	1.0
8	16	1.0
8	17	1.0
8	18	1.0
18	19	1.0
19	20	1.0
19	21	1.0
19	22	1.0
19	23	1.0
19	24	1.0
24	25	1.0
24	26	1.0
24	27	1.0
24	28	1.0
24	29	1.0
24	30	1.0
24	31	1.0
24	32	1.0
24	33	1.0
24	34	1.0
24	35	1.0
24	36	1.0
24	37	1.0
24	38	1.0
24	39	1.0
24	40	1.0
24	41	1.0
24	42	1.0
24	43	1.0
24	44	1.0
24	45	1.0
24	46	1.0
24	47	1.0
24	48	1.0
24	49	1.0
24	50	1.0
24	51	1.0
24	52	1.0
24	53	1.0
24	54	1.0
24	55	1.0
24	56	1.0
24	57	1.0
24	58	1.0
24	59	1.0
24	60	1.0
24	61	1.0
24	62	1.0
62	63	1.0
62	64	1.0
62	65	1.0
62	66	1.0
62	67	1.0
62	68	1.0
24	69	1.0
24	70	1.0
24	71	1.0
24	72	1.0
24	73	1.0
24	74	1.0
24	75	1.0
24	76	1.0
24	77	1.0
24	78	1.0
24	79	1.0
24	80	1.0
24	81	1.0
24	82	1.0
24	83	1.0
24	84	1.0
24	85	1.0
85	86	1.0
85	87	1.0
85	88	1.0
85	89	1.0
85	90	1.0
85	91	1.0
85	92	1.0
85	93	1.0
85	94	1.0
94	95	1.0
94	96	1.0
94	97	1.0
94	98	1.0
94	99	1.0
94	100	1.0
94	101	1.0
94	102	1.0
94	103	1.0
94	104	1.0
94	105	1.0
94	106	1.0
94	107	1.0
94	108	1.0
94	109	1.0
94	110	1.0
94	111	1.0
94	112	1.0
94	113	1.0
94	114	1.0
94	115	1.0
94	116	1.0
116	117	1.0
116	118	1.0
116	119	1.0
116	120	1.0
116	121	1.0
116	122	1.0
116	123	1.0
123	124	1.0
123	125	1.0
123	126	1.0
123	127	1.0
123	128	1.0
123	129	1.0
116	130	1.0
94	131	1.0
94	132	1.0
94	133	1.0
94	134	1.0
94	135	1.0
94	136	1.0
94	137	1.0
94	138	1.0
94	139	1.0
94	140	1.0
94	141	1.0
94	142	1.0
94	143	1.0
94	144	1.0
94	145	1.0
94	146	1.0
94	147	1.0
94	148	1.0
94	149	1.0
94	150	1.0
94	151	1.0
94	152	1.0
94	153	1.0
94	154	1.0
94	155	1.0
94	156	1.0
94	157	1.0
94	158	1.0
94	159	1.0
94	160	1.0
94	161	1.0
94	162	1.0
94	163	1.0
94	164	1.0
94	165	1.0
94	166	1.0
94	167	1.0
94	168	1.0
94	169	1.0
94	170	1.0
94	171	1.0
94	172	1.0
94	173	1.0
173	174	1.0
173	175	1.0
173	176	1.0
173	177	1.0
173	178	1.0
94	179	1.0
94	180	1.0
94	181	1.0
94	182	1.0
94	183	1.0
94	184	1.0
94	185	1.0
94	186	1.0
94	187	1.0
94	188	1.0
94	189	1.0
94	190	1.0
94	191	1.0
94	192	1.0
94	193	1.0
94	194	1.0
94	195	1.0
94	196	1.0
94	197	1.0
94	198	1.0
94	199	1.0
94	200	1.0
94	201	1.0
94	202	1.0
94	203	1.0
94	204	1.0
94	205	1.0
94	206	1.0
94	207	1.0
94	208	1.0
94	209	1.0
94	210	1.0
94	211	1.0
94	212	1.0
94	213	1.0
94	214	1.0
94	215	1.0
94	216	1.0
94	217	1.0
94	218	1.0
94	219	1.0
94	220	1.0
94	221	1.0
94	222	1.0
94	223	1.0
94	224	1.0
94	225	1.0
94	226	1.0
94	227	1.0
94	228	1.0
94	229	1.0
94	230	1.0
94	231	1.0
94	232	1.0
94	233	1.0
94	234	1.0
94	235	1.0
94	236	1.0
94	237	1.0
94	238	1.0
94	239	1.0
94	240	1.0
94	241	1.0
94	242	1.0
94	243	1.0
94	244	1.0
94	245	1.0
94	246	1.0
94	247	1.0
94	248	1.0
94	249	1.0
94	250	1.0
250	251	1.0
250	252	1.0
250	253	1.0
250	254	1.0
250	255	1.0
94	256	1.0
94	257	1.0
94	258	1.0
94	259	1.0
94	260	1.0
94	261	1.0
94	262	1.0
94	263	1.0
94	264	1.0
94	265	1.0
94	266	1.0
94	267	1.0
94	268	1.0
94	269	1.0
94	270	1.0
94	271	1.0
94	272	1.0
94	273	1.0
94	274	1.0
94	275	1.0
94	276	1.0
94	277	1.0
94	278	1.0
94	279	1.0
94	280	1.0
94	281	1.0
94	282	1.0
282	283	1.0
282	284	1.0
282	285	1.0
285	286	1.0
285	287	1.0
285	288	1.0
285	289	1.0
94	290	1.0
94	291	1.0
94	292	1.0
94	293	1.0
94	294	1.0
94	295	1.0
94	296	1.0
94	297	1.0
94	298	1.0
94	299	1.0
94	300	1.0
94	301	1.0
94	302	1.0
94	303	1.0
94	304	1.0
94	305	1.0
94	306	1.0
94	307	1.0
94	308	1.0
94	309	1.0
94	310	1.0
94	311	1.0
94	312	1.0
94	313	1.0
94	314	1.0
94	315	1.0
94	316	1.0
94	317	1.0
94	318	1.0
94	319	1.0
94	320	1.0
94	321	1.0
94	322	1.0
94	323	1.0
94	324	1.0
94	325	1.0
94	326	1.0
94	327	1.0
94	328	1.0
94	329	1.0
94	330	1.0
330	331	1.0
330	332	1.0
330	333	1.0
330	334	1.0
330	335	1.0
330	336	1.0
330	337	1.0
330	338	1.0
330	339	1.0
94	340	1.0
94	341	1.0
94	342	1.0
94	343	1.0
94	344	1.0
94	345	1.0
94	346	1.0
94	347	1.0
94	348	1.0
94	349	1.0
94	350	1.0
94	351	1.0
94	352	1.0
94	353	1.0
94	354	1.0
354	355	1.0
354	356	1.0
354	357	1.0
354	358	1.0
354	359	1.0
94	360	1.0
94	361	1.0
94	362	1.0
94	363	1.0
94	364	1.0
94	365	1.0
94	366	1.0
94	367	1.0
94	368	1.0
94	369	1.0
94	370	1.0
94	371	1.0
94	372	1.0
94	373	1.0
373	374	1.0
373	375	1.0
373	376	1.0
373	377	1.0
94	378	1.0
94	379	1.0
94	380	1.0
94	381	1.0
94	382	1.0
94	383	1.0
94	384	1.0
94	385	1.0
94	386	1.0
94	387	1.0
94	388	1.0
94	389	1.0
94	390	1.0
94	391	1.0
94	392	1.0
94	393	1.0
94	394	1.0
394	395	1.0
394	396	1.0
394	397	1.0
394	398	1.0
394	399	1.0
394	400	1.0
394	401	1.0
394	402	1.0
394	403	1.0
394	404	1.0
94	405	1.0
94	406	1.0
94	407	1.0
94	408	1.0
94	409	1.0
94	410	1.0
94	411	1.0
94	412	1.0
94	413	1.0
94	414	1.0
94	415	1.0
94	416	1.0
94	417	1.0
94	418	1.0
94	419	1.0
94	420	1.0
94	421	1.0
94	422	1.0
94	423	1.0
94	424	1.0
94	425	1.0
94	426	1.0
94	427	1.0
94	428	1.0
94	429	1.0
94	430	1.0
94	431	1.0
94	432	1.0
94	433	1.0
94	434	1.0
94	435	1.0
94	436	1.0
94	437	1.0
94	438	1.0
94	439	1.0
94	440	1.0
94	441	1.0
94	442	1.0
94	443	1.0
94	444	1.0
94	445	1.0
94	446	1.0
94	447	1.0
94	448	1.0
94	449	1.0
94	450	1.0
94	451	1.0
94	452	1.0
94	453	1.0
94	454	1.0
94	455	1.0
94	456	1.0
94	457	1.0
94	458	1.0
94	459	1.0
94	460	1.0
94	461	1.0
94	462	1.0
94	463	1.0
94	464	1.0
94	465	1.0
94	466	1.0
94	467	1.0
94	468	1.0
94	469	1.0
94	470	1.0
94	471	1.0
94	472	1.0
94	473	1.0
94	474	1.0
94	475	1.0
94	476	1.0
94	477	1.0
94	478	1.0
94	479	1.0
94	480	1.0
94	481	1.0
94	482	1.0
94	483	1.0
94	484	1.0
94	485	1.0
94	486	1.0
94	487	1.0
94	488	1.0
94	489	1.0
94	490	1.0
94	491	1.0
94	492	1.0
94	493	1.0
94	494	1.0
94	495	1.0
94	496	1.0
94	497	1.0
94	498	1.0
94	499	1.0
94	500	1.0
94	501	1.0
94	502	1.0
94	503	1.0
94	504	1.0
94	505	1.0
94	506	1.0
94	507	1.0
94	508	1.0
94	509	1.0
94	510	1.0
94	511	1.0
94	512	1.0
94	513	1.0
94	514	1.0
94	515	1.0
94	516	1.0
94	517	1.0
94	518	1.0
94	519	1.0
94	520	1.0
94	521	1.0
94	522	1.0
94	523	1.0
94	524	1.0
94	525	1.0
94	526	1.0
94	527	1.0
94	528	1.0
94	529	1.0
94	530	1.0
94	531	1.0
94	532	1.0
94	533	1.0
94	534	1.0
94	535	1.0
94	536	1.0
94	537	1.0
94	538	1.0
94	539	1.0
94	540	1.0
94	541	1.0
94	542	1.0
94	543	1.0
94	544	1.0
94	545	1.0
94	546	1.0
94	547	1.0
94	548	1.0
94	549	1.0
94	550	1.0
94	551	1.0
94	552	1.0
94	553	1.0
94	554	1.0
554	555	1.0
554	556	1.0
554	557	1.0
554	558	1.0
554	559	1.0
554	560	1.0
554	561	1.0
554	562	1.0
554	563	1.0
554	564	1.0
554	565	1.0
554	566	1.0
554	567	1.0
554	568	1.0
554	569	1.0
554	570	1.0
554	571	1.0
554	572	1.0
554	573	1.0
554	574	1.0
554	575	1.0
554	576	1.0
554	577	1.0
554	578	1.0
554	579	1.0
94	580	1.0
94	581	1.0
94	582	1.0
94	583	1.0
94	584	1.0
94	585	1.0
94	586	1.0
94	587	1.0
94	588	1.0
94	589	1.0
94	590	1.0
94	591	1.0
94	592	1.0
94	593	1.0
94	594	1.0
94	595	1.0
94	596	1.0
94	597	1.0
94	598	1.0
94	599	1.0
94	600	1.0
94	601	1.0
94	602	1.0
94	603	1.0
94	604	1.0
94	605	1.0
94	606	1.0
94	607	1.0
94	608	1.0
94	609	1.0
94	610	1.0
94	611	1.0
94	612	1.0
94	613	1.0
94	614	1.0
94	615	1.0
94	616	1.0
94	617	1.0
94	618	1.0
94	619	1.0
94	620	1.0
94	621	1.0
94	622	1.0
94	623	1.0
94	624	1.0
94	625	1.0
94	626	1.0
94	627	1.0
94	628	1.0
94	629	1.0
94	630	1.0
94	631	1.0
94	632	1.0
94	633	1.0
94	634	1.0
94	635	1.0
94	636	1.0
94	637	1.0
94	638	1.0
94	639	1.0
94	640	1.0
94	641	1.0
94	642	1.0
94	643	1.0
94	644	1.0
94	645	1.0
94	646	1.0
94	647	1.0
94	648	1.0
94	649	1.0
94	650	1.0
94	651	1.0
94	652	1.0
94	653	1.0
94	654	1.0
94	655	1.0
94	656	1.0
94	657	1.0
94	658	1.0
94	659	1.0
94	660	1.0
94	661	1.0
94	662	1.0
94	663	1.0
94	664	1.0
94	665	1.0
94	666	1.0
94	667	1.0
94	668	1.0
94	669	1.0
94	670	1.0
94	671	1.0
94	672	1.0
94	673	1.0
94	674	1.0
94	675	1.0
94	676	1.0
94	677	1.0
94	678	1.0
94	679	1.0
94	680	1.0
94	681	1.0
94	682	1.0
94	683	1.0
94	684	1.0
94	685	1.0
94	686	1.0
94	687	1.0
94	688	1.0
94	689	1.0
94	690	1.0
94	691	1.0
94	692	1.0
94	693	1.0
94	694	1.0
94	695	1.0
94	696	1.0
94	697	1.0
94	698	1.0
94	699	1.0
94	700	1.0
94	701	1.0
94	702	1.0
94	703	1.0
94	704	1.0
94	705	1.0
94	706	1.0
94	707	1.0
94	708	1.0
94	709	1.0
94	710	1.0
94	711	1.0
94	712	1.0
94	713	1.0
94	714	1.0
94	715	1.0
94	716	1.0
94	717	1.0
94	718	1.0
94	719	1.0
94	720	1.0
94	721	1.0
94	722	1.0
94	723	1.0
94	724	1.0
94	725	1.0
94	726	1.0
94	727	1.0
94	728	1.0
94	729	1.0
94	730	1.0
94	731	1.0
94	732	1.0
94	733	1.0
94	734	1.0
94	735	1.0
94	736	1.0
94	737	1.0
94	738	1.0
94	739	1.0
739	740	1.0
739	741	1.0
739	742	1.0
739	743	1.0
739	744	1.0
739	745	1.0
739	746	1.0
739	747	1.0
739	748	1.0
739	749	1.0
739	750	1.0
739	751	1.0
739	752	1.0
739	753	1.0
739	754	1.0
739	755	1.0
739	756	1.0
739	757	1.0
739	758	1.0
739	759	1.0
739	760	1.0
739	761	1.0
739	762	1.0
739	763	1.0
739	764	1.0
739	765	1.0
739	766	1.0
739	767	1.0
739	768	1.0
739	769	1.0
739	770	1.0
739	771	1.0
739	772	1.0
739	773	1.0
739	774	1.0
739	775	1.0
739	776	1.0
739	777	1.0
739	778	1.0
739	779	1.0
739	780	1.0
739	781	1.0
739	782	1.0
739	783	1.0
739	784	1.0
739	785	1.0
739	786	1.0
739	787	1.0
739	788	1.0
739	789	1.0
739	790	1.0
739	791	1.0
739	792	1.0
739	793	1.0
739	794	1.0
739	795	1.0
739	796	1.0
739	797	1.0
739	798	1.0
739	799	1.0
739	800	1.0
739	801	1.0
739	802	1.0
739	803	1.0
739	804	1.0
739	805	1.0
739	806	1.0
806	807	1.0
806	808	1.0
806	809	1.0
806	810	1.0
739	811	1.0
739	812	1.0
739	813	1.0
739	814	1.0
739	815	1.0
739	816	1.0
739	817	1.0
739	818	1.0
739	819	1.0
739	820	1.0
739	821	1.0
739	822	1.0
739	823	1.0
739	824	1.0
739	825	1.0
739	826	1.0
739	827	1.0
739	828	1.0
739	829	1.0
739	830	1.0
739	831	1.0
739	832	1.0
739	833	1.0
739	834	1.0
739	835	1.0
739	836	1.0
739	837	1.0
739	838	1.0
739	839	1.0
739	840	1.0
739	841	1.0
739	842	1.0
739	843	1.0
739	844	1.0
739	845	1.0
739	846	1.0
739	847	1.0
739	848	1.0
739	849	1.0
739	850	1.0
739	851	1.0
739	852	1.0
739	853	1.0
739	854	1.0
739	855	1.0
739	856	1.0
856	857	1.0
856	858	1.0
856	859	1.0
856	860	1.0
739	861	1.0
739	862	1.0
739	863	1.0
739	864	1.0
739	865	1.0
739	866	1.0
739	867	1.0
739	868	1.0
739	869	1.0
739	870	1.0
739	871	1.0
739	872	1.0
739	873	1.0
873	874	1.0
873	875	1.0
873	876	1.0
873	877	1.0
873	878	1.0
873	879	1.0
873	880	1.0
873	881	1.0
873	882	1.0
873	883	1.0
873	884	1.0
873	885	1.0
873	886	1.0
873	887	1.0
873	888	1.0
739	889	1.0
739	890	1.0
739	891	1.0
739	892	1.0
739	893	1.0
739	894	1.0
739	895	1.0
739	896	1.0
739	897	1.0
739	898	1.0
739	899	1.0
739	900	1.0
739	901	1.0
739	902	1.0
739	903	1.0
739	904	1.0
739	905	1.0
739	906	1.0
739	907	1.0
739	908	1.0
739	909	1.0
739	910	1.0
739	911	1.0
739	912	1.0
739	913	1.0
739	914	1.0
739	915	1.0
739	916	1.0
739	917	1.0
739	918	1.0
739	919	1.0
739	920	1.0
739	921	1.0
739	922	1.0
739	923	1.0
739	924	1.0
739	925	1.0
739	926	1.0
739	927	1.0
739	928	1.0
739	929	1.0
739	930	1.0
739	931	1.0
739	932	1.0
739	933	1.0
739	934	1.0
739	935	1.0
935	936	1.0
935	937	1.0
935	938	1.0
935	939	1.0
935	940	1.0
935	941	1.0
935	942	1.0
935	943	1.0
935	944	1.0
935	945	1.0
935	946	1.0
935	947	1.0
935	948	1.0
935	949	1.0
739	950	1.0
739	951	1.0
739	952	1.0
739	953	1.0
739	954	1.0
739	955	1.0
739	956	1.0
739	957	1.0
739	958	1.0
739	959	1.0
739	960	1.0
739	961	1.0
739	962	1.0
739	963	1.0
739	964	1.0
739	965	1.0
739	966	1.0
739	967	1.0
739	968	1.0
739	969	1.0
739	970	1.0
739	971	1.0
739	972	1.0
739	973	1.0
739	974	1.0
739	975	1.0
739	976	1.0
739	977	1.0
739	978	1.0
739	979	1.0
739	980	1.0
739	981	1.0
739	982	1.0
739	983	1.0
739	984	1.0
739	985	1.0
739	986	1.0
739	987	1.0
739	988	1.0
739	989	1.0
739	990	1.0
739	991	1.0
739	992	1.0
739	993	1.0
739	994	1.0
739	995	1.0
739	996	1.0
739	997	1.0
739	998	1.0
739	999	1.0
739	1000	1.0
739	1001	1.0
739	1002	1.0
739	1003	1.0
739	1004	1.0
739	1005	1.0
739	1006	1.0
739	1007	1.0
739	1008	1.0
739	1009	1.0
739	1010	1.0
739	1011	1.0
739	1012	1.0
739	1013	1.0
739	1014	1.0
739	1015	1.0
739	1016	1.0
739	1017	1.0
739	1018	1.0
739	1019	1.0
739	1020	1.0
739	1021	1.0
739	1022	1.0
739	1023	1.0
739	1024	1.0
739	1025	1.0
739	1026	1.0
739	1027	1.0
739	1028	1.0
739	1029	1.0
739	1030	1.0
739	1031	1.0
739	1032	1.0
739	1033	1.0
739	1034	1.0
739	1035	1.0
739	1036	1.0
739	1037	1.0
739	1038	1.0
739	1039	1.0
739	1040	1.0
739	1041	1.0
739	1042	1.0
739	1043	1.0
739	1044	1.0
739	1045	1.0
739	1046	1.0
739	1047	1.0
739	1048	1.0
739	1049	1.0
739	1050	1.0
739	1051	1.0
739	1052	1.0
739	1053	1.0
739	1054	1.0
739	1055	1.0
739	1056	1.0
739	1057	1.0
739	1058	1.0
739	1059	1.0
739	1060	1.0
739	1061	1.0
739	1062	1.0
739	1063	1.0
739	1064	1.0
739	1065	1.0
739	1066	1.0
739	1067	1.0
739	1068	1.0
739	1069	1.0
739	1070	1.0
739	1071	1.0
739	1072	1.0
1072	1073	1.0
1072	1074	1.0
1072	1075	1.0
1072	1076	1.0
1072	1077	1.0
1072	1078	1.0
1072	1079	1.0
1072	1080	1.0
1072	1081	1.0
1072	1082	1.0
1072	1083	1.0
1072	1084	1.0
1072	1085	1.0
1072	1086	1.0
1072	1087	1.0
1072	1088	1.0
1072	1089	1.0
1072	1090	1.0
1072	1091	1.0
1072	1092	1.0
1072	1093	1.0
1072	1094	1.0
1072	1095	1.0
1072	1096	1.0
1072	1097	1.0
1072	1098	1.0
1072	1099	1.0
1072	1100	1.0
1072	1101	1.0
1072	1102	1.0
1072	1103	1.0
1072	1104	1.0
1072	1105	1.0
1072	1106	1.0
1072	1107	1.0
1072	1108	1.0
1072	1109	1.0
1072	1110	1.0
1072	1111	1.0
1072	1112	1.0
1072	1113	1.0
1072	1114	1.0
1072	1115	1.0
1072	1116	1.0
1072	1117	1.0
1072	1118	1.0
1072	1119	1.0
1072	1120	1.0
1072	1121	1.0
1072	1122	1.0
1072	1123	1.0
1072	1124	1.0
1072	1125	1.0
1072	1126	1.0
1072	1127	1.0
1072	1128	1.0
1072	1129	1.0
1072	1130	1.0
1072	1131	1.0
1072	1132	1.0
1072	1133	1.0
1072	1134	1.0
1072	1135	1.0
1072	1136	1.0
1072	1137	1.0
1072	1138	1.0
1072	1139	1.0
1072	1140	1.0
1072	1141	1.0
1072	1142	1.0
1072	1143	1.0
1072	1144	1.0
1072	1145	1.0
1072	1146	1.0
1072	1147	1.0
1072	1148	1.0
1072	1149	1.0
1072	1150	1.0
1150	1151	1.0
1150	1152	1.0
1150	1153	1.0
1150	1154	1.0
1150	1155	1.0
1150	1156	1.0
1150	1157	1.0
1150	1158	1.0
1150	1159	1.0
1150	1160	1.0
1150	1161	1.0
1150	1162	1.0
1150	1163	1.0
1150	1164	1.0
1150	1165	1.0
1150	1166	1.0
1150	1167	1.0
1150	1168	1.0
1150	1169	1.0
1150	1170	1.0
1150	1171	1.0
1150	1172	1.0
1150	1173	1.0
1150	1174	1.0
1150	1175	1.0
1150	1176	1.0
1150	1177	1.0
1150	1178	1.0
1178	1179	1.0
1178	1180	1.0
1178	1181	1.0
1178	1182	1.0
1178	1183	1.0
1178	1184	1.0
1178	1185	1.0
1150	1186	1.0
1150	1187	1.0
1150	1188	1.0
1150	1189	1.0
1150	1190	1.0
1150	1191	1.0
1072	1192	1.0
1072	1193	1.0
1072	1194	1.0
1072	1195	1.0
1072	1196	1.0
1072	1197	1.0
1072	1198	1.0
1072	1199	1.0
1072	1200	1.0
1072	1201	1.0
1072	1202	1.0
1072	1203	1.0
1072	1204	1.0
1072	1205	1.0
1072	1206	1.0
1072	1207	1.0
1072	1208	1.0
1072	1209	1.0
1072	1210	1.0
1072	1211	1.0
1072	1212	1.0
1072	1213	1.0
1072	1214	1.0
1072	1215	1.0
1072	1216	1.0
1072	1217	1.0
1072	1218	1.0
1072	1219	1.0
1072	1220	1.0
1072	1221	1.0
1072	1222	1.0
1072	1223	1.0
1072	1224	1.0
1072	1225	1.0
1072	1226	1.0
1072	1227	1.0
1072	1228	1.0
1072	1229	1.0
1072	1230	1.0
1072	1231	1.0
1072	1232	1.0
1072	1233	1.0
1072	1234	1.0
1072	1235	1.0
1072	1236	1.0
1072	1237	1.0
1072	1238	1.0
1072	1239	1.0
1072	1240	1.0
1072	1241	1.0
1072	1242	1.0
1072	1243	1.0
1072	1244	1.0
1072	1245	1.0
1072	1246	1.0
1072	1247	1.0
1072	1248	1.0
1072	1249	1.0
1072	1250	1.0
1072	1251	1.0
1072	1252	1.0
1072	1253	1.0
1072	1254	1.0
1072	1255	1.0
1072	1256	1.0
1072	1257	1.0
1072	1258	1.0
1072	1259	1.0
1072	1260	1.0
1072	1261	1.0
1072	1262	1.0
1072	1263	1.0
1072	1264	1.0
1072	1265	1.0
1072	1266	1.0
1072	1267	1.0
1072	1268	1.0
1072	1269	1.0
1072	1270	1.0
1072	1271	1.0
1072	1272	1.0
1072	1273	1.0
1072	1274	1.0
1072	1275	1.0
1072	1276	1.0
1072	1277	1.0
1072	1278	1.0
1072	1279	1.0
1072	1280	1.0
1072	1281	1.0
1072	1282	1.0
1072	1283	1.0
1072	1284	1.0
1072	1285	1.0
1072	1286	1.0
1072	1287	1.0
1072	1288	1.0
1072	1289	1.0
1072	1290	1.0
1072	1291	1.0
1072	1292	1.0
1072	1293	1.0
1072	1294	1.0
1072	1295	1.0
1072	1296	1.0
1072	1297	1.0
1072	1298	1.0
1072	1299	1.0
1072	1300	1.0
1072	1301	1.0
1072	1302	1.0
1072	1303	1.0
1072	1304	1.0
1072	1305	1.0
1072	1306	1.0
1072	1307	1.0
1072	1308	1.0
1072	1309	1.0
1072	1310	1.0
1072	1311	1.0
1072	1312	1.0
1072	1313	1.0
1072	1314	1.0
1072	1315	1.0
1072	1316	1.0
1072	1317	1.0
1072	1318	1.0
1072	1319	1.0
1072	1320	1.0
1072	1321	1.0
1072	1322	1.0
1072	1323	1.0
1072	1324	1.0
1072	1325	1.0
1325	1326	1.0
1325	1327	1.0
1325	1328	1.0
1325	1329	1.0
1325	1330	1.0
1325	1331	1.0
1325	1332	1.0
1325	1333	1.0
739	1334	1.0
739	1335	1.0
739	1336	1.0
739	1337	1.0
739	1338	1.0
739	1339	1.0
739	1340	1.0
739	1341	1.0
739	1342	1.0
739	1343	1.0
739	1344	1.0
739	1345	1.0
739	1346	1.0
739	1347	1.0
739	1348	1.0
739	1349	1.0
739	1350	1.0
739	1351	1.0
739	1352	1.0
739	1353	1.0
739	1354	1.0
739	1355	1.0
739	1356	1.0
739	1357	1.0
739	1358	1.0
739	1359	1.0
739	1360	1.0
739	1361	1.0
739	1362	1.0
739	1363	1.0
739	1364	1.0
739	1365	1.0
739	1366	1.0
739	1367	1.0
739	1368	1.0
739	1369	1.0
739	1370	1.0
739	1371	1.0
739	1372	1.0
739	1373	1.0
739	1374	1.0
739	1375	1.0
739	1376	1.0
739	1377	1.0
739	1378	1.0
739	1379	1.0
739	1380	1.0
739	1381	1.0
739	1382	1.0
739	1383	1.0
94	1384	1.0
94	1385	1.0
94	1386	1.0
94	1387	1.0
94	1388	1.0
94	1389	1.0
94	1390	1.0
94	1391	1.0
94	1392	1.0
94	1393	1.0
94	1394	1.0
94	1395	1.0
94	1396	1.0
94	1397	1.0
94	1398	1.0
94	1399	1.0
94	1400	1.0
94	1401	1.0
94	1402	1.0
94	1403	1.0
94	1404	1.0
94	1405	1.0
1405	1406	1.0
1405	1407	1.0
1405	1408	1.0
1405	1409	1.0
1405	1410	1.0
1405	1411	1.0
1405	1412	1.0
94	1413	1.0
94	1414	1.0
94	1415	1.0
94	1416	1.0
94	1417	1.0
94	1418	1.0
94	1419	1.0
94	1420	1.0
94	1421	1.0
94	1422	1.0
94	1423	1.0
94	1424	1.0
94	1425	1.0
94	1426	1.0
94	1427	1.0
94	1428	1.0
94	1429	1.0
94	1430	1.0
94	1431	1.0
94	1432	1.0
94	1433	1.0
94	1434	1.0
94	1435	1.0
94	1436	1.0
94	1437	1.0
94	1438	1.0
94	1439	1.0
94	1440	1.0
94	1441	1.0
94	1442	1.0
94	1443	1.0
94	1444	1.0
94	1445	1.0
94	1446	1.0
94	1447	1.0
94	1448	1.0
94	1449	1.0
94	1450	1.0
94	1451	1.0
94	1452	1.0
94	1453	1.0
1453	1454	1.0
1453	1455	1.0
1453	1456	1.0
1453	1457	1.0
94	1458	1.0
94	1459	1.0
94	1460	1.0
94	1461	1.0
94	1462	1.0
94	1463	1.0
94	1464	1.0
94	1465	1.0
94	1466	1.0
94	1467	1.0
94	1468	1.0
94	1469	1.0
94	1470	1.0
94	1471	1.0
94	1472	1.0
94	1473	1.0
94	1474	1.0
94	1475	1.0
94	1476	1.0
94	1477	1.0
94	1478	1.0
94	1479	1.0
1479	1480	1.0
1479	1481	1.0
1479	1482	1.0
1479	1483	1.0
1479	1484	1.0
1479	1485	1.0
1479	1486	1.0
1479	1487	1.0
1479	1488	1.0
1479	1489	1.0
1479	1490	1.0
1479	1491	1.0
94	1492	1.0
94	1493	1.0
94	1494	1.0
94	1495	1.0
94	1496	1.0
94	1497	1.0
94	1498	1.0
94	1499	1.0
94	1500	1.0
94	1501	1.0
94	1502	1.0
94	1503	1.0
94	1504	1.0
94	1505	1.0
94	1506	1.0
94	1507	1.0
94	1508	1.0
94	1509	1.0
94	1510	1.0
94	1511	1.0
94	1512	1.0
94	1513	1.0
94	1514	1.0
94	1515	1.0
94	1516	1.0
94	1517	1.0
94	1518	1.0
94	1519	1.0
94	1520	1.0
94	1521	1.0
94	1522	1.0
94	1523	1.0
94	1524	1.0
94	1525	1.0
94	1526	1.0
94	1527	1.0
94	1528	1.0
94	1529	1.0
94	1530	1.0
94	1531	1.0
94	1532	1.0
1532	1533	1.0
1532	1534	1.0
1532	1535	1.0
1532	1536	1.0
1532	1537	1.0
1537	1538	1.0
1537	1539	1.0
1537	1540	1.0
1540	1541	1.0
1540	1542	1.0
1540	1543	1.0
1540	1544	1.0
1540	1545	1.0
1540	1546	1.0
1540	1547	1.0
1540	1548	1.0
1540	1549	1.0
1540	1550	1.0
1540	1551	1.0
1540	1552	1.0
1540	1553	1.0
1540	1554	1.0
1540	1555	1.0
1540	1556	1.0
1540	1557	1.0
1540	1558	1.0
1540	1559	1.0
1540	1560	1.0
1540	1561	1.0
1540	1562	1.0
1540	1563	1.0
1540	1564	1.0
1540	1565	1.0
1540	1566	1.0
1540	1567	1.0
1540	1568	1.0
1540	1569	1.0
1540	1570	1.0
1537	1571	1.0
1537	1572	1.0
1537	1573	1.0
1537	1574	1.0
1537	1575	1.0
1575	1576	1.0
1575	1577	1.0
1575	1578	1.0
1575	1579	1.0
1575	1580	1.0
1575	1581	1.0
1575	1582	1.0
1575	1583	1.0
1575	1584	1.0
1575	1585	1.0
1537	1586	1.0
1537	1587	1.0
1532	1588	1.0
1532	1589	1.0
1532	1590	1.0
94	1591	1.0
94	1592	1.0
94	1593	1.0
94	1594	1.0
94	1595	1.0
94	1596	1.0
94	1597	1.0
94	1598	1.0
94	1599	1.0
94	1600	1.0
94	1601	1.0
94	1602	1.0
94	1603	1.0
94	1604	1.0
94	1605	1.0
94	1606	1.0
94	1607	1.0
94	1608	1.0
1608	1609	1.0
1608	1610	1.0
1608	1611	1.0
1608	1612	1.0
94	1613	1.0
94	1614	1.0
94	1615	1.0
94	1616	1.0
94	1617	1.0
94	1618	1.0
94	1619	1.0
94	1620	1.0
94	1621	1.0
94	1622	1.0
94	1623	1.0
94	1624	1.0
94	1625	1.0
94	1626	1.0
94	1627	1.0
94	1628	1.0
94	1629	1.0
94	1630	1.0
94	1631	1.0
94	1632	1.0
94	1633	1.0
94	1634	1.0
94	1635	1.0
94	1636	1.0
94	1637	1.0
94	1638	1.0
94	1639	1.0
94	1640	1.0
94	1641	1.0
94	1642	1.0
94	1643	1.0
94	1644	1.0
94	1645	1.0
94	1646	1.0
94	1647	1.0
94	1648	1.0
94	1649	1.0
94	1650	1.0
94	1651	1.0
94	1652	1.0
94	1653	1.0
94	1654	1.0
94	1655	1.0
94	1656	1.0
94	1657	1.0
94	1658	1.0
94	1659	1.0
94	1660	1.0
94	1661	1.0
94	1662	1.0
94	1663	1.0
94	1664	1.0
94	1665	1.0
94	1666	1.0
94	1667	1.0
94	1668	1.0
94	1669	1.0
94	1670	1.0
94	1671	1.0
94	1672	1.0
94	1673	1.0
94	1674	1.0
94	1675	1.0
94	1676	1.0
94	1677	1.0
94	1678	1.0
94	1679	1.0
94	1680	1.0
94	1681	1.0
94	1682	1.0
94	1683	1.0
94	1684	1.0
94	1685	1.0
94	1686	1.0
94	1687	1.0
94	1688	1.0
94	1689	1.0
94	1690	1.0
94	1691	1.0
94	1692	1.0
94	1693	1.0
94	1694	1.0
94	1695	1.0
94	1696	1.0
94	1697	1.0
94	1698	1.0
94	1699	1.0
94	1700	1.0
94	1701	1.0
94	1702	1.0
94	1703	1.0
94	1704	1.0
94	1705	1.0
94	1706	1.0
94	1707	1.0
94	1708	1.0
94	1709	1.0
94	1710	1.0
94	1711	1.0
94	1712	1.0
94	1713	1.0
94	1714	1.0
94	1715	1.0
94	1716	1.0
1716	1717	1.0
1716	1718	1.0
1716	1719	1.0
1716	1720	1.0
1716	1721	1.0
1716	1722	1.0
1716	1723	1.0
1716	1724	1.0
94	1725	1.0
94	1726	1.0
94	1727	1.0
94	1728	1.0
94	1729	1.0
94	1730	1.0
94	1731	1.0
94	1732	1.0
94	1733	1.0
94	1734	1.0
94	1735	1.0
94	1736	1.0
94	1737	1.0
94	1738	1.0
94	1739	1.0
94	1740	1.0
94	1741	1.0
94	1742	1.0
94	1743	1.0
94	1744	1.0
94	1745	1.0
94	1746	1.0
94	1747	1.0
94	1748	1.0
94	1749	1.0
94	1750	1.0
94	1751	1.0
94	1752	1.0
94	1753	1.0
94	1754	1.0
94	1755	1.0
94	1756	1.0
94	1757	1.0
94	1758	1.0
94	1759	1.0
94	1760	1.0
94	1761	1.0
94	1762	1.0
94	1763	1.0
94	1764	1.0
94	1765	1.0
94	1766	1.0
94	1767	1.0
94	1768	1.0
94	1769	1.0
94	1770	1.0
94	1771	1.0
94	1772	1.0
94	1773	1.0
94	1774	1.0
94	1775	1.0
94	1776	1.0
94	1777	1.0
94	1778	1.0
94	1779	1.0
94	1780	1.0
94	1781	1.0
94	1782	1.0
94	1783	1.0
94	1784	1.0
94	1785	1.0
94	1786	1.0
94	1787	1.0
94	1788	1.0
94	1789	1.0
94	1790	1.0
94	1791	1.0
94	1792	1.0
94	1793	1.0
94	1794	1.0
94	1795	1.0
94	1796	1.0
94	1797	1.0
94	1798	1.0
94	1799	1.0
94	1800	1.0
94	1801	1.0
94	1802	1.0
94	1803	1.0
94	1804	1.0
94	1805	1.0
94	1806	1.0
94	1807	1.0
94	1808	1.0
94	1809	1.0
94	1810	1.0
94	1811	1.0
94	1812	1.0
94	1813	1.0
94	1814	1.0
94	1815	1.0
94	1816	1.0
94	1817	1.0
94	1818	1.0
94	1819	1.0
94	1820	1.0
94	1821	1.0
94	1822	1.0
94	1823	1.0
94	1824	1.0
94	1825	1.0
94	1826	1.0
94	1827	1.0
94	1828	1.0
94	1829	1.0
94	1830	1.0
94	1831	1.0
94	1832	1.0
94	1833	1.0
94	1834	1.0
94	1835	1.0
94	1836	1.0
94	1837	1.0
94	1838	1.0
94	1839	1.0
94	1840	1.0
94	1841	1.0
94	1842	1.0
94	1843	1.0
94	1844	1.0
94	1845	1.0
94	1846	1.0
94	1847	1.0
94	1848	1.0
94	1849	1.0
94	1850	1.0
94	1851	1.0
94	1852	1.0
94	1853	1.0
94	1854	1.0
94	1855	1.0
94	1856	1.0
94	1857	1.0
94	1858	1.0
94	1859	1.0
94	1860	1.0
94	1861	1.0
94	1862	1.0
94	1863	1.0
94	1864	1.0
94	1865	1.0
94	1866	1.0
94	1867	1.0
94	1868	1.0
94	1869	1.0
94	1870	1.0
1870	1871	1.0
1870	1872	1.0
1870	1873	1.0
1870	1874	1.0
94	1875	1.0
94	1876	1.0
94	1877	1.0
94	1878	1.0
94	1879	1.0
94	1880	1.0
94	1881	1.0
94	1882	1.0
94	1883	1.0
94	1884	1.0
94	1885	1.0
94	1886	1.0
94	1887	1.0
94	1888	1.0
94	1889	1.0
94	1890	1.0
94	1891	1.0
94	1892	1.0
94	1893	1.0
94	1894	1.0
94	1895	1.0
94	1896	1.0
94	1897	1.0
94	1898	1.0
94	1899	1.0
94	1900	1.0
94	1901	1.0
94	1902	1.0
94	1903	1.0
94	1904	1.0
94	1905	1.0
94	1906	1.0
94	1907	1.0
85	1908	1.0
85	1909	1.0
85	1910	1.0
85	1911	1.0
85	1912	1.0
85	1913	1.0
85	1914	1.0
85	1915	1.0
85	1916	1.0
85	1917	1.0
85	1918	1.0
85	1919	1.0
85	1920	1.0
85	1921	1.0
85	1922	1.0
24	1923	1.0
24	1924	1.0
24	1925	1.0
24	1926	1.0
24	1927	1.0
24	1928	1.0
24	1929	1.0
24	1930	1.0
24	1931	1.0
24	1932	1.0
24	1933	1.0
24	1934	1.0
24	1935	1.0
24	1936	1.0
24	1937	1.0
24	1938	1.0
24	1939	1.0
24	1940	1.0
24	1941	1.0
24	1942	1.0
1942	1943	1.0
1942	1944	1.0
1942	1945	1.0
1942	1946	1.0
1942	1947	1.0
24	1948	1.0
24	1949	1.0
24	1950	1.0
24	1951	1.0
24	1952	1.0
24	1953	1.0
24	1954	1.0
24	1955	1.0
24	1956	1.0
24	1957	1.0
24	1958	1.0
24	1959	1.0
24	1960	1.0
24	1961	1.0
24	1962	1.0
24	1963	1.0
24	1964	1.0
24	1965	1.0
24	1966	1.0
24	1967	1.0
24	1968	1.0
24	1969	1.0
24	1970	1.0
24	1971	1.0
24	1972	1.0
24	1973	1.0
24	1974	1.0
19	1975	1.0
19	1976	1.0
19	1977	1.0
19	1978	1.0
19	1979	1.0
19	1980	1.0
19	1981	1.0
19	1982	1.0
19	1983	1.0
19	1984	1.0
19	1985	1.0
19	1986	1.0
19	1987	1.0
19	1988	1.0
19	1989	1.0
19	1990	1.0
19	1991	1.0
19	1992	1.0
19	1993	1.0
18	1994	1.0
18	1995	1.0
18	1996	1.0
18	1997	1.0
18	1998	1.0
18	1999	1.0
18	2000	1.0
18	2001	1.0
18	2002	1.0
18	2003	1.0
8	2004	1.0
8	2005	1.0
8	2006	1.0
8	2007	1.0
8	2008	1.0
8	2009	1.0
8	2010	1.0
8	2011	1.0
8	2012	1.0
8	2013	1.0
3	2014	1.0
1	2015	1.0
1	2016	1.0
1	2017	1.0
1	2018	1.0
0	2019	1.0
0	2020	1.0
0	2021	1.0
0	2022	1.0
0	2023	1.0
0	2024	1.0
0	2025	1.0
0	2026	1.0
0	2027	1.0
0	2028	1.0
0	2029	1.0
0	2030	1.0
0	2031	1.0
0	2032	1.0
0	2033	1.0
0	2034	1.0
0	2035	1.0
0	2036	1.0
0	2037	1.0
0	2038	1.0
0	2039	1.0
0	2040	1.0
