0	1	1.0
0	2	1.0
0	3	1.0
0	4	1.0
0	5	1.0
5	6	1.0
6	7	1.0
7	8	1.0
8	9	1.0
9	10	1.0
9	11	1.0
9	12	1.0
9	13	1.0
9	14	1.0
9	15	1.0
9	16	1.0
9	17	1.0
9	18	1.0
9	19	1.0
9	20	1.0
9	21	1.0
9	22	1.0
9	23	1.0
9	24	1.0
9	25	1.0
9	26	1.0
26	27	1.0
26	28	1.0
26	29	1.0
26	30	1.0
26	31	1.0
26	32	1.0
26	33	1.0
26	34	1.0
26	35	1.0
26	36	1.0
26	37	1.0
26	38	1.0
26	39	1.0
26	40	1.0
26	41	1.0
26	42	1.0
26	43	1.0
26	44	1.0
26	45	1.0
26	46	1.0
26	47	1.0
26	48	1.0
26	49	1.0
26	50	1.0
50	51	1.0
50	52	1.0
50	53	1.0
50	54	1.0
54	55	1.0
54	56	1.0
54	57	1.0
54	58	1.0
54	59	1.0
54	60	1.0
54	61	1.0
54	62	1.0
54	63	1.0
54	64	1.0
54	65	1.0
54	66	1.0
54	67	1.0
54	68	1.0
54	69	1.0
54	70	1.0
54	71	1.0
54	72	1.0
54	73	1.0
54	74	1.0
54	75	1.0
54	76	1.0
54	77	1.0
54	78	1.0
54	79	1.0
54	80	1.0
54	81	1.0
54	82	1.0
54	83	1.0
54	84	1.0
54	85	1.0
54	86	1.0
54	87	1.0
54	88	1.0
54	89	1.0
54	90	1.0
54	91	1.0
54	92	1.0
54	93	1.0
54	94	1.0
54	95	1.0
54	96	1.0
54	97	1.0
54	98	1.0
54	99	1.0
54	100	1.0
54	101	1.0
54	102	1.0
54	103	1.0
54	104	1.0
54	105	1.0
54	106	1.0
54	107	1.0
54	108	1.0
54	109	1.0
54	110	1.0
54	111	1.0
54	112	1.0
54	113	1.0
54	114	1.0
54	115	1.0
54	116	1.0
54	117	1.0
54	118	1.0
54	119	1.0
54	120	1.0
54	121	1.0
54	122	1.0
54	123	1.0
54	124	1.0
54	125	1.0
54	126	1.0
54	127	1.0
54	128	1.0
54	129	1.0
54	130	1.0
54	131	1.0
54	132	1.0
54	133	1.0
54	134	1.0
54	135	1.0
54	136	1.0
54	137	1.0
54	138	1.0
54	139	1.0
54	140	1.0
54	141	1.0
54	142	1.0
54	143	1.0
54	144	1.0
54	145	1.0
54	146	1.0
54	147	1.0
54	148	1.0
54	149	1.0
54	150	1.0
54	151	1.0
54	152	1.0
54	153	1.0
54	154	1.0
54	155	1.0
54	156	1.0
54	157	1.0
54	158	1.0
54	159	1.0
54	160	1.0
54	161	1.0
54	162	1.0
54	163	1.0
54	164	1.0
54	165	1.0
54	166	1.0
54	167	1.0
54	168	1.0
54	169	1.0
54	170	1.0
54	171	1.0
54	172	1.0
54	173	1.0
54	174	1.0
54	175	1.0
54	176	1.0
54	177	1.0
54	178	1.0
54	179	1.0
54	180	1.0
54	181	1.0
54	182	1.0
54	183	1.0
54	184	1.0
54	185	1.0
54	186	1.0
54	187	1.0
54	188	1.0
54	189	1.0
54	190	1.0
54	191	1.0
54	192	1.0
54	193	1.0
54	194	1.0
54	195	1.0
54	196	1.0
54	197	1.0
54	198	1.0
54	199	1.0
54	200	1.0
54	201	1.0
54	202	1.0
54	203	1.0
54	204	1.0
54	205	1.0
54	206	1.0
54	207	1.0
54	208	1.0
54	209	1.0
54	210	1.0
54	211	1.0
54	212	1.0
54	213	1.0
54	214	1.0
54	215	1.0
54	216	1.0
54	217	1.0
54	218	1.0
54	219	1.0
54	220	1.0
54	221	1.0
54	222	1.0
54	223	1.0
54	224	1.0
54	225	1.0
54	226	1.0
54	227	1.0
54	228	1.0
54	229	1.0
54	230	1.0
54	231	1.0
54	232	1.0
54	233	1.0
54	234	1.0
54	235	1.0
54	236	1.0
54	237	1.0
54	238	1.0
54	239	1.0
54	240	1.0
54	241	1.0
54	242	1.0
54	243	1.0
54	244	1.0
54	245	1.0
54	246	1.0
54	247	1.0
54	248	1.0
54	249	1.0
54	250	1.0
54	251	1.0
54	252	1.0
54	253	1.0
54	254	1.0
54	255	1.0
54	256	1.0
54	257	1.0
54	258	1.0
54	259	1.0
54	260	1.0
54	261	1.0
54	262	1.0
54	263	1.0
54	264	1.0
54	265	1.0
54	266	1.0
54	267	1.0
54	268	1.0
54	269	1.0
54	270	1.0
54	271	1.0
54	272	1.0
54	273	1.0
54	274	1.0
54	275	1.0
54	276	1.0
54	277	1.0
54	278	1.0
54	279	1.0
54	280	1.0
54	281	1.0
54	282	1.0
54	283	1.0
54	284	1.0
54	285	1.0
54	286	1.0
54	287	1.0
54	288	1.0
54	289	1.0
54	290	1.0
54	291	1.0
54	292	1.0
54	293	1.0
54	294	1.0
54	295	1.0
54	296	1.0
54	297	1.0
54	298	1.0
54	299	1.0
54	300	1.0
54	301	1.0
54	302	1.0
54	303	1.0
54	304	1.0
54	305	1.0
54	306	1.0
54	307	1.0
54	308	1.0
54	309	1.0
54	310	1.0
54	311	1.0
54	312	1.0
54	313	1.0
54	314	1.0
54	315	1.0
54	316	1.0
54	317	1.0
54	318	1.0
54	319	1.0
54	320	1.0
54	321	1.0
54	322	1.0
54	323	1.0
323	324	1.0
323	325	1.0
323	326	1.0
323	327	1.0
54	328	1.0
54	329	1.0
54	330	1.0
54	331	1.0
54	332	1.0
54	333	1.0
54	334	1.0
54	335	1.0
54	336	1.0
54	337	1.0
54	338	1.0
54	339	1.0
54	340	1.0
54	341	1.0
54	342	1.0
54	343	1.0
54	344	1.0
54	345	1.0
54	346	1.0
54	347	1.0
54	348	1.0
54	349	1.0
54	350	1.0
54	351	1.0
54	352	1.0
54	353	1.0
54	354	1.0
54	355	1.0
54	356	1.0
54	357	1.0
54	358	1.0
54	359	1.0
54	360	1.0
54	361	1.0
54	362	1.0
54	363	1.0
54	364	1.0
54	365	1.0
54	366	1.0
54	367	1.0
54	368	1.0
54	369	1.0
54	370	1.0
54	371	1.0
54	372	1.0
54	373	1.0
54	374	1.0
54	375	1.0
54	376	1.0
54	377	1.0
54	378	1.0
54	379	1.0
54	380	1.0
54	381	1.0
54	382	1.0
54	383	1.0
54	384	1.0
54	385	1.0
54	386	1.0
54	387	1.0
54	388	1.0
54	389	1.0
54	390	1.0
54	391	1.0
54	392	1.0
54	393	1.0
54	394	1.0
54	395	1.0
54	396	1.0
54	397	1.0
54	398	1.0
54	399	1.0
54	400	1.0
54	401	1.0
54	402	1.0
54	403	1.0
54	404	1.0
54	405	1.0
54	406	1.0
54	407	1.0
54	408	1.0
54	409	1.0
54	410	1.0
54	411	1.0
54	412	1.0
54	413	1.0
54	414	1.0
54	415	1.0
54	416	1.0
54	417	1.0
54	418	1.0
54	419	1.0
54	420	1.0
54	421	1.0
54	422	1.0
54	423	1.0
54	424	1.0
54	425	1.0
54	426	1.0
54	427	1.0
54	428	1.0
54	429	1.0
54	430	1.0
54	431	1.0
54	432	1.0
54	433	1.0
54	434	1.0
54	435	1.0
54	436	1.0
54	437	1.0
54	438	1.0
54	439	1.0
50	440	1.0
50	441	1.0
50	442	1.0
50	443	1.0
50	444	1.0
50	445	1.0
50	446	1.0
50	447	1.0
50	448	1.0
50	449	1.0
50	450	1.0
50	451	1.0
50	452	1.0
50	453	1.0
50	454	1.0
50	455	1.0
50	456	1.0
50	457	1.0
50	458	1.0
458	459	1.0
458	460	1.0
458	461	1.0
458	462	1.0
458	463	1.0
463	464	1.0
463	465	1.0
463	466	1.0
463	467	1.0
463	468	1.0
463	469	1.0
463	470	1.0
463	471	1.0
463	472	1.0
463	473	1.0
463	474	1.0
463	475	1.0
463	476	1.0
463	477	1.0
463	478	1.0
463	479	1.0
463	480	1.0
463	481	1.0
463	482	1.0
463	483	1.0
463	484	1.0
463	485	1.0
463	486	1.0
463	487	1.0
463	488	1.0
463	489	1.0
463	490	1.0
463	491	1.0
463	492	1.0
463	493	1.0
493	494	1.0
493	495	1.0
493	496	1.0
493	497	1.0
493	498	1.0
493	499	1.0
493	500	1.0
493	501	1.0
463	502	1.0
463	503	1.0
463	504	1.0
463	505	1.0
463	506	1.0
463	507	1.0
463	508	1.0
463	509	1.0
463	510	1.0
463	511	1.0
463	512	1.0
463	513	1.0
463	514	1.0
463	515	1.0
463	516	1.0
463	517	1.0
463	518	1.0
463	519	1.0
463	520	1.0
463	521	1.0
463	522	1.0
463	523	1.0
463	524	1.0
463	525	1.0
463	526	1.0
463	527	1.0
463	528	1.0
463	529	1.0
463	530	1.0
463	531	1.0
463	532	1.0
463	533	1.0
463	534	1.0
463	535	1.0
463	536	1.0
463	537	1.0
463	538	1.0
463	539	1.0
463	540	1.0
463	541	1.0
463	542	1.0
463	543	1.0
463	544	1.0
463	545	1.0
463	546	1.0
463	547	1.0
463	548	1.0
463	549	1.0
463	550	1.0
463	551	1.0
463	552	1.0
463	553	1.0
463	554	1.0
463	555	1.0
463	556	1.0
463	557	1.0
463	558	1.0
463	559	1.0
463	560	1.0
463	561	1.0
463	562	1.0
463	563	1.0
463	564	1.0
463	565	1.0
463	566	1.0
463	567	1.0
463	568	1.0
463	569	1.0
463	570	1.0
463	571	1.0
463	572	1.0
463	573	1.0
463	574	1.0
463	575	1.0
463	576	1.0
463	577	1.0
463	578	1.0
463	579	1.0
463	580	1.0
463	581	1.0
463	582	1.0
463	583	1.0
463	584	1.0
463	585	1.0
463	586	1.0
463	587	1.0
463	588	1.0
463	589	1.0
463	590	1.0
463	591	1.0
463	592	1.0
463	593	1.0
463	594	1.0
463	595	1.0
463	596	1.0
463	597	1.0
463	598	1.0
463	599	1.0
463	600	1.0
463	601	1.0
463	602	1.0
463	603	1.0
463	604	1.0
463	605	1.0
463	606	1.0
463	607	1.0
463	608	1.0
463	609	1.0
463	610	1.0
463	611	1.0
463	612	1.0
463	613	1.0
463	614	1.0
463	615	1.0
463	616	1.0
463	617	1.0
463	618	1.0
463	619	1.0
463	620	1.0
463	621	1.0
463	622	1.0
463	623	1.0
463	624	1.0
463	625	1.0
463	626	1.0
463	627	1.0
463	628	1.0
463	629	1.0
463	630	1.0
463	631	1.0
463	632	1.0
463	633	1.0
463	634	1.0
463	635	1.0
463	636	1.0
463	637	1.0
463	638	1.0
463	639	1.0
463	640	1.0
463	641	1.0
463	642	1.0
463	643	1.0
463	644	1.0
463	645	1.0
463	646	1.0
463	647	1.0
463	648	1.0
463	649	1.0
463	650	1.0
463	651	1.0
463	652	1.0
463	653	1.0
463	654	1.0
463	655	1.0
463	656	1.0
463	657	1.0
463	658	1.0
463	659	1.0
463	660	1.0
463	661	1.0
463	662	1.0
463	663	1.0
463	664	1.0
463	665	1.0
463	666	1.0
463	667	1.0
463	668	1.0
463	669	1.0
463	670	1.0
463	671	1.0
463	672	1.0
463	673	1.0
463	674	1.0
674	675	1.0
674	676	1.0
674	677	1.0
674	678	1.0
674	679	1.0
674	680	1.0
674	681	1.0
674	682	1.0
674	683	1.0
674	684	1.0
674	685	1.0
674	686	1.0
674	687	1.0
674	688	1.0
674	689	1.0
674	690	1.0
674	691	1.0
674	692	1.0
674	693	1.0
674	694	1.0
674	695	1.0
674	696	1.0
674	697	1.0
674	698	1.0
674	699	1.0
674	700	1.0
674	701	1.0
674	702	1.0
674	703	1.0
674	704	1.0
674	705	1.0
674	706	1.0
674	707	1.0
674	708	1.0
674	709	1.0
674	710	1.0
674	711	1.0
674	712	1.0
674	713	1.0
674	714	1.0
674	715	1.0
674	716	1.0
674	717	1.0
717	718	1.0
717	719	1.0
717	720	1.0
717	721	1.0
717	722	1.0
674	723	1.0
674	724	1.0
674	725	1.0
674	726	1.0
674	727	1.0
674	728	1.0
674	729	1.0
674	730	1.0
674	731	1.0
674	732	1.0
674	733	1.0
674	734	1.0
674	735	1.0
735	736	1.0
735	737	1.0
735	738	1.0
735	739	1.0
735	740	1.0
735	741	1.0
735	742	1.0
742	743	1.0
742	744	1.0
742	745	1.0
742	746	1.0
742	747	1.0
742	748	1.0
742	749	1.0
742	750	1.0
742	751	1.0
742	752	1.0
742	753	1.0
742	754	1.0
742	755	1.0
742	756	1.0
742	757	1.0
742	758	1.0
742	759	1.0
742	760	1.0
742	761	1.0
742	762	1.0
742	763	1.0
742	764	1.0
742	765	1.0
742	766	1.0
742	767	1.0
742	768	1.0
742	769	1.0
769	770	1.0
769	771	1.0
769	772	1.0
769	773	1.0
769	774	1.0
769	775	1.0
769	776	1.0
742	777	1.0
742	778	1.0
742	779	1.0
742	780	1.0
742	781	1.0
742	782	1.0
742	783	1.0
742	784	1.0
742	785	1.0
785	786	1.0
785	787	1.0
785	788	1.0
785	789	1.0
742	790	1.0
742	791	1.0
742	792	1.0
742	793	1.0
742	794	1.0
742	795	1.0
742	796	1.0
742	797	1.0
742	798	1.0
742	799	1.0
742	800	1.0
742	801	1.0
742	802	1.0
742	803	1.0
742	804	1.0
742	805	1.0
742	806	1.0
742	807	1.0
742	808	1.0
742	809	1.0
742	810	1.0
742	811	1.0
742	812	1.0
742	813	1.0
742	814	1.0
742	815	1.0
742	816	1.0
742	817	1.0
742	818	1.0
742	819	1.0
742	820	1.0
742	821	1.0
742	822	1.0
742	823	1.0
742	824	1.0
742	825	1.0
742	826	1.0
742	827	1.0
742	828	1.0
742	829	1.0
742	830	1.0
742	831	1.0
742	832	1.0
742	833	1.0
742	834	1.0
742	835	1.0
742	836	1.0
742	837	1.0
742	838	1.0
742	839	1.0
742	840	1.0
742	841	1.0
742	842	1.0
742	843	1.0
742	844	1.0
742	845	1.0
742	846	1.0
742	847	1.0
742	848	1.0
742	849	1.0
742	850	1.0
742	851	1.0
742	852	1.0
742	853	1.0
742	854	1.0
742	855	1.0
742	856	1.0
742	857	1.0
742	858	1.0
742	859	1.0
742	860	1.0
742	861	1.0
742	862	1.0
742	863	1.0
742	864	1.0
742	865	1.0
742	866	1.0
742	867	1.0
742	868	1.0
742	869	1.0
742	870	1.0
742	871	1.0
742	872	1.0
742	873	1.0
742	874	1.0
742	875	1.0
742	876	1.0
742	877	1.0
742	878	1.0
742	879	1.0
742	880	1.0
742	881	1.0
742	882	1.0
742	883	1.0
742	884	1.0
742	885	1.0
742	886	1.0
742	887	1.0
742	888	1.0
742	889	1.0
742	890	1.0
742	891	1.0
742	892	1.0
742	893	1.0
742	894	1.0
742	895	1.0
742	896	1.0
742	897	1.0
742	898	1.0
742	899	1.0
742	900	1.0
742	901	1.0
742	902	1.0
742	903	1.0
742	904	1.0
742	905	1.0
742	906	1.0
742	907	1.0
742	908	1.0
742	909	1.0
742	910	1.0
742	911	1.0
742	912	1.0
742	913	1.0
742	914	1.0
742	915	1.0
742	916	1.0
742	917	1.0
742	918	1.0
742	919	1.0
742	920	1.0
742	921	1.0
742	922	1.0
742	923	1.0
742	924	1.0
742	925	1.0
742	926	1.0
742	927	1.0
742	928	1.0
742	929	1.0
742	930	1.0
742	931	1.0
742	932	1.0
742	933	1.0
742	934	1.0
742	935	1.0
742	936	1.0
742	937	1.0
742	938	1.0
742	939	1.0
742	940	1.0
742	941	1.0
742	942	1.0
742	943	1.0
742	944	1.0
742	945	1.0
742	946	1.0
742	947	1.0
742	948	1.0
742	949	1.0
742	950	1.0
742	951	1.0
742	952	1.0
742	953	1.0
742	954	1.0
742	955	1.0
742	956	1.0
742	957	1.0
742	958	1.0
742	959	1.0
742	960	1.0
742	961	1.0
742	962	1.0
742	963	1.0
742	964	1.0
742	965	1.0
742	966	1.0
742	967	1.0
967	968	1.0
967	969	1.0
967	970	1.0
967	971	1.0
967	972	1.0
967	973	1.0
967	974	1.0
967	975	1.0
967	976	1.0
967	977	1.0
967	978	1.0
967	979	1.0
967	980	1.0
967	981	1.0
967	982	1.0
967	983	1.0
967	984	1.0
967	985	1.0
967	986	1.0
967	987	1.0
967	988	1.0
967	989	1.0
967	990	1.0
967	991	1.0
967	992	1.0
967	993	1.0
967	994	1.0
967	995	1.0
967	996	1.0
967	997	1.0
967	998	1.0
967	999	1.0
967	1000	1.0
967	1001	1.0
967	1002	1.0
967	1003	1.0
967	1004	1.0
967	1005	1.0
967	1006	1.0
967	1007	1.0
967	1008	1.0
967	1009	1.0
967	1010	1.0
967	1011	1.0
967	1012	1.0
967	1013	1.0
967	1014	1.0
967	1015	1.0
967	1016	1.0
967	1017	1.0
967	1018	1.0
967	1019	1.0
967	1020	1.0
967	1021	1.0
967	1022	1.0
967	1023	1.0
967	1024	1.0
967	1025	1.0
967	1026	1.0
967	1027	1.0
967	1028	1.0
967	1029	1.0
967	1030	1.0
967	1031	1.0
967	1032	1.0
967	1033	1.0
967	1034	1.0
967	1035	1.0
967	1036	1.0
967	1037	1.0
967	1038	1.0
1038	1039	1.0
1038	1040	1.0
1038	1041	1.0
1038	1042	1.0
967	1043	1.0
967	1044	1.0
967	1045	1.0
967	1046	1.0
967	1047	1.0
967	1048	1.0
967	1049	1.0
967	1050	1.0
967	1051	1.0
967	1052	1.0
967	1053	1.0
967	1054	1.0
967	1055	1.0
967	1056	1.0
967	1057	1.0
967	1058	1.0
967	1059	1.0
967	1060	1.0
967	1061	1.0
967	1062	1.0
967	1063	1.0
967	1064	1.0
967	1065	1.0
967	1066	1.0
967	1067	1.0
967	1068	1.0
967	1069	1.0
967	1070	1.0
967	1071	1.0
967	1072	1.0
967	1073	1.0
967	1074	1.0
967	1075	1.0
967	1076	1.0
967	1077	1.0
967	1078	1.0
967	1079	1.0
967	1080	1.0
967	1081	1.0
967	1082	1.0
967	1083	1.0
967	1084	1.0
967	1085	1.0
967	1086	1.0
967	1087	1.0
967	1088	1.0
967	1089	1.0
967	1090	1.0
967	1091	1.0
967	1092	1.0
967	1093	1.0
967	1094	1.0
967	1095	1.0
967	1096	1.0
967	1097	1.0
967	1098	1.0
967	1099	1.0
967	1100	1.0
967	1101	1.0
967	1102	1.0
967	1103	1.0
967	1104	1.0
967	1105	1.0
967	1106	1.0
967	1107	1.0
967	1108	1.0
967	1109	1.0
967	1110	1.0
967	1111	1.0
967	1112	1.0
967	1113	1.0
967	1114	1.0
967	1115	1.0
967	1116	1.0
967	1117	1.0
967	1118	1.0
967	1119	1.0
967	1120	1.0
967	1121	1.0
967	1122	1.0
967	1123	1.0
967	1124	1.0
967	1125	1.0
967	1126	1.0
967	1127	1.0
967	1128	1.0
967	1129	1.0
967	1130	1.0
967	1131	1.0
967	1132	1.0
967	1133	1.0
967	1134	1.0
967	1135	1.0
967	1136	1.0
1136	1137	1.0
1136	1138	1.0
1136	1139	1.0
1136	1140	1.0
1136	1141	1.0
1136	1142	1.0
967	1143	1.0
967	1144	1.0
967	1145	1.0
967	1146	1.0
967	1147	1.0
967	1148	1.0
967	1149	1.0
967	1150	1.0
967	1151	1.0
967	1152	1.0
967	1153	1.0
967	1154	1.0
967	1155	1.0
967	1156	1.0
967	1157	1.0
967	1158	1.0
967	1159	1.0
967	1160	1.0
967	1161	1.0
967	1162	1.0
967	1163	1.0
967	1164	1.0
967	1165	1.0
967	1166	1.0
967	1167	1.0
967	1168	1.0
967	1169	1.0
967	1170	1.0
967	1171	1.0
967	1172	1.0
967	1173	1.0
967	1174	1.0
967	1175	1.0
967	1176	1.0
967	1177	1.0
967	1178	1.0
967	1179	1.0
967	1180	1.0
967	1181	1.0
967	1182	1.0
967	1183	1.0
967	1184	1.0
967	1185	1.0
967	1186	1.0
967	1187	1.0
967	1188	1.0
967	1189	1.0
967	1190	1.0
967	1191	1.0
967	1192	1.0
967	1193	1.0
967	1194	1.0
967	1195	1.0
967	1196	1.0
967	1197	1.0
967	1198	1.0
967	1199	1.0
967	1200	1.0
967	1201	1.0
967	1202	1.0
967	1203	1.0
967	1204	1.0
967	1205	1.0
967	1206	1.0
967	1207	1.0
967	1208	1.0
742	1209	1.0
742	1210	1.0
742	1211	1.0
742	1212	1.0
742	1213	1.0
742	1214	1.0
742	1215	1.0
742	1216	1.0
742	1217	1.0
742	1218	1.0
742	1219	1.0
742	1220	1.0
742	1221	1.0
742	1222	1.0
742	1223	1.0
742	1224	1.0
742	1225	1.0
742	1226	1.0
742	1227	1.0
742	1228	1.0
742	1229	1.0
742	1230	1.0
742	1231	1.0
742	1232	1.0
742	1233	1.0
742	1234	1.0
742	1235	1.0
742	1236	1.0
742	1237	1.0
742	1238	1.0
742	1239	1.0
742	1240	1.0
742	1241	1.0
742	1242	1.0
742	1243	1.0
742	1244	1.0
742	1245	1.0
742	1246	1.0
742	1247	1.0
742	1248	1.0
742	1249	1.0
742	1250	1.0
742	1251	1.0
742	1252	1.0
742	1253	1.0
742	1254	1.0
742	1255	1.0
742	1256	1.0
742	1257	1.0
742	1258	1.0
742	1259	1.0
742	1260	1.0
742	1261	1.0
742	1262	1.0
742	1263	1.0
742	1264	1.0
742	1265	1.0
742	1266	1.0
742	1267	1.0
742	1268	1.0
742	1269	1.0
742	1270	1.0
742	1271	1.0
1271	1272	1.0
1271	1273	1.0
1271	1274	1.0
1271	1275	1.0
1271	1276	1.0
1271	1277	1.0
1271	1278	1.0
1271	1279	1.0
1271	1280	1.0
1271	1281	1.0
1271	1282	1.0
1271	1283	1.0
1271	1284	1.0
1271	1285	1.0
1271	1286	1.0
1271	1287	1.0
1271	1288	1.0
1271	1289	1.0
1271	1290	1.0
742	1291	1.0
742	1292	1.0
742	1293	1.0
742	1294	1.0
742	1295	1.0
742	1296	1.0
742	1297	1.0
742	1298	1.0
742	1299	1.0
742	1300	1.0
742	1301	1.0
742	1302	1.0
742	1303	1.0
742	1304	1.0
742	1305	1.0
742	1306	1.0
742	1307	1.0
742	1308	1.0
742	1309	1.0
742	1310	1.0
742	1311	1.0
742	1312	1.0
742	1313	1.0
742	1314	1.0
742	1315	1.0
742	1316	1.0
742	1317	1.0
742	1318	1.0
742	1319	1.0
742	1320	1.0
742	1321	1.0
742	1322	1.0
742	1323	1.0
742	1324	1.0
742	1325	1.0
742	1326	1.0
1326	1327	1.0
1326	1328	1.0
1326	1329	1.0
1326	1330	1.0
1326	1331	1.0
1326	1332	1.0
1326	1333	1.0
1326	1334	1.0
1326	1335	1.0
1326	1336	1.0
1326	1337	1.0
1326	1338	1.0
1326	1339	1.0
1326	1340	1.0
1326	1341	1.0
1326	1342	1.0
1326	1343	1.0
1326	1344	1.0
1326	1345	1.0
1326	1346	1.0
1326	1347	1.0
742	1348	1.0
742	1349	1.0
742	1350	1.0
742	1351	1.0
742	1352	1.0
742	1353	1.0
742	1354	1.0
742	1355	1.0
742	1356	1.0
742	1357	1.0
742	1358	1.0
742	1359	1.0
742	1360	1.0
742	1361	1.0
742	1362	1.0
742	1363	1.0
742	1364	1.0
742	1365	1.0
742	1366	1.0
742	1367	1.0
742	1368	1.0
742	1369	1.0
742	1370	1.0
1370	1371	1.0
1370	1372	1.0
1370	1373	1.0
1370	1374	1.0
1370	1375	1.0
1370	1376	1.0
742	1377	1.0
742	1378	1.0
742	1379	1.0
742	1380	1.0
742	1381	1.0
742	1382	1.0
742	1383	1.0
742	1384	1.0
742	1385	1.0
742	1386	1.0
742	1387	1.0
1387	1388	1.0
1387	1389	1.0
1387	1390	1.0
1387	1391	1.0
1387	1392	1.0
1387	1393	1.0
1387	1394	1.0
1387	1395	1.0
1387	1396	1.0
1387	1397	1.0
1387	1398	1.0
1387	1399	1.0
1387	1400	1.0
1387	1401	1.0
1387	1402	1.0
1387	1403	1.0
1387	1404	1.0
1387	1405	1.0
1387	1406	1.0
1387	1407	1.0
1387	1408	1.0
1387	1409	1.0
1387	1410	1.0
742	1411	1.0
742	1412	1.0
742	1413	1.0
742	1414	1.0
742	1415	1.0
742	1416	1.0
742	1417	1.0
742	1418	1.0
742	1419	1.0
742	1420	1.0
742	1421	1.0
742	1422	1.0
742	1423	1.0
742	1424	1.0
742	1425	1.0
742	1426	1.0
742	1427	1.0
742	1428	1.0
742	1429	1.0
742	1430	1.0
742	1431	1.0
742	1432	1.0
742	1433	1.0
742	1434	1.0
742	1435	1.0
742	1436	1.0
742	1437	1.0
742	1438	1.0
742	1439	1.0
742	1440	1.0
742	1441	1.0
742	1442	1.0
742	1443	1.0
742	1444	1.0
742	1445	1.0
742	1446	1.0
742	1447	1.0
742	1448	1.0
742	1449	1.0
742	1450	1.0
742	1451	1.0
742	1452	1.0
742	1453	1.0
742	1454	1.0
742	1455	1.0
742	1456	1.0
742	1457	1.0
742	1458	1.0
742	1459	1.0
742	1460	1.0
742	1461	1.0
742	1462	1.0
742	1463	1.0
742	1464	1.0
742	1465	1.0
742	1466	1.0
742	1467	1.0
742	1468	1.0
742	1469	1.0
742	1470	1.0
742	1471	1.0
742	1472	1.0
742	1473	1.0
742	1474	1.0
742	1475	1.0
742	1476	1.0
742	1477	1.0
742	1478	1.0
742	1479	1.0
742	1480	1.0
742	1481	1.0
742	1482	1.0
742	1483	1.0
742	1484	1.0
742	1485	1.0
742	1486	1.0
742	1487	1.0
735	1488	1.0
735	1489	1.0
735	1490	1.0
735	1491	1.0
735	1492	1.0
735	1493	1.0
735	1494	1.0
735	1495	1.0
735	1496	1.0
735	1497	1.0
735	1498	1.0
735	1499	1.0
735	1500	1.0
735	1501	1.0
735	1502	1.0
735	1503	1.0
735	1504	1.0
735	1505	1.0
735	1506	1.0
735	1507	1.0
735	1508	1.0
674	1509	1.0
674	1510	1.0
674	1511	1.0
674	1512	1.0
674	1513	1.0
674	1514	1.0
674	1515	1.0
674	1516	1.0
674	1517	1.0
674	1518	1.0
674	1519	1.0
674	1520	1.0
674	1521	1.0
674	1522	1.0
674	1523	1.0
674	1524	1.0
674	1525	1.0
674	1526	1.0
674	1527	1.0
463	1528	1.0
50	1529	1.0
50	1530	1.0
50	1531	1.0
50	1532	1.0
50	1533	1.0
50	1534	1.0
50	1535	1.0
50	1536	1.0
50	1537	1.0
50	1538	1.0
50	1539	1.0
50	1540	1.0
50	1541	1.0
50	1542	1.0
50	1543	1.0
50	1544	1.0
50	1545	1.0
50	1546	1.0
50	1547	1.0
50	1548	1.0
50	1549	1.0
50	1550	1.0
50	1551	1.0
50	1552	1.0
50	1553	1.0
50	1554	1.0
50	1555	1.0
50	1556	1.0
50	1557	1.0
50	1558	1.0
50	1559	1.0
50	1560	1.0
50	1561	1.0
50	1562	1.0
50	1563	1.0
50	1564	1.0
50	1565	1.0
50	1566	1.0
50	1567	1.0
50	1568	1.0
50	1569	1.0
50	1570	1.0
50	1571	1.0
50	1572	1.0
50	1573	1.0
50	1574	1.0
50	1575	1.0
50	1576	1.0
50	1577	1.0
50	1578	1.0
50	1579	1.0
50	1580	1.0
50	1581	1.0
50	1582	1.0
1582	1583	1.0
1582	1584	1.0
1582	1585	1.0
1582	1586	1.0
50	1587	1.0
50	1588	1.0
50	1589	1.0
50	1590	1.0
50	1591	1.0
50	1592	1.0
50	1593	1.0
50	1594	1.0
50	1595	1.0
50	1596	1.0
50	1597	1.0
50	1598	1.0
50	1599	1.0
50	1600	1.0
50	1601	1.0
50	1602	1.0
50	1603	1.0
50	1604	1.0
50	1605	1.0
50	1606	1.0
50	1607	1.0
50	1608	1.0
50	1609	1.0
50	1610	1.0
50	1611	1.0
50	1612	1.0
50	1613	1.0
50	1614	1.0
50	1615	1.0
50	1616	1.0
50	1617	1.0
50	1618	1.0
50	1619	1.0
50	1620	1.0
50	1621	1.0
50	1622	1.0
50	1623	1.0
50	1624	1.0
50	1625	1.0
50	1626	1.0
50	1627	1.0
50	1628	1.0
50	1629	1.0
50	1630	1.0
50	1631	1.0
50	1632	1.0
50	1633	1.0
50	1634	1.0
50	1635	1.0
50	1636	1.0
50	1637	1.0
50	1638	1.0
50	1639	1.0
50	1640	1.0
50	1641	1.0
50	1642	1.0
50	1643	1.0
50	1644	1.0
50	1645	1.0
50	1646	1.0
50	1647	1.0
50	1648	1.0
50	1649	1.0
50	1650	1.0
50	1651	1.0
50	1652	1.0
50	1653	1.0
50	1654	1.0
50	1655	1.0
50	1656	1.0
50	1657	1.0
50	1658	1.0
50	1659	1.0
50	1660	1.0
50	1661	1.0
50	1662	1.0
50	1663	1.0
50	1664	1.0
50	1665	1.0
50	1666	1.0
50	1667	1.0
50	1668	1.0
50	1669	1.0
50	1670	1.0
50	1671	1.0
50	1672	1.0
50	1673	1.0
50	1674	1.0
50	1675	1.0
50	1676	1.0
50	1677	1.0
50	1678	1.0
50	1679	1.0
50	1680	1.0
50	1681	1.0
50	1682	1.0
50	1683	1.0
50	1684	1.0
50	1685	1.0
50	1686	1.0
50	1687	1.0
50	1688	1.0
50	1689	1.0
50	1690	1.0
50	1691	1.0
50	1692	1.0
50	1693	1.0
50	1694	1.0
50	1695	1.0
50	1696	1.0
50	1697	1.0
50	1698	1.0
50	1699	1.0
50	1700	1.0
50	1701	1.0
50	1702	1.0
50	1703	1.0
50	1704	1.0
50	1705	1.0
50	1706	1.0
50	1707	1.0
50	1708	1.0
26	1709	1.0
26	1710	1.0
26	1711	1.0
26	1712	1.0
26	1713	1.0
26	1714	1.0
26	1715	1.0
26	1716	1.0
26	1717	1.0
26	1718	1.0
26	1719	1.0
26	1720	1.0
26	1721	1.0
26	1722	1.0
26	1723	1.0
26	1724	1.0
26	1725	1.0
26	1726	1.0
26	1727	1.0
26	1728	1.0
26	1729	1.0
26	1730	1.0
26	1731	1.0
26	1732	1.0
26	1733	1.0
26	1734	1.0
26	1735	1.0
26	1736	1.0
26	1737	1.0
26	1738	1.0
26	1739	1.0
26	1740	1.0
26	1741	1.0
26	1742	1.0
26	1743	1.0
26	1744	1.0
26	1745	1.0
26	1746	1.0
26	1747	1.0
26	1748	1.0
26	1749	1.0
26	1750	1.0
26	1751	1.0
26	1752	1.0
26	1753	1.0
26	1754	1.0
26	1755	1.0
26	1756	1.0
26	1757	1.0
26	1758	1.0
26	1759	1.0
26	1760	1.0
26	1761	1.0
26	1762	1.0
26	1763	1.0
26	1764	1.0
26	1765	1.0
26	1766	1.0
26	1767	1.0
26	1768	1.0
26	1769	1.0
26	1770	1.0
26	1771	1.0
26	1772	1.0
26	1773	1.0
26	1774	1.0
26	1775	1.0
26	1776	1.0
26	1777	1.0
26	1778	1.0
26	1779	1.0
26	1780	1.0
26	1781	1.0
26	1782	1.0
26	1783	1.0
26	1784	1.0
26	1785	1.0
26	1786	1.0
26	1787	1.0
26	1788	1.0
26	1789	1.0
26	1790	1.0
26	1791	1.0
26	1792	1.0
26	1793	1.0
26	1794	1.0
26	1795	1.0
26	1796	1.0
26	1797	1.0
26	1798	1.0
26	1799	1.0
26	1800	1.0
26	1801	1.0
26	1802	1.0
26	1803	1.0
26	1804	1.0
26	1805	1.0
26	1806	1.0
26	1807	1.0
26	1808	1.0
26	1809	1.0
26	1810	1.0
26	1811	1.0
26	1812	1.0
26	1813	1.0
26	1814	1.0
26	1815	1.0
26	1816	1.0
26	1817	1.0
26	1818	1.0
26	1819	1.0
26	1820	1.0
26	1821	1.0
26	1822	1.0
26	1823	1.0
26	1824	1.0
26	1825	1.0
26	1826	1.0
26	1827	1.0
26	1828	1.0
26	1829	1.0
26	1830	1.0
26	1831	1.0
26	1832	1.0
26	1833	1.0
26	1834	1.0
26	1835	1.0
26	1836	1.0
26	1837	1.0
26	1838	1.0
26	1839	1.0
26	1840	1.0
26	1841	1.0
26	1842	1.0
26	1843	1.0
26	1844	1.0
26	1845	1.0
26	1846	1.0
26	1847	1.0
26	1848	1.0
26	1849	1.0
26	1850	1.0
26	1851	1.0
26	1852	1.0
26	1853	1.0
26	1854	1.0
26	1855	1.0
26	1856	1.0
1856	1857	1.0
1856	1858	1.0
1856	1859	1.0
1856	1860	1.0
1856	1861	1.0
26	1862	1.0
26	1863	1.0
26	1864	1.0
26	1865	1.0
26	1866	1.0
26	1867	1.0
26	1868	1.0
26	1869	1.0
26	1870	1.0
26	1871	1.0
26	1872	1.0
26	1873	1.0
26	1874	1.0
26	1875	1.0
26	1876	1.0
26	1877	1.0
26	1878	1.0
26	1879	1.0
26	1880	1.0
26	1881	1.0
26	1882	1.0
26	1883	1.0
26	1884	1.0
26	1885	1.0
26	1886	1.0
26	1887	1.0
26	1888	1.0
26	1889	1.0
26	1890	1.0
26	1891	1.0
26	1892	1.0
26	1893	1.0
26	1894	1.0
26	1895	1.0
26	1896	1.0
26	1897	1.0
26	1898	1.0
26	1899	1.0
26	1900	1.0
26	1901	1.0
26	1902	1.0
26	1903	1.0
26	1904	1.0
26	1905	1.0
26	1906	1.0
26	1907	1.0
26	1908	1.0
26	1909	1.0
26	1910	1.0
26	1911	1.0
26	1912	1.0
26	1913	1.0
26	1914	1.0
26	1915	1.0
26	1916	1.0
26	1917	1.0
26	1918	1.0
26	1919	1.0
26	1920	1.0
26	1921	1.0
26	1922	1.0
26	1923	1.0
26	1924	1.0
26	1925	1.0
26	1926	1.0
26	1927	1.0
26	1928	1.0
26	1929	1.0
26	1930	1.0
26	1931	1.0
26	1932	1.0
26	1933	1.0
26	1934	1.0
26	1935	1.0
26	1936	1.0
26	1937	1.0
26	1938	1.0
26	1939	1.0
26	1940	1.0
26	1941	1.0
26	1942	1.0
26	1943	1.0
26	1944	1.0
26	1945	1.0
26	1946	1.0
26	1947	1.0
26	1948	1.0
26	1949	1.0
26	1950	1.0
26	1951	1.0
26	1952	1.0
26	1953	1.0
26	1954	1.0
26	1955	1.0
26	1956	1.0
9	1957	1.0
9	1958	1.0
9	1959	1.0
9	1960	1.0
9	1961	1.0
9	1962	1.0
9	1963	1.0
9	1964	1.0
8	1965	1.0
8	1966	1.0
8	1967	1.0
8	1968	1.0
8	1969	1.0
8	1970	1.0
8	1971	1.0
8	1972	1.0
8	1973	1.0
8	1974	1.0
8	1975	1.0
8	1976	1.0
7	1977	1.0
7	1978	1.0
7	1979	1.0
7	1980	1.0
7	1981	1.0
7	1982	1.0
7	1983	1.0
7	1984	1.0
7	1985	1.0
7	1986	1.0
7	1987	1.0
1987	1988	1.0
1987	1989	1.0
1987	1990	1.0
1987	1991	1.0
1987	1992	1.0
1987	1993	1.0
1987	1994	1.0
1987	1995	1.0
1987	1996	1.0
1987	1997	1.0
1987	1998	1.0
1987	1999	1.0
1987	2000	1.0
1987	2001	1.0
1987	2002	1.0
7	2003	1.0
7	2004	1.0
7	2005	1.0
7	2006	1.0
7	2007	1.0
7	2008	1.0
7	2009	1.0
7	2010	1.0
7	2011	1.0
7	2012	1.0
7	2013	1.0
6	2014	1.0
6	2015	1.0
6	2016	1.0
6	2017	1.0
6	2018	1.0
5	2019	1.0
5	2020	1.0
5	2021	1.0
5	2022	1.0
5	2023	1.0
5	2024	1.0
5	2025	1.0
5	2026	1.0
5	2027	1.0
5	2028	1.0
